bill_id,date,action
132957,1/20/2009,PREFILE RELEASED 1/9/09
132957,1/20/2009,READ THE FIRST TIME - REFERRALS
132957,1/20/2009,EDC FIN
132957,1/20/2009,REFERRED TO EDUCATION
132958,1/20/2009,PREFILE RELEASED 1/9/09
132958,1/20/2009,READ THE FIRST TIME - REFERRALS
132958,1/20/2009,HSS JUD
132958,3/13/2009,HSS RPT CS(HSS) 4DP 2NR
132958,3/13/2009,DP: LYNN SEATON COGHILL KELLER
132958,3/13/2009,NR: CISSNA HERRON
132958,3/13/2009,FN1: ZERO(DHS)
132958,3/16/2009,JUD RPT CS(HSS) 5DP
132958,3/16/2009,DP: LYNN COGHILL GATTO DAHLSTROM RAMRAS
132958,3/16/2009,FN1: ZERO(DHS)
132958,3/23/2009,RULES TO CALENDAR 3/23/2009
132958,3/23/2009,READ THE SECOND TIME
132958,3/23/2009,HSS CS ADOPTED UNAN CONSENT
132958,3/23/2009,ADVANCED TO THIRD READING UNAN CONSENT
132958,3/23/2009,READ THE THIRD TIME CSHB 2(HSS)
132958,3/23/2009,PASSED Y29 N1 E10
132958,3/23/2009,COSPONSOR(S): KELLER
132958,3/23/2009,TRANSMITTED TO (S)
132958,3/23/2009,VERSION: CSHB 2(HSS)
132958,3/25/2009,READ THE FIRST TIME - REFERRALS
132958,3/25/2009,HSS
132958,4/7/2009,HSS RPT 3DP 2NR
132958,4/7/2009,DP: DAVIS THOMAS DYSON
132958,4/7/2009,NR: ELLIS PASKVAN
132958,4/7/2009,FN1: ZERO(DHS)
132958,4/8/2009,RULES TO CALENDAR 4/8/2009
132958,4/8/2009,READ THE SECOND TIME
132958,4/8/2009,ADVANCED TO THIRD READING UNAN CONSENT
132958,4/8/2009,READ THE THIRD TIME CSHB 2(HSS)
132958,4/8/2009,PASSED Y18 N1 V1
132958,4/8/2009,RETURN TO (H) TRANSMIT TO GOV NEXT
132958,4/8/2009,VERSION: CSHB 2(HSS)
132958,4/10/2009,10:15 AM 4/10/09 TRANSMITTED TO GOVERNOR
132958,8/5/2009,SIGNED INTO LAW 5/1 CHAPTER 8 SLA 09
132958,8/5/2009,EFFECTIVE DATE(S) OF LAW 7/30/09
132959,1/20/2009,PREFILE RELEASED 1/9/09
132959,1/20/2009,READ THE FIRST TIME - REFERRALS
132959,1/20/2009,STA FIN
132959,2/6/2009,STA RPT 4DP 2DNP
132959,2/6/2009,DP: JOHNSON GATTO P.WILSON LYNN
132959,2/6/2009,DNP: PETERSEN GRUENBERG
132959,2/6/2009,FN1: (ADM)
132959,4/3/2009,FIN RPT CS(FIN) NT 4DP 3NR 1AM
132959,4/3/2009,DP: R.FOSTER KELLY HAWKER STOLTZE
132959,4/3/2009,NR: JOULE SALMON GARA
132959,4/3/2009,AM: CRAWFORD
132959,4/3/2009,FN1: (ADM)
132959,3/15/2010,RULES TO CALENDAR 3/15/2010
132959,3/15/2010,READ THE SECOND TIME
132959,3/15/2010,FN2: ZERO(ADM) (UPDATED FN FROM RLS)
132959,3/15/2010,RETURNED TO RLS COMMITTEE
132959,3/15/2010,COSPONSOR(S): MILLETT
132959,3/25/2010,RULES TO CALENDAR 3/25/2010
132959,3/25/2010,BEFORE THE HOUSE IN SECOND READING
132959,3/25/2010,FIN CS ADOPTED UNAN CONSENT
132959,3/25/2010,ADVANCED TO THIRD READING 3/26 CALENDAR
132959,3/26/2010,READ THE THIRD TIME CSHB 3(FIN)
132959,3/26/2010,HELD TO 3/29 CALENDAR
132959,3/29/2010,BEFORE THE HOUSE IN 3RD READING
132959,3/29/2010,RETURN TO SECOND FOR AM 1 UNAN CONSENT
132959,3/29/2010,AM NO 1 ADOPTED UNAN CONSENT
132959,3/29/2010,AUTOMATICALLY IN THIRD READING
132959,3/29/2010,BEFORE THE HOUSE
132959,3/29/2010,FAILED PASSAGE Y17 N23
132959,3/29/2010,LYNN NOTICE OF RECONSIDERATION
132959,3/30/2010,RECONSIDERATION NOT TAKEN UP
132959,3/30/2010,ENGROSSED
132960,1/20/2009,PREFILE RELEASED 1/9/09
132960,1/20/2009,READ THE FIRST TIME - REFERRALS
132960,1/20/2009,JUD FIN
132960,2/4/2009,JUD RPT 3DP 3NR
132960,2/4/2009,DP: LYNN GRUENBERG GATTO
132960,2/4/2009,NR: COGHILL HOLMES RAMRAS
132960,2/4/2009,FN1: INDETERMINATE(LAW)
132960,2/4/2009,REFERRED TO FINANCE
132961,1/20/2009,PREFILE RELEASED 1/9/09
132961,1/20/2009,READ THE FIRST TIME - REFERRALS
132961,1/20/2009,STA FIN
132961,1/20/2009,REFERRED TO STATE AFFAIRS
132962,1/20/2009,PREFILE RELEASED 1/9/09
132962,1/20/2009,READ THE FIRST TIME - REFERRALS
132962,1/20/2009,JUD FIN
132962,3/18/2009,COSPONSOR(S): DAHLSTROM
132962,3/25/2009,JUD RPT CS(JUD) NT 4DP 1NR 1AM
132962,3/25/2009,DP: LYNN GRUENBERG COGHILL GATTO
132962,3/25/2009,NR: RAMRAS
132962,3/25/2009,AM: HOLMES
132962,3/25/2009,FN1: ZERO(COR)
132962,3/25/2009,FN2: ZERO(LAW)
132962,4/11/2009,FIN REFERRAL WAIVED
132962,4/16/2009,RULES TO CALENDAR 4/16/2009
132962,4/16/2009,READ THE SECOND TIME
132962,4/16/2009,JUD CS ADOPTED UNAN CONSENT
132962,4/16/2009,ADVANCED TO THIRD READING 4/17 CALENDAR
132962,4/17/2009,READ THE THIRD TIME CSHB 6(JUD)
132962,4/17/2009,RETURN TO SECOND FOR AMS 1 & 2 UC
132962,4/17/2009,AM NO 1 FAILED Y20 N20
132962,4/17/2009,AM NO 2 ADOPTED UNAN CONSENT
132962,4/17/2009,AUTOMATICALLY IN THIRD READING
132962,4/17/2009,PASSED Y40
132962,4/17/2009,LYNN NOTICE OF RECONSIDERATION
132962,4/17/2009,RECON TAKEN UP SAME DAY UC
132962,4/17/2009,PASSED ON RECONSIDERATION Y40
132962,4/17/2009,COSPONSOR(S): TUCK
132962,4/17/2009,TRANSMITTED TO (S)
132962,4/17/2009,VERSION: CSHB 6(JUD) AM
132962,4/18/2009,READ THE FIRST TIME - REFERRALS
132962,4/18/2009,STA JUD
132962,1/27/2010,STA RPT 5DP
132962,1/27/2010,DP: MENARD FRENCH MEYER PASKVAN KOOKESH
132962,1/27/2010,FN3: ZERO(LAW)
132962,1/27/2010,FN4: ZERO(COR)
132962,3/10/2010,JUD RPT SCS 4DP 1NR NEW TITLE
132962,3/10/2010,DP: FRENCH WIELECHOWSKI EGAN MCGUIRE
132962,3/10/2010,NR: COGHILL
132962,3/10/2010,FN3: ZERO(LAW)
132962,3/10/2010,FN4: ZERO(COR)
132962,3/10/2010,TITLE CHANGE: SCR 15
132962,3/19/2010,COSPONSOR(S): GATTO
132962,4/17/2010,RULES TO CALENDAR 4/17/2010
132962,4/17/2010,READ THE SECOND TIME
132962,4/17/2010,JUD SCS ADOPTED UNAN CONSENT
132962,4/17/2010,ADVANCED TO THIRD READING UNAN CONSENT
132962,4/17/2010,READ THE THIRD TIME SCS CSHB 6(JUD)
132962,4/17/2010,PASSED Y18 N1 A1
132962,4/17/2010,CROSS SPONSOR(S): WIELECHOWSKI ELLIS
132962,4/17/2010,TRANSMITTED TO (H) AS AMENDED
132962,4/17/2010,VERSION: SCS CSHB 6(JUD)
132962,4/17/2010,HELD UNDER UNFINISHED BUSINESS
132962,4/17/2010,CONCUR AM OF (S) Y38 E1 A1
132962,7/9/2010,2:19 PM 6/7/10 TRANSMITTED TO GOVERNOR
132962,7/9/2010,SIGNED INTO LAW 6/15 CHAPTER 79 SLA 10
132962,7/9/2010,EFFECTIVE DATE(S) OF LAW 9/13/10
132963,1/20/2009,PREFILE RELEASED 1/9/09
132963,1/20/2009,READ THE FIRST TIME - REFERRALS
132963,1/20/2009,TRA FIN
132963,2/24/2010,TRA RPT CS(TRA) NT 5DP
132963,2/24/2010,DP: PETERSEN GRUENBERG JOHNSON MUNOZ P.WILSON
132963,2/24/2010,FN1: (DOT)
132963,3/31/2010,FIN RPT CS(TRA) NT 11DP
132963,3/31/2010,DP: THOMAS AUSTERMAN GARA DOOGAN JOULE N.FOSTER KELLY SALMON
132963,3/31/2010,FAIRCLOUGH STOLTZE HAWKER
132963,3/31/2010,FN1: (DOT)
132963,4/1/2010,RULES TO CALENDAR 4/1/2010
132963,4/1/2010,READ THE SECOND TIME
132963,4/1/2010,TRA CS ADOPTED UNAN CONSENT
132963,4/1/2010,ADVANCED TO THIRD READING UNAN CONSENT
132963,4/1/2010,READ THE THIRD TIME CSHB 7(TRA)
132963,4/1/2010,PASSED Y37 E2 A1
132963,4/1/2010,TRANSMITTED TO (S)
132963,4/1/2010,VERSION: CSHB 7(TRA)
132963,4/2/2010,READ THE FIRST TIME - REFERRALS
132963,4/2/2010,TRA FIN
132963,4/2/2010,REFERRED TO TRANSPORTATION
132964,1/20/2009,PREFILE RELEASED 1/9/09
132964,1/20/2009,READ THE FIRST TIME - REFERRALS
132964,1/20/2009,TRA L&C
132964,1/20/2009,REFERRED TO TRANSPORTATION
132964,1/25/2010,COSPONSOR(S): KERTTULA
132965,1/20/2009,PREFILE RELEASED 1/9/09
132965,1/20/2009,READ THE FIRST TIME - REFERRALS
132965,1/20/2009,JUD FIN
132965,4/10/2009,JUD RPT CS(JUD) NT 3DP 3DNP 1NR
132965,4/10/2009,DP: COGHILL GATTO RAMRAS
132965,4/10/2009,DNP: LYNN GRUENBERG HOLMES
132965,4/10/2009,NR: DAHLSTROM
132965,4/10/2009,FN1: INDETERMINATE(DHS)
132965,4/10/2009,FN2: (ADM)
132965,4/10/2009,FN3: (ADM)
132965,4/10/2009,FN4: (COR)
132965,4/10/2009,FN5: (CRT)
132965,4/10/2009,FN6: (CRT)
132965,4/10/2009,FN7: (LAW)
132965,4/10/2009,FN8: (DPS)
132965,4/10/2009,REFERRED TO FINANCE
132966,1/20/2009,PREFILE RELEASED 1/9/09
132966,1/20/2009,READ THE FIRST TIME - REFERRALS
132966,1/20/2009,CRA FIN
132966,1/21/2009,COSPONSOR(S): DAHLSTROM
132966,1/22/2009,COSPONSOR(S): LYNN
132966,1/26/2009,COSPONSOR(S): OLSON
132966,2/27/2009,CRA RPT CS(CRA) 2DP 4NR
132966,2/27/2009,DP: CISSNA HARRIS
132966,2/27/2009,NR: MILLETT KELLER HERRON MUNOZ
132966,2/27/2009,FN1: ZERO(CED)
132966,3/18/2009,FIN RPT CS(FIN) 3DP 3NR 2AM
132966,3/18/2009,DP: THOMAS GARA STOLTZE
132966,3/18/2009,NR: AUSTERMAN KELLY HAWKER
132966,3/18/2009,AM: CRAWFORD FAIRCLOUGH
132966,3/18/2009,FN1: ZERO(CED)
132966,3/25/2009,RULES TO CALENDAR 3/25/2009
132966,3/25/2009,READ THE SECOND TIME
132966,3/25/2009,FIN CS ADOPTED UNAN CONSENT
132966,3/25/2009,ADVANCED TO THIRD READING UNAN CONSENT
132966,3/25/2009,READ THE THIRD TIME CSHB 10(FIN)
132966,3/25/2009,PASSED Y31 N6 E3
132966,3/25/2009,EFFECTIVE DATE(S) SAME AS PASSAGE
132966,3/25/2009,JOHANSEN NOTICE OF RECONSIDERATION
132966,3/27/2009,RECONSIDERATION NOT TAKEN UP
132966,3/27/2009,TRANSMITTED TO (S)
132966,3/27/2009,VERSION: CSHB 10(FIN)
132966,3/30/2009,READ THE FIRST TIME - REFERRALS
132966,3/30/2009,CRA FIN
132966,4/3/2009,CROSS SPONSOR(S): MEYER
132966,4/8/2009,CRA RPT SCS 4DP NEW TITLE
132966,4/8/2009,TITLE CHANGE: SCR 5
132966,4/8/2009,DP: OLSON FRENCH KOOKESH MENARD
132966,4/8/2009,FN1: ZERO(CED)
132966,4/8/2009,COSPONSOR(S): GATTO
132966,4/8/2010,COSPONSOR(S): PETERSEN
132966,4/10/2010,FIN RPT SCS 5DP 2NR NEW TITLE
132966,4/10/2010,DP: HOFFMAN HUGGINS THOMAS EGAN ELLIS
132966,4/10/2010,NR: STEDMAN OLSON
132966,4/10/2010,FN2: ZERO(CED)
132966,4/11/2010,RULES TO CALENDAR 4/11/2010
132966,4/11/2010,READ THE SECOND TIME
132966,4/11/2010,FIN SCS ADOPTED UNAN CONSENT
132966,4/11/2010,AM NO 1 ADOPTED UNAN CONSENT
132966,4/11/2010,ADVANCED TO THIRD READING UNAN CONSENT
132966,4/11/2010,READ THE THIRD TIME SCS CSHB 10(FIN) AM S
132966,4/11/2010,CROSS SPONSOR(S): WIELECHOWSKI MENARD EGAN ELLIS OLSON KOOKESH
132966,4/11/2010,PASSED Y19 N- A1
132966,4/11/2010,EFFECTIVE DATE(S) SAME AS PASSAGE
132966,4/11/2010,TRANSMITTED TO (H) AS AMENDED
132966,4/11/2010,VERSION: SCS CSHB 10(FIN) AM S
132966,4/11/2010,HELD UNDER UNFINISHED BUSINESS
132966,4/12/2010,SENATE MESSAGE REQUESTING RETURN OF BILL
132966,4/14/2010,RETURNED TO SENATE PER REQUEST UC
132966,4/15/2010,RETURN REQUEST MESSAGE READ & TAKEN UP
132966,4/15/2010,RESCIND PASSING SCS CSHB 10(FIN) AM S UC
132966,4/15/2010,IN THIRD READING SCS CSHB 10(FIN) AM S
132966,4/15/2010,RETURN TO SECOND FOR AM NO 2 UC
132966,4/15/2010,AM NO 2 ADOPTED UNAN CONSENT
132966,4/15/2010,AUTOMATICALLY IN THIRD READING
132966,4/15/2010,CROSS SPONSOR(S): MCGUIRE DYSON
132966,4/15/2010,PASSED Y20 N-
132966,4/15/2010,EFFECTIVE DATE(S) SAME AS PASSAGE
132966,4/15/2010,TRANSMITTED TO (H) AS AMENDED
132966,4/15/2010,VERSION: SCS CSHB 10(FIN) AM S(REENGROSSED)
132966,4/15/2010,HELD UNDER UNFINISHED BUSINESS
132966,4/18/2010,TAKE UP CONCUR
132966,4/18/2010,CONCUR AM OF (S) Y39 A1
132966,4/18/2010,EFFECTIVE DATE(S) SAME AS PASSAGE
132966,4/18/2010,COSPONSOR(S): TUCK
132966,7/9/2010,3:54 PM 4/28/10 TRANSMITTED TO GOVERNOR
132966,7/9/2010,SIGNED INTO LAW 5/1 CHAPTER 10 SLA 10
132966,7/9/2010,EFFECTIVE DATE(S) OF LAW SEE CHAPTER
132967,1/20/2009,PREFILE RELEASED 1/9/09
132967,1/20/2009,READ THE FIRST TIME - REFERRALS
132967,1/20/2009,RES JUD
132967,1/20/2009,REFERRED TO RESOURCES
132968,1/20/2009,PREFILE RELEASED 1/9/09
132968,1/20/2009,READ THE FIRST TIME - REFERRALS
132968,1/20/2009,RES FIN
132968,1/20/2009,REFERRED TO RESOURCES
132968,3/5/2009,COSPONSOR(S): P.WILSON
132969,1/20/2009,PREFILE RELEASED 1/9/09
132969,1/20/2009,READ THE FIRST TIME - REFERRALS
132969,1/20/2009,JUD FIN
132969,2/18/2009,COSPONSOR(S): LYNN RAMRAS DAHLSTROM HOLMES
132969,2/27/2009,COSPONSOR REMOVED: DAHLSTROM
132969,3/2/2009,COSPONSOR REMOVED: LYNN
132969,4/2/2009,JUD RPT 2DP 1DNP 3NR
132969,4/2/2009,DP: COGHILL RAMRAS
132969,4/2/2009,DNP: LYNN
132969,4/2/2009,NR: GRUENBERG DAHLSTROM GATTO
132969,4/2/2009,FN1: ZERO(CRT)
132969,4/2/2009,FN2: ZERO(LAW)
132969,4/2/2009,FN3: INDETERMINATE(COR)
132969,4/2/2009,REFERRED TO FINANCE
132970,1/20/2009,PREFILE RELEASED 1/9/09
132970,1/20/2009,READ THE FIRST TIME - REFERRALS
132970,1/20/2009,STA
132970,2/27/2009,STA RPT CS(STA) 4DP 2NR 1AM
132970,2/27/2009,DP: SEATON GRUENBERG P.WILSON PETERSEN
132970,2/27/2009,NR: JOHNSON LYNN
132970,2/27/2009,AM: GATTO
132970,2/27/2009,FN1: ZERO(GOV/ALL DEPTS)
132970,3/9/2009,COSPONSOR(S): SEATON
132970,4/6/2009,RULES TO CALENDAR 4/6/2009
132970,4/6/2009,READ THE SECOND TIME
132970,4/6/2009,STA CS ADOPTED UNAN CONSENT
132970,4/6/2009,AM NO 1 FAILED Y15 N20 E3 A2
132970,4/6/2009,AM NO 2 FAILED Y15 N20 E3 A2
132970,4/6/2009,ADVANCED TO THIRD READING UNAN CONSENT
132970,4/6/2009,READ THE THIRD TIME CSHB 14(STA)
132970,4/6/2009,PASSED Y31 N6 E3
132970,4/6/2009,KELLY NOTICE OF RECONSIDERATION
132970,4/6/2009,COSPONSOR(S): TUCK
132970,4/7/2009,RECON TAKEN UP - IN THIRD READING
132970,4/7/2009,PASSED ON RECONSIDERATION Y32 N6 E1 A1
132970,4/7/2009,TRANSMITTED TO (S)
132970,4/7/2009,VERSION: CSHB 14(STA)
132970,4/8/2009,READ THE FIRST TIME - REFERRALS
132970,4/8/2009,STA RES
132970,4/14/2009,STA RPT 4NR
132970,4/14/2009,NR: MENARD FRENCH PASKVAN KOOKESH
132970,4/14/2009,FN1: ZERO(GOV/ALL DEPTS)
132970,4/19/2009,RES RPT 2DP 2NR
132970,4/19/2009,DP: MCGUIRE WIELECHOWSKI
132970,4/19/2009,NR: STEVENS FRENCH
132970,4/19/2009,FN1: ZERO(GOV/ALL DEPTS)
132970,4/18/2010,RULES TO CALENDAR 4/18/2010
132970,4/18/2010,FN2: ZERO(S.RLS)
132970,4/18/2010,READ THE SECOND TIME
132970,4/18/2010,ADVANCED TO THIRD READING UNAN CONSENT
132970,4/18/2010,READ THE THIRD TIME CSHB 14(STA)
132970,4/18/2010,PASSED Y13 N5 A2
132970,4/18/2010,RETURN TO (H) TRANSMIT TO GOV NEXT
132970,4/18/2010,VERSION: CSHB 14(STA)
132970,7/9/2010,2:27 PM 5/6/10 TRANSMITTED TO GOVERNOR
132970,7/9/2010,SIGNED INTO LAW 5/12 CHAPTER 17 SLA 10
132970,7/9/2010,EFFECTIVE DATE(S) OF LAW 8/10/10
132971,1/20/2009,PREFILE RELEASED 1/9/09
132971,1/20/2009,READ THE FIRST TIME - REFERRALS
132971,1/20/2009,JUD FIN
132971,3/23/2009,JUD RPT CS(JUD) 3DP 1DNP 3NR
132971,3/23/2009,DP: GRUENBERG GATTO RAMRAS
132971,3/23/2009,DNP: LYNN
132971,3/23/2009,NR: COGHILL DAHLSTROM HOLMES
132971,3/23/2009,FN1: ZERO(DPS)
132971,3/23/2009,REFERRED TO FINANCE
132972,1/20/2009,PREFILE RELEASED 1/9/09
132972,1/20/2009,READ THE FIRST TIME - REFERRALS
132972,1/20/2009,CRA FIN
132972,1/20/2009,REFERRED TO COMMUNITY & REGIONAL AFFAIRS
132972,1/30/2009,COSPONSOR(S): GARA
132973,1/20/2009,PREFILE RELEASED 1/9/09
132973,1/20/2009,READ THE FIRST TIME - REFERRALS
132973,1/20/2009,L&C FIN
132973,1/20/2009,REFERRED TO LABOR & COMMERCE
132974,1/20/2009,PREFILE RELEASED 1/9/09
132974,1/20/2009,READ THE FIRST TIME - REFERRALS
132974,1/20/2009,STA FIN
132974,1/20/2009,REFERRED TO STATE AFFAIRS
132974,2/2/2009,COSPONSOR(S): KERTTULA
132975,1/20/2009,PREFILE RELEASED 1/9/09
132975,1/20/2009,READ THE FIRST TIME - REFERRALS
132975,1/20/2009,CRA L&C
132975,3/13/2009,CRA RPT 1DP 3NR
132975,3/13/2009,DP: HERRON
132975,3/13/2009,NR: GARDNER KELLER MUNOZ
132975,3/13/2009,FN1: ZERO(GOV/ALL DEPTS)
132975,3/18/2009,L&C RPT CS(L&C) NT 1DP 6NR
132975,3/18/2009,DP: COGHILL
132975,3/18/2009,NR: LYNN BUCH NEUMAN HOLMES CHENAULT OLSON
132975,3/18/2009,FN1: ZERO(GOV/ALL DEPTS)
132975,3/23/2009,RULES TO CALENDAR 3/23/2009
132975,3/23/2009,READ THE SECOND TIME
132975,3/23/2009,L&C CS ADOPTED UNAN CONSENT
132975,3/23/2009,ADVANCED TO THIRD READING 3/25 CALENDAR
132975,3/25/2009,READ THE THIRD TIME CSHB 19(L&C)
132975,3/25/2009,PASSED Y22 N15 E3
132975,3/25/2009,EFFECTIVE DATE(S) ADOPTED Y35 N2 E3
132975,3/25/2009,CRAWFORD NOTICE OF RECONSIDERATION
132975,3/27/2009,RECONSIDERATION NOT TAKEN UP
132975,3/27/2009,TRANSMITTED TO (S)
132975,3/27/2009,VERSION: CSHB 19(L&C)
132975,3/30/2009,READ THE FIRST TIME - REFERRALS
132975,3/30/2009,STA CRA L&C
132975,4/16/2009,STA RPT 1DP 3NR
132975,4/16/2009,DP: MENARD
132975,4/16/2009,NR: FRENCH MEYER PASKVAN
132975,4/16/2009,FN1: ZERO(GOV/ALL DEPTS)
132975,4/16/2009,REFERRED TO COMMUNITY & REGIONAL AFFAIRS
132975,1/20/2010,FIN REFERRAL ADDED AFTER L&C
132975,1/21/2010,COSPONSOR REMOVED: MUNOZ
132976,1/20/2009,PREFILE RELEASED 1/9/09
132976,1/20/2009,READ THE FIRST TIME - REFERRALS
132976,1/20/2009,FSH FIN
132976,1/22/2009,COSPONSOR(S): AUSTERMAN
132976,1/30/2009,COSPONSOR(S): THOMAS P.WILSON MUNOZ
132976,2/4/2009,FSH RPT CS(FSH) NT 3DP 3NR 1AM
132976,2/4/2009,DP: EDGMON BUCH MUNOZ
132976,2/4/2009,NR: JOHNSON MILLETT KELLER
132976,2/4/2009,AM: KAWASAKI
132976,2/4/2009,FN1: (CED)
132976,2/16/2009,COSPONSOR(S): JOHANSEN
132976,4/1/2009,FIN RPT CS(FIN) NT 7DP 2NR
132976,4/1/2009,DP: THOMAS R.FOSTER CRAWFORD JOULE GARA AUSTERMAN FAIRCLOUGH
132976,4/1/2009,NR: SALMON STOLTZE
132976,4/1/2009,FN1: (CED)
132976,4/10/2009,RULES TO CALENDAR 4/10/2009
132976,4/10/2009,READ THE SECOND TIME
132976,4/10/2009,FIN CS ADOPTED UNAN CONSENT
132976,4/10/2009,ADVANCED TO THIRD READING UNAN CONSENT
132976,4/10/2009,READ THE THIRD TIME CSHB 20(FIN)
132976,4/10/2009,PASSED Y40
132976,4/10/2009,EFFECTIVE DATE(S) SAME AS PASSAGE
132976,4/10/2009,STOLTZE NOTICE OF RECONSIDERATION
132976,4/10/2009,RECON TAKEN UP SAME DAY UC
132976,4/10/2009,PASSED ON RECONSIDERATION Y40
132976,4/10/2009,EFFECTIVE DATE(S) SAME AS PASSAGE
132976,4/10/2009,COSPONSOR(S): KERTTULA SEATON GARA TUCK LYNN
132976,4/10/2009,TRANSMITTED TO (S)
132976,4/10/2009,VERSION: CSHB 20(FIN)
132976,4/11/2009,READ THE FIRST TIME - REFERRALS
132976,4/11/2009,RES FIN
132976,2/12/2010,RES RPT 2DP 2NR 2AM
132976,2/12/2010,DP: WIELECHOWSKI STEVENS
132976,2/12/2010,NR: FRENCH HUGGINS
132976,2/12/2010,AM: WAGONER STEDMAN
132976,2/12/2010,FN2: (CED)
132976,4/13/2010,FIN RPT SCS 6DP 1NR NEW TITLE
132976,4/13/2010,TITLE CHANGE: SCR 20
132976,4/13/2010,DP: HOFFMAN STEDMAN HUGGINS THOMAS EGAN ELLIS
132976,4/13/2010,NR: OLSON
132976,4/13/2010,FN2: (CED)
132976,4/13/2010,CROSS SPONSOR(S): HOFFMAN STEDMAN DYSON MENARD
132976,4/16/2010,RULES TO CALENDAR 4/16/2010
132976,4/16/2010,READ THE SECOND TIME
132976,4/16/2010,FIN SCS ADOPTED UNAN CONSENT
132976,4/16/2010,ADVANCED TO THIRD READING UNAN CONSENT
132976,4/16/2010,READ THE THIRD TIME SCS CSHB 20(FIN)
132976,4/16/2010,CROSS SPONSOR(S): WIELECHOWSKI FRENCH KOOKESH OLSON WAGONER MCGUIRE EGAN
132976,4/16/2010,MEYER HUGGINS STEVENS
132976,4/16/2010,PASSED Y19 N- E1
132976,4/16/2010,EFFECTIVE DATE(S) SAME AS PASSAGE
132976,4/16/2010,TRANSMITTED TO (H) AS AMENDED
132976,4/16/2010,VERSION: SCS CSHB 20(FIN)
132976,4/16/2010,HELD UNDER UNFINISHED BUSINESS
132976,4/16/2010,CONCUR AM OF (S) Y27 E1 A12
132976,4/16/2010,EFFECTIVE DATE(S) SAME AS PASSAGE
132976,8/27/2010,2:45 PM 8/12/10 TRANSMITTED TO GOVERNOR
132976,8/27/2010,SIGNED INTO LAW 8/19 CHAPTER 120 SLA 10
132976,8/27/2010,EFFECTIVE DATE(S) OF LAW 8/20/10
132977,1/20/2009,PREFILE RELEASED 1/9/09
132977,1/20/2009,READ THE FIRST TIME - REFERRALS
132977,1/20/2009,CRA FIN
132977,1/20/2009,REFERRED TO COMMUNITY & REGIONAL AFFAIRS
132978,1/20/2009,PREFILE RELEASED 1/9/09
132978,1/20/2009,READ THE FIRST TIME - REFERRALS
132978,1/20/2009,L&C FIN
132978,1/20/2009,REFERRED TO LABOR & COMMERCE
132979,1/20/2009,PREFILE RELEASED 1/9/09
132979,1/20/2009,READ THE FIRST TIME - REFERRALS
132979,1/20/2009,EDC FIN
132979,1/20/2009,REFERRED TO EDUCATION
132980,1/20/2009,PREFILE RELEASED 1/9/09
132980,1/20/2009,READ THE FIRST TIME - REFERRALS
132980,1/20/2009,MLV STA
132980,4/1/2009,MLV RPT CS(MLV) 2DP 2NR
132980,4/1/2009,DP: LYNN GATTO
132980,4/1/2009,NR: RAMRAS BUCH
132980,4/1/2009,FN(S) FORTHCOMING
132980,4/1/2009,COSPONSOR(S): RAMRAS
132980,4/2/2009,FN1: ZERO(ADM) RECEIVED
132980,4/3/2009,COSPONSOR(S): MILLETT
132980,4/10/2009,STA RPT CS(MLV) 5DP
132980,4/10/2009,DP: JOHNSON GATTO SEATON PETERSEN LYNN
132980,4/10/2009,FN1: ZERO(ADM)
132980,4/10/2009,COSPONSOR(S): TUCK
132980,4/16/2009,RULES TO CALENDAR 4/16/2009
132980,4/16/2009,READ THE SECOND TIME
132980,4/16/2009,MLV CS ADOPTED UNAN CONSENT
132980,4/16/2009,ADVANCED TO THIRD READING UNAN CONSENT
132980,4/16/2009,READ THE THIRD TIME CSHB 24(MLV)
132980,4/16/2009,PASSED Y38 E1 A1
132980,4/16/2009,COSPONSOR(S): JOHNSON OLSON
132980,4/16/2009,TRANSMITTED TO (S)
132980,4/16/2009,VERSION: CSHB 24(MLV)
132980,4/17/2009,READ THE FIRST TIME - REFERRALS
132980,4/17/2009,STA
132980,4/8/2010,STA RPT 5DP
132980,4/8/2010,DP: MENARD FRENCH MEYER PASKVAN KOOKESH
132980,4/8/2010,FN2: ZERO(ADM)
132980,4/16/2010,RULES TO CALENDAR 4/16/2010
132980,4/16/2010,READ THE SECOND TIME
132980,4/16/2010,ADVANCED TO THIRD READING UNAN CONSENT
132980,4/16/2010,READ THE THIRD TIME CSHB 24(MLV)
132980,4/16/2010,CROSS SPONSOR(S): WIELECHOWSKI EGAN MEYER MCGUIRE PASKVAN MENARD ELLIS
132980,4/16/2010,HUGGINS WAGONER FRENCH THOMAS STEVENS DYSON
132980,4/16/2010,PASSED Y17 N- E1 A2
132980,4/16/2010,RETURN TO (H) TRANSMIT TO GOV NEXT
132980,4/16/2010,VERSION: CSHB 24(MLV)
132980,7/9/2010,2:06 PM 5/27/10 TRANSMITTED TO GOVERNOR
132980,7/9/2010,SIGNED INTO LAW 6/4 CHAPTER 45 SLA 10
132980,7/9/2010,EFFECTIVE DATE(S) OF LAW 9/2/10
132981,1/20/2009,PREFILE RELEASED 1/9/09
132981,1/20/2009,READ THE FIRST TIME - REFERRALS
132981,1/20/2009,HSS FIN
132981,1/20/2009,REFERRED TO HEALTH & SOCIAL SERVICES
132982,1/20/2009,PREFILE RELEASED 1/9/09
132982,1/20/2009,READ THE FIRST TIME - REFERRALS
132982,1/20/2009,HSS FIN
132982,1/30/2009,COSPONSOR(S): GARA
132982,2/4/2009,COSPONSOR(S): KERTTULA
132982,3/5/2009,HSS RPT 3DP 2NR
132982,3/5/2009,DP: SEATON CISSNA COGHILL
132982,3/5/2009,NR: HERRON KELLER
132982,3/5/2009,FN1: (DHS)
132982,3/12/2009,FIN RPT 10DP 1NR
132982,3/12/2009,DP: THOMAS GARA CRAWFORD R.FOSTER SALMON JOULE AUSTERMAN FAIRCLOUGH
132982,3/12/2009,HAWKER STOLTZE
132982,3/12/2009,NR: KELLY
132982,3/12/2009,FN1: (DHS)
132982,3/27/2009,RULES TO CALENDAR 3/27/2009
132982,3/27/2009,READ THE SECOND TIME
132982,3/27/2009,ADVANCED TO THIRD READING UNAN CONSENT
132982,3/27/2009,READ THE THIRD TIME HB 26
132982,3/27/2009,PASSED Y37 E3
132982,3/27/2009,EFFECTIVE DATE(S) SAME AS PASSAGE
132982,3/27/2009,COSPONSOR(S): SEATON DAHLSTROM LYNN TUCK NEUMAN GARDNER
132982,3/27/2009,TRANSMITTED TO (S)
132982,3/27/2009,VERSION: HB 26
132982,3/30/2009,READ THE FIRST TIME - REFERRALS
132982,3/30/2009,FIN
132982,4/16/2009,FIN RPT 5DP 1NR
132982,4/16/2009,DP: HOFFMAN STEDMAN THOMAS OLSON ELLIS
132982,4/16/2009,NR: HUGGINS
132982,4/16/2009,FN1: (DHS)
132982,4/18/2009,RULES TO CALENDAR 4/18/2009
132982,4/18/2009,READ THE SECOND TIME
132982,4/18/2009,ADVANCED TO THIRD READING UNAN CONSENT
132982,4/18/2009,READ THE THIRD TIME HB 26
132982,4/18/2009,PASSED Y19 N- V1
132982,4/18/2009,EFFECTIVE DATE(S) SAME AS PASSAGE
132982,4/18/2009,RETURN TO (H) TRANSMIT TO GOV NEXT
132982,4/18/2009,VERSION: HB 26
132982,8/5/2009,1:20 PM 6/3/09 TRANSMITTED TO GOVERNOR
132982,8/5/2009,SIGNED INTO LAW 6/20 CHAPTER 35 SLA 09
132982,8/5/2009,EFFECTIVE DATE(S) OF LAW 6/21/09
132983,1/20/2009,PREFILE RELEASED 1/9/09
132983,1/20/2009,READ THE FIRST TIME - REFERRALS
132983,1/20/2009,STA FIN
132983,1/20/2009,REFERRED TO STATE AFFAIRS
132984,1/20/2009,PREFILE RELEASED 1/9/09
132984,1/20/2009,READ THE FIRST TIME - REFERRALS
132984,1/20/2009,L&C FIN
132984,1/20/2009,REFERRED TO LABOR & COMMERCE
132984,2/4/2009,COSPONSOR(S): KERTTULA
132985,1/20/2009,PREFILE RELEASED 1/9/09
132985,1/20/2009,READ THE FIRST TIME - REFERRALS
132985,1/20/2009,L&C FIN
132985,3/12/2009,L&C RPT CS(L&C) 3DP 1NR 2AM
132985,3/12/2009,DP: BUCH HOLMES OLSON
132985,3/12/2009,NR: LYNN
132985,3/12/2009,AM: COGHILL CHENAULT
132985,3/12/2009,FN1: ZERO(LWF)
132985,3/12/2009,REFERRED TO FINANCE
132986,1/20/2009,PREFILE RELEASED 1/9/09
132986,1/20/2009,READ THE FIRST TIME - REFERRALS
132986,1/20/2009,L&C STA FIN
132986,1/20/2009,REFERRED TO LABOR & COMMERCE
132986,1/22/2009,COSPONSOR(S): DAHLSTROM
132986,1/28/2009,COSPONSOR(S): KERTTULA HERRON
132986,2/9/2009,COSPONSOR(S): TUCK
132986,2/13/2009,COSPONSOR(S): EDGMON GRUENBERG
132986,4/3/2009,COSPONSOR(S): BUCH GARDNER
132986,4/8/2009,COSPONSOR(S): CRAWFORD
132986,4/10/2009,COSPONSOR(S): PETERSEN
132986,4/17/2009,COSPONSOR(S): HOLMES
132987,1/20/2009,PREFILE RELEASED 1/9/09
132987,1/20/2009,READ THE FIRST TIME - REFERRALS
132987,1/20/2009,ENE L&C
132987,1/20/2009,REFERRED TO ENERGY
132987,2/24/2010,COSPONSOR(S): RAMRAS
132988,1/20/2009,PREFILE RELEASED 1/9/09
132988,1/20/2009,READ THE FIRST TIME - REFERRALS
132988,1/20/2009,STA FIN
132988,1/20/2009,REFERRED TO STATE AFFAIRS
132989,1/20/2009,PREFILE RELEASED 1/9/09
132989,1/20/2009,READ THE FIRST TIME - REFERRALS
132989,1/20/2009,EDC FIN
132989,1/20/2009,REFERRED TO EDUCATION
132989,2/20/2009,COSPONSOR(S): RAMRAS TUCK R.FOSTER
132990,1/20/2009,PREFILE RELEASED 1/9/09
132990,1/20/2009,READ THE FIRST TIME - REFERRALS
132990,1/20/2009,HSS JUD
132990,1/20/2009,REFERRED TO HEALTH & SOCIAL SERVICES
132991,1/20/2009,PREFILE RELEASED 1/9/09
132991,1/20/2009,READ THE FIRST TIME - REFERRALS
132991,1/20/2009,JUD FIN
132991,2/27/2009,COSPONSOR(S): MILLETT KELLY HARRIS LYNN P.WILSON RAMRAS GATTO
132991,3/12/2009,COSPONSOR(S): JOHANSEN
132991,3/16/2009,JUD RPT 5DP 2DNP
132991,3/16/2009,DP: LYNN COGHILL GATTO DAHLSTROM RAMRAS
132991,3/16/2009,DNP: GRUENBERG HOLMES
132991,3/16/2009,FN1: ZERO(LAW)
132991,3/16/2009,FN2: INDETERMINATE(DHS)
132991,3/30/2009,FIN RPT CS(FIN) 3DP 4NR 4AM
132991,3/30/2009,DP: R.FOSTER KELLY STOLTZE
132991,3/30/2009,NR: THOMAS JOULE AUSTERMAN HAWKER
132991,3/30/2009,AM: GARA SALMON CRAWFORD FAIRCLOUGH
132991,3/30/2009,FN1: ZERO(LAW)
132991,3/30/2009,FN2: INDETERMINATE(DHS)
132991,4/1/2009,RULES TO CALENDAR 4/1/2009
132991,4/1/2009,READ THE SECOND TIME
132991,4/1/2009,FIN CS ADOPTED UNAN CONSENT
132991,4/1/2009,ADVANCED TO THIRD READING 4/2 CALENDAR
132991,4/1/2009,COSPONSOR(S): JOHNSON
132991,4/2/2009,READ THE THIRD TIME CSHB 35(FIN)
132991,4/2/2009,PASSED Y22 N14 E4
132991,4/2/2009,COURT RULE(S) FAILED Y22 N14 E4
132991,4/2/2009,EFFECTIVE DATE(S) FAILED Y23 N13 E4
132991,4/2/2009,TRANSMITTED TO (S)
132991,4/2/2009,VERSION: CSHB 35(FIN)(CT RULE FLD)(EFD FLD)
132991,4/3/2009,READ THE FIRST TIME - REFERRALS
132991,4/3/2009,HSS JUD FIN
132991,4/3/2009,REFERRED TO HEALTH & SOCIAL SERVICES
132991,4/6/2009,CROSS SPONSOR(S): THERRIAULT DYSON
132991,4/13/2009,CROSS SPONSOR(S): OLSON MEYER HUGGINS STEVENS WAGONER MENARD
132992,1/20/2009,PREFILE RELEASED 1/9/09
132992,1/20/2009,READ THE FIRST TIME - REFERRALS
132992,1/20/2009,STA JUD
132992,3/25/2009,SPONSOR SUBSTITUTE INTRODUCED
132992,3/25/2009,READ THE FIRST TIME - REFERRALS
132992,3/25/2009,JUD FIN
132992,4/16/2009,JUD RPT CS(JUD) 1DP 3DNP 1NR 1AM
132992,4/16/2009,DP: COGHILL
132992,4/16/2009,DNP: HOLMES GRUENBERG RAMRAS
132992,4/16/2009,NR: DAHLSTROM
132992,4/16/2009,AM: LYNN
132992,4/16/2009,FN1: ZERO(GOV)
132992,4/18/2009,COSPONSOR(S): KELLY
132992,3/19/2010,FIN RPT CS(FIN) NT 6DP 4AM
132992,3/19/2010,DP: THOMAS AUSTERMAN KELLY FAIRCLOUGH STOLTZE HAWKER
132992,3/19/2010,AM: GARA DOOGAN JOULE N.FOSTER
132992,3/19/2010,FN2: ZERO(GOV)
132992,3/19/2010,FN3: ZERO(GOV)
132992,3/19/2010,FN4: (ADM)
132992,4/9/2010,RULES TO CALENDAR 4/9/2010
132992,4/9/2010,READ THE SECOND TIME
132992,4/9/2010,FIN CS ADOPTED UNAN CONSENT
132992,4/9/2010,ADVANCED TO THIRD READING 4/10 CALENDAR
132992,4/9/2010,COSPONSOR(S): NEUMAN
132992,4/10/2010,READ THE THIRD TIME CSSSHB 36(FIN)
132992,4/10/2010,RETURN TO SECOND FOR AM 1 UNAN CONSENT
132992,4/10/2010,AM NO 1 ADOPTED Y22 N17 A1
132992,4/10/2010,AUTOMATICALLY IN THIRD READING
132992,4/10/2010,PASSED Y30 N9 A1
132992,4/10/2010,GRUENBERG NOTICE OF RECONSIDERATION
132992,4/10/2010,COSPONSOR(S): KELLER MUNOZ
132992,4/11/2010,RECON TAKEN UP - IN THIRD READING
132992,4/11/2010,PASSED ON RECONSIDERATION Y35 N5
132992,4/11/2010,TRANSMITTED TO (S)
132992,4/11/2010,VERSION: CSSSHB 36(FIN) AM
132992,4/12/2010,READ THE FIRST TIME - REFERRALS
132992,4/12/2010,JUD FIN
132992,4/18/2010,JUD RPT SCS 1DP 3NR SAME TITLE
132992,4/18/2010,DP: COGHILL
132992,4/18/2010,NR: FRENCH WIELECHOWSKI EGAN
132992,4/18/2010,FN2: ZERO(GOV)
132992,4/18/2010,FN3: ZERO(GOV)
132992,4/18/2010,FN5: (ADM)
132992,4/18/2010,RULES TO CALENDAR 4/18/2010
132992,4/18/2010,MOVED TO BOTTOM OF CALENDAR
132992,4/18/2010,FIN RPT SCS(JUD) 3DP 1DNP 3NR
132992,4/18/2010,DP: HOFFMAN HUGGINS EGAN
132992,4/18/2010,DNP: ELLIS
132992,4/18/2010,NR: STEDMAN THOMAS OLSON
132992,4/18/2010,FN2: ZERO(GOV)
132992,4/18/2010,FN3: ZERO(GOV)
132992,4/18/2010,FN5: (ADM)
132992,4/18/2010,READ THE SECOND TIME
132992,4/18/2010,JUD SCS ADOPTED UNAN CONSENT
132992,4/18/2010,ADVANCED TO THIRD READING UNAN CONSENT
132992,4/18/2010,READ THE THIRD TIME SCS CSSSHB 36(JUD)
132992,4/18/2010,PASSED Y19 N1
132992,4/18/2010,TRANSMITTED TO (H) AS AMENDED
132992,4/18/2010,VERSION: SCS CSSSHB 36(JUD)
132992,4/18/2010,CONCUR MESSAGE
132992,4/18/2010,CONCUR AM OF (S) Y36 A4
132992,7/9/2010,MANIFEST ERROR(S)
132992,7/9/2010,2:19 PM 6/7/10 TRANSMITTED TO GOVERNOR
132992,7/9/2010,SIGNED INTO LAW 6/11 CHAPTER 73 SLA 10
132992,7/9/2010,EFFECTIVE DATE(S) OF LAW 9/9/10
132993,1/20/2009,PREFILE RELEASED 1/9/09
132993,1/20/2009,READ THE FIRST TIME - REFERRALS
132993,1/20/2009,L&C JUD
132993,1/20/2009,REFERRED TO LABOR & COMMERCE
132994,1/20/2009,PREFILE RELEASED 1/9/09
132994,1/20/2009,READ THE FIRST TIME - REFERRALS
132994,1/20/2009,CRA FIN
132994,2/4/2009,SPONSOR SUBSTITUTE INTRODUCED
132994,2/4/2009,READ THE FIRST TIME - REFERRALS
132994,2/4/2009,CRA FIN
132994,2/4/2009,REFERRED TO COMMUNITY & REGIONAL AFFAIRS
132995,1/20/2009,PREFILE RELEASED 1/9/09
132995,1/20/2009,READ THE FIRST TIME - REFERRALS
132995,1/20/2009,STA JUD
132995,1/20/2009,REFERRED TO STATE AFFAIRS
132995,1/21/2009,JT PRIME SPONSOR ADDED: GARDNER
132996,1/20/2009,PREFILE RELEASED 1/9/09
132996,1/20/2009,READ THE FIRST TIME - REFERRALS
132996,1/20/2009,RES FIN
132996,1/20/2009,REFERRED TO RESOURCES
132996,1/26/2009,JT PRIME SPONSOR REMOVED: TUCK
132997,1/20/2009,PREFILE RELEASED 1/9/09
132997,1/20/2009,READ THE FIRST TIME - REFERRALS
132997,1/20/2009,FSH RES
132997,2/6/2009,FSH RPT 2DP 3NR
132997,2/6/2009,DP: MUNOZ EDGMON
132997,2/6/2009,NR: JOHNSON MILLETT BUCH
132997,2/6/2009,FN1: ZERO(DFG)
132997,2/6/2009,REFERRED TO RESOURCES
132998,1/20/2009,PREFILE RELEASED 1/9/09
132998,1/20/2009,READ THE FIRST TIME - REFERRALS
132998,1/20/2009,STA FIN
132998,1/20/2009,REFERRED TO STATE AFFAIRS
132999,1/20/2009,PREFILE RELEASED 1/9/09
132999,1/20/2009,READ THE FIRST TIME - REFERRALS
132999,1/20/2009,FSH RES
132999,2/27/2009,FSH RPT 6NR 1AM
132999,2/27/2009,NR: MILLETT JOHNSON KELLER BUCH MUNOZ EDGMON
132999,2/27/2009,AM: KAWASAKI
132999,2/27/2009,FN1: ZERO(DFG)
132999,3/25/2009,RES RPT 3DP 1DNP 2NR 1AM
132999,3/25/2009,DP: TUCK SEATON JOHNSON
132999,3/25/2009,DNP: KAWASAKI
132999,3/25/2009,NR: OLSON P.WILSON
132999,3/25/2009,AM: GUTTENBERG
132999,3/25/2009,FN1: ZERO(DFG)
132999,4/6/2009,RULES TO CALENDAR 4/6/2009
132999,4/6/2009,READ THE SECOND TIME
132999,4/6/2009,AM NO 1 FAILED Y9 N28 E3
132999,4/6/2009,ADVANCED TO THIRD READING 4/7 CALENDAR
132999,4/7/2009,READ THE THIRD TIME HB 43
132999,4/7/2009,PASSED Y31 N5 E1 A3
132999,4/7/2009,TRANSMITTED TO (S)
132999,4/7/2009,VERSION: HB 43
132999,4/8/2009,READ THE FIRST TIME - REFERRALS
132999,4/8/2009,RES
132999,4/8/2009,REFERRED TO RESOURCES
133000,1/20/2009,PREFILE RELEASED 1/9/09
133000,1/20/2009,READ THE FIRST TIME - REFERRALS
133000,1/20/2009,ENE FIN
133000,2/18/2009,ENE RPT CS(ENE) 2DP 1DNP 4NR
133000,2/18/2009,DP: TUCK JOHANSEN
133000,2/18/2009,DNP: RAMRAS
133000,2/18/2009,NR: DAHLSTROM PETERSEN MILLETT EDGMON
133000,2/18/2009,FN1: ZERO(REV)
133000,2/27/2009,COSPONSOR(S): MUNOZ
133000,4/10/2009,COSPONSOR(S): JOHNSON
133000,4/11/2009,FIN RPT CS(FIN) 3DP 6NR
133000,4/11/2009,DP: GARA CRAWFORD AUSTERMAN
133000,4/11/2009,NR: THOMAS FAIRCLOUGH SALMON JOULE HAWKER STOLTZE
133000,4/11/2009,FN1: ZERO(REV)
133000,4/11/2009,FN2: ZERO(REV)
133000,4/11/2009,FN3: ZERO(REV)
133000,4/11/2009,COSPONSOR(S): GARA
133000,4/13/2009,RULES TO CALENDAR 4/13/2009
133000,4/13/2009,READ THE SECOND TIME
133000,4/13/2009,FIN CS ADOPTED UNAN CONSENT
133000,4/13/2009,ADVANCED TO THIRD READING 4/14 CALENDAR
133000,4/13/2009,COSPONSOR(S): NEUMAN MILLETT
133000,4/14/2009,READ THE THIRD TIME CSHB 44(FIN)
133000,4/14/2009,RETURN TO SECOND FOR AM 1 UNAN CONSENT
133000,4/14/2009,AM NO 1 OFFERED AND WITHDRAWN
133000,4/14/2009,RETURN TO SECOND FOR AM 2 & ALL AMS UC
133000,4/14/2009,AM NO 2 ADOPTED Y29 N8 E3
133000,4/14/2009,...CHANGES TITLE OF LEGISLATION
133000,4/14/2009,AM NO 3 ADOPTED Y22 N15 E3
133000,4/14/2009,...CHANGES TITLE OF LEGISLATION
133000,4/14/2009,AM NO 4 OFFERED
133000,4/14/2009,RETURNED TO RLS COMMITTEE
133000,4/15/2009,RULES TO CALENDAR 4/15/2009
133000,4/15/2009,IN 2ND READING W/AM 4 PENDING
133000,4/15/2009,AM NO 4 FAILED Y14 N25 E1
133000,4/15/2009,AM NO 5 OFFERED
133000,4/15/2009,AM 1 TO AM 5 ADOPTED UNANIMOUS CONSENT
133000,4/15/2009,AM 2 TO AM 5 AS AM ADOPTED UC
133000,4/15/2009,AM 3 TO AM 5 AS AM ADOPTED Y33 N4 E1 A2
133000,4/15/2009,AM NO 5 AS AM ADOPTED Y34 N3 E1 A2
133000,4/15/2009,AUTOMATICALLY IN THIRD READING
133000,4/15/2009,PASSED Y34 N5 E1
133000,4/15/2009,CISSNA NOTICE OF RECONSIDERATION
133000,4/15/2009,RECON TAKEN UP SAME DAY UC
133000,4/15/2009,PASSED ON RECONSIDERATION Y35 N3 E1 A1
133000,4/15/2009,TRANSMITTED TO (S)
133000,4/15/2009,VERSION: CSHB 44(FIN) AM
133000,4/16/2009,READ THE FIRST TIME - REFERRALS
133000,4/16/2009,RES FIN
133000,4/16/2009,REFERRED TO RESOURCES
133001,1/20/2009,PREFILE RELEASED 1/9/09
133001,1/20/2009,READ THE FIRST TIME - REFERRALS
133001,1/20/2009,STA FIN
133001,2/25/2009,SPONSOR SUBSTITUTE INTRODUCED
133001,2/25/2009,READ THE FIRST TIME - REFERRALS
133001,2/25/2009,EDT L&C STA FIN
133001,2/25/2009,REFERRED TO ECON. DEV. TRADE & TOURISM
133001,2/25/2009,EDT L&C REFERRALS REMOVED
133001,2/25/2009,REFERRED TO STATE AFFAIRS
133002,1/20/2009,PREFILE RELEASED 1/9/09
133002,1/20/2009,READ THE FIRST TIME - REFERRALS
133002,1/20/2009,FSH RES
133002,1/20/2009,REFERRED TO FISHERIES
133003,1/20/2009,PREFILE RELEASED 1/9/09
133003,1/20/2009,READ THE FIRST TIME - REFERRALS
133003,1/20/2009,STA JUD
133003,1/20/2009,REFERRED TO STATE AFFAIRS
133004,1/20/2009,PREFILE RELEASED 1/9/09
133004,1/20/2009,READ THE FIRST TIME - REFERRALS
133004,1/20/2009,CRA STA FIN
133004,1/20/2009,REFERRED TO COMMUNITY & REGIONAL AFFAIRS
133005,1/20/2009,PREFILE RELEASED 1/9/09
133005,1/20/2009,READ THE FIRST TIME - REFERRALS
133005,1/20/2009,JUD
133005,2/11/2009,JUD RPT CS(JUD) 6DP
133005,2/11/2009,DP: LYNN GRUENBERG COGHILL DAHLSTROM GATTO RAMRAS
133005,2/11/2009,FN1: ZERO(DOT)
133005,2/27/2009,RULES TO CALENDAR 2/27/2009
133005,2/27/2009,READ THE SECOND TIME
133005,2/27/2009,JUD CS ADOPTED UNAN CONSENT
133005,2/27/2009,ADVANCED TO THIRD READING 3/2 CALENDAR
133005,2/27/2009,COSPONSOR(S): HAWKER
133005,3/2/2009,READ THE THIRD TIME CSHB 49(JUD)
133005,3/2/2009,RETURN TO SECOND FOR AM 1 UNAN CONSENT
133005,3/2/2009,AM NO 1 ADOPTED UNAN CONSENT
133005,3/2/2009,AUTOMATICALLY IN THIRD READING
133005,3/2/2009,PASSED Y37 E2 A1
133005,3/2/2009,COSPONSOR(S): LYNN TUCK
133005,3/2/2009,TRANSMITTED TO (S)
133005,3/2/2009,VERSION: CSHB 49(JUD) AM
133005,3/9/2009,READ THE FIRST TIME - REFERRALS
133005,3/9/2009,JUD
133005,4/16/2009,JUD RPT 1DP 2NR
133005,4/16/2009,DP: MCGUIRE
133005,4/16/2009,NR: FRENCH WIELECHOWSKI
133005,4/16/2009,FN1: ZERO(DOT)
133005,4/17/2009,RULES TO CALENDAR 4/17/2009
133005,4/17/2009,READ THE SECOND TIME
133005,4/17/2009,ADVANCED TO THIRD READING UNAN CONSENT
133005,4/17/2009,READ THE THIRD TIME CSHB 49(JUD) AM
133005,4/17/2009,PASSED Y18 N- A1 V1
133005,4/17/2009,RETURN TO (H) TRANSMIT TO GOV NEXT
133005,4/17/2009,VERSION: CSHB 49(JUD) AM
133005,8/5/2009,1:10 PM 6/19/09 TRANSMITTED TO GOVERNOR
133005,8/5/2009,SIGNED INTO LAW 7/9 CHAPTER 51 SLA 09
133005,8/5/2009,EFFECTIVE DATE(S) OF LAW 10/7/09
133006,1/20/2009,PREFILE RELEASED 1/9/09
133006,1/20/2009,READ THE FIRST TIME - REFERRALS
133006,1/20/2009,HSS FIN
133006,1/28/2009,COSPONSOR(S): R.FOSTER
133006,2/2/2009,COSPONSOR(S): KERTTULA
133006,4/15/2009,HSS RPT CS(HSS) 3DP 3NR 1AM
133006,4/15/2009,DP: HOLMES SEATON LYNN
133006,4/15/2009,NR: COGHILL KELLER HERRON
133006,4/15/2009,AM: CISSNA
133006,4/15/2009,FN1: ZERO(DHS)
133006,4/15/2009,FN2: ZERO(DHS)
133006,4/15/2009,FN3: (LWF)
133006,2/10/2010,COSPONSOR(S): GRUENBERG
133006,2/17/2010,COSPONSOR(S): CRAWFORD
133006,3/4/2010,COSPONSOR(S): STOLTZE
133006,3/12/2010,COSPONSOR(S): T.WILSON
133006,3/24/2010,FIN RPT CS(FIN) 5DP 1DNP 3NR 1AM
133006,3/24/2010,DP: GARA DOOGAN N.FOSTER FAIRCLOUGH STOLTZE
133006,3/24/2010,DNP: KELLY
133006,3/24/2010,NR: JOULE AUSTERMAN HAWKER
133006,3/24/2010,AM: THOMAS
133006,3/24/2010,FN4: ZERO(DHS)
133006,3/24/2010,FN5: ZERO(DHS)
133006,3/24/2010,FN6: ZERO(DHS)
133006,3/24/2010,FN7: INDETERMINATE(H.FIN/LWF)
133006,3/25/2010,RULES TO CALENDAR 3/25/2010
133006,3/25/2010,READ THE SECOND TIME
133006,3/25/2010,FIN CS ADOPTED UNAN CONSENT
133006,3/25/2010,ADVANCED TO THIRD READING UNAN CONSENT
133006,3/25/2010,READ THE THIRD TIME CSHB 50(FIN)
133006,3/25/2010,PASSED Y34 N4 E2
133006,3/25/2010,EFFECTIVE DATE(S) SAME AS PASSAGE
133006,3/25/2010,P.WILSON NOTICE OF RECONSIDERATION
133006,3/25/2010,RECON TAKEN UP SAME DAY UC
133006,3/25/2010,PASSED ON RECONSIDERATION Y30 N3 E5 A2
133006,3/25/2010,EFFECTIVE DATE(S) SAME AS PASSAGE
133006,3/25/2010,COSPONSOR(S): N.FOSTER HOLMES KAWASAKI GUTTENBERG
133006,3/25/2010,TRANSMITTED TO (S)
133006,3/25/2010,VERSION: CSHB 50(FIN)
133006,3/26/2010,READ THE FIRST TIME - REFERRALS
133006,3/26/2010,FIN
133006,4/16/2010,CROSS SPONSOR(S): THOMAS
133006,4/17/2010,CROSS SPONSOR(S): ELLIS DAVIS KOOKESH FRENCH WAGONER PASKVAN WIELECHOWSKI
133006,4/17/2010,EGAN
133006,4/18/2010,RULES TO CALENDAR 4/18/2010
133006,4/18/2010,MOVED TO BOTTOM OF CALENDAR
133006,4/18/2010,FIN RPT 5DP 2NR
133006,4/18/2010,DP: HOFFMAN THOMAS EGAN OLSON ELLIS
133006,4/18/2010,NR: STEDMAN HUGGINS
133006,4/18/2010,FN4: ZERO(DHS)
133006,4/18/2010,FN5: ZERO(DHS)
133006,4/18/2010,FN6: ZERO(DHS)
133006,4/18/2010,FN7: INDETERMINATE(H.FIN/LWF)
133006,4/18/2010,READ THE SECOND TIME
133006,4/18/2010,ADVANCED TO THIRD READING UNAN CONSENT
133006,4/18/2010,READ THE THIRD TIME CSHB 50(FIN)
133006,4/18/2010,PASSED Y20 N-
133006,4/18/2010,EFFECTIVE DATE(S) SAME AS PASSAGE
133006,4/18/2010,RETURN TO (H) TRANSMIT TO GOV NEXT
133006,4/18/2010,VERSION: CSHB 50(FIN)
133006,7/9/2010,2:35 PM 6/14/10 TRANSMITTED TO GOVERNOR
133006,7/9/2010,LAW W/O GOV SIGNATURE 7/7 CH. 118 SLA 10
133006,7/9/2010,EFFECTIVE DATE(S) OF LAW SEE CHAPTER
133007,1/20/2009,PREFILE RELEASED 1/9/09
133007,1/20/2009,READ THE FIRST TIME - REFERRALS
133007,1/20/2009,HSS FIN
133007,1/20/2009,REFERRED TO HEALTH & SOCIAL SERVICES
133008,1/20/2009,PREFILE RELEASED 1/9/09
133008,1/20/2009,READ THE FIRST TIME - REFERRALS
133008,1/20/2009,JUD FIN
133008,2/26/2010,COSPONSOR(S): DAHLSTROM
133008,3/1/2010,JUD RPT 5DP
133008,3/1/2010,DP: LYNN GRUENBERG HERRON DAHLSTROM RAMRAS
133008,3/1/2010,FN1: (CRT)
133008,3/29/2010,FIN RPT 10DP 1NR
133008,3/29/2010,DP: THOMAS GARA DOOGAN JOULE AUSTERMAN SALMON N.FOSTER FAIRCLOUGH
133008,3/29/2010,STOLTZE HAWKER
133008,3/29/2010,NR: KELLY
133008,3/29/2010,FN1: (CRT)
133008,3/29/2010,COSPONSOR(S): FAIRCLOUGH HAWKER
133008,3/31/2010,RULES TO CALENDAR 3/31/2010
133008,3/31/2010,READ THE SECOND TIME
133008,3/31/2010,ADVANCED TO THIRD READING UNAN CONSENT
133008,3/31/2010,READ THE THIRD TIME HB 52
133008,3/31/2010,PASSED Y37 E3
133008,3/31/2010,COSPONSOR(S): TUCK
133008,3/31/2010,TRANSMITTED TO (S)
133008,3/31/2010,VERSION: HB 52
133008,4/1/2010,READ THE FIRST TIME - REFERRALS
133008,4/1/2010,JUD FIN
133008,4/9/2010,JUD RPT 2DP 1NR
133008,4/9/2010,DP: FRENCH COGHILL
133008,4/9/2010,NR: WIELECHOWSKI
133008,4/9/2010,FN1: (CRT)
133008,4/13/2010,FIN RPT 4DP 3NR
133008,4/13/2010,DP: HOFFMAN THOMAS EGAN ELLIS
133008,4/13/2010,NR: STEDMAN HUGGINS OLSON
133008,4/13/2010,FN1: (CRT)
133008,4/18/2010,RULES TO 1ST SUP CALENDAR 4/18/10
133008,4/18/2010,READ THE SECOND TIME
133008,4/18/2010,ADVANCED TO THIRD READING UNAN CONSENT
133008,4/18/2010,READ THE THIRD TIME HB 52
133008,4/18/2010,PASSED Y17 N3
133008,4/18/2010,RETURN TO (H) TRANSMIT TO GOV NEXT
133008,4/18/2010,VERSION: HB 52
133008,7/9/2010,2:35 PM 6/14/10 TRANSMITTED TO GOVERNOR
133008,7/9/2010,SIGNED INTO LAW 6/28 CHAPTER 111 SLA 10
133008,7/9/2010,EFFECTIVE DATE(S) OF LAW 9/26/10
133009,1/20/2009,PREFILE RELEASED 1/9/09
133009,1/20/2009,READ THE FIRST TIME - REFERRALS
133009,1/20/2009,STA JUD
133009,1/20/2009,REFERRED TO STATE AFFAIRS
133010,1/20/2009,PREFILE RELEASED 1/9/09
133010,1/20/2009,READ THE FIRST TIME - REFERRALS
133010,1/20/2009,L&C STA FIN
133010,1/20/2009,REFERRED TO LABOR & COMMERCE
133010,1/22/2009,COSPONSOR(S): DAHLSTROM
133010,4/3/2009,COSPONSOR(S): GARDNER
133011,1/20/2009,PREFILE RELEASED 1/9/09
133011,1/20/2009,READ THE FIRST TIME - REFERRALS
133011,1/20/2009,EDC FIN
133011,1/20/2009,REFERRED TO EDUCATION
133012,1/20/2009,PREFILE RELEASED 1/9/09
133012,1/20/2009,READ THE FIRST TIME - REFERRALS
133012,1/20/2009,EDC FIN
133012,1/20/2009,REFERRED TO EDUCATION
133013,1/20/2009,PREFILE RELEASED 1/9/09
133013,1/20/2009,READ THE FIRST TIME - REFERRALS
133013,1/20/2009,STA FIN
133013,1/20/2009,REFERRED TO STATE AFFAIRS
133014,1/20/2009,PREFILE RELEASED 1/9/09
133014,1/20/2009,READ THE FIRST TIME - REFERRALS
133014,1/20/2009,EDC FIN
133014,1/21/2009,COSPONSOR(S): RAMRAS
133014,1/30/2009,COSPONSOR(S): KERTTULA
133014,2/9/2009,COSPONSOR(S): JOHNSON
133014,3/13/2009,COSPONSOR(S): SEATON
133014,4/1/2009,EDC RPT CS(EDC) NT 2DP 1DNP 4NR
133014,4/1/2009,DP: BUCH SEATON
133014,4/1/2009,DNP: GARDNER
133014,4/1/2009,NR: KELLER MUNOZ P.WILSON EDGMON
133014,4/1/2009,FN1: (EED)
133014,4/1/2009,REFERRED TO FINANCE
133014,4/6/2009,COSPONSOR(S): TUCK
133014,4/12/2010,COSPONSOR(S): KAWASAKI
133015,1/20/2009,PREFILE RELEASED 1/9/09
133015,1/20/2009,READ THE FIRST TIME - REFERRALS
133015,1/20/2009,EDC FIN
133015,4/10/2009,EDC RPT CS(EDC) 7DP
133015,4/10/2009,DP: KELLER P.WILSON GARDNER EDGMON BUCH MUNOZ SEATON
133015,4/10/2009,FN1: ZERO(EED)
133015,4/10/2009,REFERRED TO FINANCE
133016,1/20/2009,PREFILE RELEASED 1/9/09
133016,1/20/2009,READ THE FIRST TIME - REFERRALS
133016,1/20/2009,FIN
133016,1/20/2009,REFERRED TO FINANCE
133017,1/20/2009,PREFILE RELEASED 1/9/09
133017,1/20/2009,READ THE FIRST TIME - REFERRALS
133017,1/20/2009,HSS FIN
133017,1/20/2009,REFERRED TO HEALTH & SOCIAL SERVICES
133018,1/20/2009,PREFILE RELEASED 1/16/09
133018,1/20/2009,READ THE FIRST TIME - REFERRALS
133018,1/20/2009,HSS FIN
133018,1/20/2009,REFERRED TO HEALTH & SOCIAL SERVICES
133019,1/20/2009,PREFILE RELEASED 1/16/09
133019,1/20/2009,READ THE FIRST TIME - REFERRALS
133019,1/20/2009,STA FIN
133019,2/4/2009,COSPONSOR(S): HERRON
133019,2/13/2009,STA RPT CS(STA) 7DP
133019,2/13/2009,DP: JOHNSON GATTO SEATON GRUENBERG P.WILSON PETERSEN LYNN
133019,2/13/2009,FN1: ZERO(COR)
133019,2/13/2009,FN2: (DPS)
133019,2/20/2009,COSPONSOR(S): LYNN
133019,2/27/2009,FIN RPT CS(FIN) 9DP
133019,2/27/2009,DP: THOMAS GARA CRAWFORD JOULE AUSTERMAN KELLY FAIRCLOUGH SALMON
133019,2/27/2009,STOLTZE
133019,2/27/2009,FN1: ZERO(COR)
133019,2/27/2009,FN2: (DPS)
133019,2/27/2009,FN3: ZERO(DHS)
133019,2/27/2009,COSPONSOR(S): GARA
133019,3/2/2009,RULES TO CALENDAR 3/2/2009
133019,3/2/2009,READ THE SECOND TIME
133019,3/2/2009,FIN CS ADOPTED UNAN CONSENT
133019,3/2/2009,ADVANCED TO THIRD READING UNAN CONSENT
133019,3/2/2009,READ THE THIRD TIME CSHB 63(FIN)
133019,3/2/2009,PASSED Y38 E2
133019,3/2/2009,COSPONSOR(S): KERTTULA JOHNSON NEUMAN MILLETT BUCH TUCK
133019,3/2/2009,TRANSMITTED TO (S)
133019,3/2/2009,VERSION: CSHB 63(FIN)
133019,3/9/2009,READ THE FIRST TIME - REFERRALS
133019,3/9/2009,STA FIN
133019,3/20/2009,STA RPT SCS 4DP SAME TITLE
133019,3/20/2009,DP: MENARD FRENCH MEYER PASKVAN
133019,3/20/2009,FN1: ZERO(COR)
133019,3/20/2009,FN2: (DPS)
133019,3/20/2009,FN3: ZERO(DHS)
133019,4/17/2009,FIN RPT SCS 4DP 1NR TECH TITLE CHANGE
133019,4/17/2009,DP: HOFFMAN STEDMAN THOMAS ELLIS
133019,4/17/2009,NR: OLSON
133019,4/17/2009,FN1: ZERO(COR)
133019,4/17/2009,FN2: (DPS)
133019,4/17/2009,FN3: ZERO(DHS)
133019,4/18/2009,RULES TO CALENDAR 4/18/2009
133019,4/18/2009,READ THE SECOND TIME
133019,4/18/2009,FIN SCS ADOPTED UNAN CONSENT
133019,4/18/2009,ADVANCED TO THIRD READING UNAN CONSENT
133019,4/18/2009,READ THE THIRD TIME SCS CSHB 63(FIN)
133019,4/18/2009,CROSS SPONSOR(S): THERRIAULT KOOKESH FRENCH DAVIS DYSON THOMAS ELLIS
133019,4/18/2009,PASKVAN WIELECHOWSKI MENARD MEYER MCGUIRE STEDMAN STEVENS
133019,4/18/2009,PASSED Y19 N- V1
133019,4/18/2009,EFFECTIVE DATE(S) SAME AS PASSAGE
133019,4/18/2009,TRANSMITTED TO (H) AS AMENDED
133019,4/18/2009,VERSION: SCS CSHB 63(FIN)
133019,4/18/2009,HELD UNDER UNFINISHED BUSINESS
133019,4/19/2009,CONCUR AM OF (S) Y40
133019,4/19/2009,EFFECTIVE DATE(S) SAME AS PASSAGE
133019,8/5/2009,8:30 AM 6/12/09 TRANSMITTED TO GOVERNOR
133019,8/5/2009,SIGNED INTO LAW 6/23 CHAPTER 47 SLA 09
133019,8/5/2009,EFFECTIVE DATE(S) OF LAW 7/1/09
133020,1/20/2009,PREFILE RELEASED 1/16/09
133020,1/20/2009,READ THE FIRST TIME - REFERRALS
133020,1/20/2009,L&C FIN
133020,2/11/2009,L&C RPT 2DP 4NR
133020,2/11/2009,DP: LYNN BUCH
133020,2/11/2009,NR: COGHILL NEUMAN CHENAULT OLSON
133020,2/11/2009,FN1: ZERO(LAW)
133020,2/11/2009,FN2: ZERO(REV)
133020,2/11/2009,REFERRED TO FINANCE
133021,1/20/2009,PREFILE RELEASED 1/16/09
133021,1/20/2009,READ THE FIRST TIME - REFERRALS
133021,1/20/2009,MLV STA FIN
133021,1/20/2009,REFERRED TO MILITARY & VETERANS' AFFAIRS
133022,1/20/2009,PREFILE RELEASED 1/16/09
133022,1/20/2009,READ THE FIRST TIME - REFERRALS
133022,1/20/2009,ENE L&C
133022,1/20/2009,REFERRED TO ENERGY
133023,1/20/2009,PREFILE RELEASED 1/16/09
133023,1/20/2009,READ THE FIRST TIME - REFERRALS
133023,1/20/2009,STA JUD
133023,1/20/2009,REFERRED TO STATE AFFAIRS
133024,1/20/2009,PREFILE RELEASED 1/16/09
133024,1/20/2009,READ THE FIRST TIME - REFERRALS
133024,1/20/2009,L&C JUD FIN
133024,1/20/2009,REFERRED TO LABOR & COMMERCE
133025,1/20/2009,PREFILE RELEASED 1/16/09
133025,1/20/2009,READ THE FIRST TIME - REFERRALS
133025,1/20/2009,EDC FIN
133025,4/3/2009,COSPONSOR(S): MUNOZ
133025,4/10/2009,EDC RPT CS(EDC) NT 4DP 1DNP 1NR
133025,4/10/2009,DP: MUNOZ GARDNER BUCH SEATON
133025,4/10/2009,DNP: KELLER
133025,4/10/2009,NR: P.WILSON
133025,4/10/2009,FN1: (EED)
133025,4/10/2009,COSPONSOR(S): EDGMON THOMAS BUCH GARDNER
133025,4/14/2010,FIN RPT CS(FIN) NT 6DP 5NR
133025,4/14/2010,DP: THOMAS GARA DOOGAN AUSTERMAN N.FOSTER SALMON
133025,4/14/2010,NR: JOULE KELLY FAIRCLOUGH STOLTZE HAWKER
133025,4/14/2010,FN2: (EED)
133025,4/14/2010,COSPONSOR(S): SALMON
133025,4/16/2010,RULES TO CALENDAR 4/16/2010
133025,4/16/2010,READ THE SECOND TIME
133025,4/16/2010,FIN CS ADOPTED UNAN CONSENT
133025,4/16/2010,ADVANCED TO THIRD READING 4/17 CALENDAR
133025,4/16/2010,COSPONSOR(S): KERTTULA CRAWFORD SEATON GUTTENBERG P.WILSON
133025,4/17/2010,READ THE THIRD TIME CSHB 69(FIN)
133025,4/17/2010,RETURN TO SECOND FOR AM 1 UNAN CONSENT
133025,4/17/2010,AM NO 1 OFFERED AND WITHDRAWN
133025,4/17/2010,AUTOMATICALLY IN THIRD READING
133025,4/17/2010,PASSED Y32 N5 E1 A2
133025,4/17/2010,TRANSMITTED TO (S)
133025,4/17/2010,VERSION: CSHB 69(FIN)
133025,4/18/2010,READ THE FIRST TIME - REFERRALS
133025,4/18/2010,FIN
133025,4/18/2010,REFERRED TO FINANCE
133026,1/20/2009,PREFILE RELEASED 1/16/09
133026,1/20/2009,READ THE FIRST TIME - REFERRALS
133026,1/20/2009,RES FIN
133026,1/21/2009,COSPONSOR(S): RAMRAS
133026,4/2/2009,COSPONSOR(S): GUTTENBERG
133026,4/3/2009,RES RPT CS(RES) NT 2DP 6NR
133026,4/3/2009,DP: SEATON P.WILSON
133026,4/3/2009,NR: OLSON EDGMON TUCK KAWASAKI JOHNSON NEUMAN
133026,4/3/2009,FN1: ZERO(EED)
133026,4/3/2009,FN2: (DNR)
133026,2/17/2010,COSPONSOR(S): GRUENBERG
133026,4/9/2010,FIN RPT CS(FIN) NT 3DP 7NR
133026,4/9/2010,DP: THOMAS GARA STOLTZE
133026,4/9/2010,NR: DOOGAN AUSTERMAN N.FOSTER KELLY SALMON JOULE HAWKER
133026,4/9/2010,FN3: ZERO(EED)
133026,4/9/2010,FN4: (DNR)
133026,4/9/2010,COSPONSOR(S): THOMAS STOLTZE GARA
133026,4/10/2010,RULES TO CALENDAR 4/10/2010
133026,4/10/2010,READ THE SECOND TIME
133026,4/10/2010,FIN CS ADOPTED UNAN CONSENT
133026,4/10/2010,ADVANCED TO THIRD READING UNAN CONSENT
133026,4/10/2010,READ THE THIRD TIME CSHB 70(FIN)
133026,4/10/2010,PASSED Y40
133026,4/10/2010,COSPONSOR(S): TUCK SEATON DAHLSTROM JOHNSON KAWASAKI CRAWFORD PETERSEN
133026,4/10/2010,KERTTULA HARRIS NEUMAN KELLER
133026,4/10/2010,TRANSMITTED TO (S)
133026,4/10/2010,VERSION: CSHB 70(FIN)
133026,4/11/2010,READ THE FIRST TIME - REFERRALS
133026,4/11/2010,RES FIN
133026,4/15/2010,RES REFERRAL WAIVED
133026,4/18/2010,FIN RPT 5DP 1NR
133026,4/18/2010,DP: HOFFMAN STEDMAN HUGGINS THOMAS EGAN
133026,4/18/2010,NR: OLSON
133026,4/18/2010,FN3: ZERO(EED)
133026,4/18/2010,FN4: (DNR)
133026,4/18/2010,RULES TO CALENDAR 4/18/2010
133026,4/18/2010,READ THE SECOND TIME
133026,4/18/2010,ADVANCED TO THIRD READING UNAN CONSENT
133026,4/18/2010,READ THE THIRD TIME CSHB 70(FIN)
133026,4/18/2010,PASSED Y20 N-
133026,4/18/2010,RETURN TO (H) TRANSMIT TO GOV NEXT
133026,4/18/2010,VERSION: CSHB 70(FIN)
133026,4/18/2010,CROSS SPONSOR(S): MCGUIRE
133026,7/9/2010,3:54 PM 4/28/10 TRANSMITTED TO GOVERNOR
133026,7/9/2010,SIGNED INTO LAW 5/4 CHAPTER 11 SLA 10
133026,7/9/2010,EFFECTIVE DATE(S) OF LAW 8/2/10
133027,1/20/2009,PREFILE RELEASED 1/16/09
133027,1/20/2009,READ THE FIRST TIME - REFERRALS
133027,1/20/2009,HSS JUD
133027,4/15/2009,HSS RPT CS(HSS) 3DP 3NR
133027,4/15/2009,DP: HOLMES SEATON CISSNA
133027,4/15/2009,NR: LYNN KELLER HERRON
133027,4/15/2009,FN1: (DHS)
133027,3/17/2010,JUD RPT CS(JUD) 2DP 2NR 1AM
133027,3/17/2010,DP: GRUENBERG HOLMES
133027,3/17/2010,NR: GATTO RAMRAS
133027,3/17/2010,AM: DAHLSTROM
133027,3/17/2010,FN2: (DHS)
133027,3/17/2010,FIN REFERRAL ADDED AFTER JUD
133027,3/17/2010,REFERRED TO FINANCE
133028,1/20/2009,PREFILE RELEASED 1/16/09
133028,1/20/2009,READ THE FIRST TIME - REFERRALS
133028,1/20/2009,STA JUD
133028,1/20/2009,REFERRED TO STATE AFFAIRS
133029,1/20/2009,PREFILE RELEASED 1/16/09
133029,1/20/2009,READ THE FIRST TIME - REFERRALS
133029,1/20/2009,STA FIN
133029,2/18/2009,COSPONSOR(S): HARRIS
133029,3/25/2009,STA RPT CS(STA) NT 6DP
133029,3/25/2009,DP: JOHNSON SEATON GRUENBERG P.WILSON PETERSEN LYNN
133029,3/25/2009,FN1: ZERO(ADM)
133029,3/25/2009,COSPONSOR(S): P.WILSON
133029,2/17/2010,COSPONSOR(S): N.FOSTER
133029,3/11/2010,COSPONSOR(S): NEUMAN
133029,3/12/2010,COSPONSOR(S): STOLTZE FAIRCLOUGH GARA DOOGAN JOULE HAWKER THOMAS
133029,3/12/2010,AUSTERMAN
133029,3/15/2010,FIN RPT CS(FIN) NT 11DP
133029,3/15/2010,DP: THOMAS GARA DOOGAN JOULE AUSTERMAN SALMON KELLY FAIRCLOUGH
133029,3/15/2010,N.FOSTER STOLTZE HAWKER
133029,3/15/2010,FN2: ZERO(ADM)
133029,3/19/2010,RULES TO CALENDAR 3/19/2010
133029,3/19/2010,READ THE SECOND TIME
133029,3/19/2010,FIN CS ADOPTED UNAN CONSENT
133029,3/19/2010,ADVANCED TO THIRD READING UNAN CONSENT
133029,3/19/2010,READ THE THIRD TIME CSHB 73(FIN)
133029,3/19/2010,PASSED Y31 E7 A2
133029,3/19/2010,EFFECTIVE DATE(S) SAME AS PASSAGE
133029,3/19/2010,COSPONSOR(S): HERRON TUCK OLSON DAHLSTROM MILLETT RAMRAS
133029,3/19/2010,TRANSMITTED TO (S)
133029,3/19/2010,VERSION: CSHB 73(FIN)
133029,3/22/2010,READ THE FIRST TIME - REFERRALS
133029,3/22/2010,STA FIN
133029,4/6/2010,STA RPT 5DP
133029,4/6/2010,DP: MENARD FRENCH MEYER PASKVAN KOOKESH
133029,4/6/2010,FN2: ZERO(ADM)
133029,4/18/2010,FIN RPT SCS 6DP NEW TITLE
133029,4/18/2010,TITLE CHANGE: SCR 24
133029,4/18/2010,DP: HOFFMAN STEDMAN THOMAS EGAN OLSON ELLIS
133029,4/18/2010,FN2: ZERO(ADM)
133029,4/18/2010,RULES TO CALENDAR 4/18/2010
133029,4/18/2010,READ THE SECOND TIME
133029,4/18/2010,FIN SCS ADOPTED UNAN CONSENT
133029,4/18/2010,ADVANCED TO THIRD READING UNAN CONSENT
133029,4/18/2010,READ THE THIRD TIME SCS CSHB 73(FIN)
133029,4/18/2010,PASSED Y20 N-
133029,4/18/2010,EFFECTIVE DATE(S) SAME AS PASSAGE
133029,4/18/2010,TRANSMITTED TO (H) AS AMENDED
133029,4/18/2010,VERSION: SCS CSHB 73(FIN)
133029,4/18/2010,HELD UNDER UNFINISHED BUSINESS
133029,4/18/2010,TAKE UP CONCUR
133029,4/18/2010,CONCUR AM OF (S) Y36 A4
133029,4/18/2010,EFFECTIVE DATE(S) SAME AS PASSAGE
133029,7/9/2010,MANIFEST ERROR(S)
133029,7/9/2010,2:35 PM 6/14/10 TRANSMITTED TO GOVERNOR
133029,7/9/2010,SIGNED INTO LAW 7/1 CHAPTER 116 SLA 10
133029,7/9/2010,EFFECTIVE DATE(S) OF LAW 7/2/10
133030,1/20/2009,PREFILE RELEASED 1/16/09
133030,1/20/2009,READ THE FIRST TIME - REFERRALS
133030,1/20/2009,CRA RES FIN
133030,3/5/2009,CRA RPT CS(CRA) 4NR
133030,3/5/2009,NR: KELLER CISSNA HERRON MUNOZ
133030,3/5/2009,FN1: (DEC)
133030,3/5/2009,FN2: (DNR)
133030,3/5/2009,REFERRED TO RESOURCES
133030,3/15/2010,COSPONSOR(S): HERRON N.FOSTER SALMON AUSTERMAN THOMAS
133030,3/24/2010,COSPONSOR(S): JOHANSEN
133030,4/5/2010,COSPONSOR(S): KERTTULA
133031,1/20/2009,PREFILE RELEASED 1/16/09
133031,1/20/2009,READ THE FIRST TIME - REFERRALS
133031,1/20/2009,HSS FIN
133031,1/20/2009,REFERRED TO HEALTH & SOCIAL SERVICES
133032,1/20/2009,PREFILE RELEASED 1/16/09
133032,1/20/2009,READ THE FIRST TIME - REFERRALS
133032,1/20/2009,STA FIN
133032,3/12/2009,COSPONSOR(S): GARA
133032,1/27/2010,COSPONSOR(S): N.FOSTER
133032,2/5/2010,STA RPT CS(STA) 3DP 3NR
133032,2/5/2010,DP: SEATON GRUENBERG PETERSEN
133032,2/5/2010,NR: JOHNSON GATTO LYNN
133032,2/5/2010,FN1: ZERO(LEG)
133032,2/5/2010,REFERRED TO FINANCE
133033,1/20/2009,READ THE FIRST TIME - REFERRALS
133033,1/20/2009,STA FIN
133033,3/12/2009,STA RPT CS(STA) 3DP 2NR
133033,3/12/2009,DP: PETERSEN GRUENBERG SEATON
133033,3/12/2009,NR: JOHNSON GATTO
133033,3/12/2009,FN1: ZERO(ADM)
133033,4/1/2009,FIN RPT CS(FIN) 4DP 4NR 2AM
133033,4/1/2009,DP: AUSTERMAN FAIRCLOUGH KELLY STOLTZE
133033,4/1/2009,NR: THOMAS JOULE SALMON HAWKER
133033,4/1/2009,AM: GARA CRAWFORD
133033,4/1/2009,FN1: ZERO(ADM)
133033,4/1/2009,REFERRED TO RULES
133034,1/21/2009,READ THE FIRST TIME - REFERRALS
133034,1/21/2009,L&C FIN
133034,1/28/2009,PRIME SPONSOR REMOVED: OLSON
133034,1/28/2009,PRIME SPONSOR: LABOR & COMMERCE
133034,3/12/2009,L&C RPT 4DP
133034,3/12/2009,DP: LYNN BUCH HOLMES OLSON
133034,3/12/2009,FN1: (CED)
133034,3/25/2009,FIN RPT 8DP
133034,3/25/2009,DP: THOMAS JOULE R.FOSTER AUSTERMAN FAIRCLOUGH KELLY HAWKER STOLTZE
133034,3/25/2009,FN1: (CED)
133034,4/1/2009,RULES TO CALENDAR 4/1/2009
133034,4/1/2009,READ THE SECOND TIME
133034,4/1/2009,ADVANCED TO THIRD READING UNAN CONSENT
133034,4/1/2009,READ THE THIRD TIME HB 78
133034,4/1/2009,PASSED Y38 E2
133034,4/1/2009,EFFECTIVE DATE(S) SAME AS PASSAGE
133034,4/1/2009,TRANSMITTED TO (S)
133034,4/1/2009,VERSION: HB 78
133034,4/3/2009,READ THE FIRST TIME - REFERRALS
133034,4/3/2009,FIN
133034,4/17/2009,FIN RPT 4DP 1NR
133034,4/17/2009,DP: HOFFMAN STEDMAN THOMAS ELLIS
133034,4/17/2009,NR: OLSON
133034,4/17/2009,FN1: (CED)
133034,4/18/2009,RULES TO CALENDAR 4/18/2009
133034,4/18/2009,READ THE SECOND TIME
133034,4/18/2009,ADVANCED TO THIRD READING UNAN CONSENT
133034,4/18/2009,READ THE THIRD TIME HB 78
133034,4/18/2009,PASSED Y19 N- V1
133034,4/18/2009,EFFECTIVE DATE(S) SAME AS PASSAGE
133034,4/18/2009,RETURN TO (H) TRANSMIT TO GOV NEXT
133034,4/18/2009,VERSION: HB 78
133034,8/5/2009,10:55 AM 6/5/09 TRANSMITTED TO GOVERNOR
133034,8/5/2009,SIGNED INTO LAW 6/16 CHAPTER 29 SLA 09
133034,8/5/2009,EFFECTIVE DATE(S) OF LAW 6/17/09
133035,1/21/2009,READ THE FIRST TIME - REFERRALS
133035,1/21/2009,FIN
133035,1/21/2009,REFERRED TO FINANCE
133036,1/22/2009,READ THE FIRST TIME - REFERRALS
133036,1/22/2009,STA
133036,1/28/2009,STA RPT CS(STA) NT 6DP
133036,1/28/2009,DP: GATTO SEATON GRUENBERG P.WILSON PETERSEN LYNN
133036,1/28/2009,FN1: (LEG)
133036,1/28/2009,FIN REFERRAL ADDED AFTER STA
133036,1/28/2009,REFERRED TO FINANCE
133037,1/22/2009,READ THE FIRST TIME - REFERRALS
133037,1/22/2009,FIN
133037,1/22/2009,GOVERNOR'S TRANSMITTAL LETTER
133037,3/12/2009,FIN RPT CS(FIN) NT 8DP 1NR 2AM
133037,3/12/2009,DP: THOMAS AUSTERMAN JOULE R.FOSTER KELLY FAIRCLOUGH HAWKER STOLTZE
133037,3/12/2009,NR: SALMON
133037,3/12/2009,AM: GARA CRAWFORD
133037,3/12/2009,RULES TO CALENDAR 3/12/2009
133037,3/12/2009,READ THE SECOND TIME
133037,3/12/2009,FIN CS ADOPTED UNAN CONSENT
133037,3/12/2009,ADVANCED TO THIRD READING 3/13 CALENDAR
133037,3/13/2009,READ THE THIRD TIME CSHB 81(FIN)
133037,3/13/2009,RETURN TO SECOND FOR AM 1 UNAN CONSENT
133037,3/13/2009,AM NO 1 ADOPTED UNAN CONSENT
133037,3/13/2009,RETURN TO SECOND FOR AM 2 & ALL AMS UC
133037,3/13/2009,AM NO 2 FAILED Y12 N26 E2
133037,3/13/2009,AUTOMATICALLY IN THIRD READING
133037,3/13/2009,PASSED Y29 N9 E2
133037,3/13/2009,EFFECTIVE DATE(S) SAME AS PASSAGE
133037,3/13/2009,CBRF SECTION(S) FAILED Y26 N12 E2
133037,3/13/2009,TRANSMITTED TO (S)
133037,3/13/2009,VERSION: CSHB 81(FIN) AM(BRF SUP MAJ FLD)
133037,3/16/2009,READ THE FIRST TIME - REFERRALS
133037,3/16/2009,FIN
133037,3/27/2009,FIN RPT SCS 5DP TECH TITLE CHANGE
133037,3/27/2009,DP: STEDMAN HOFFMAN HUGGINS THOMAS ELLIS
133037,3/30/2009,RULES TO CALENDAR 3/30/2009
133037,3/30/2009,READ THE SECOND TIME
133037,3/30/2009,FIN SCS ADOPTED UNAN CONSENT
133037,3/30/2009,ADVANCED TO THIRD READING 4/1 CALENDAR
133037,4/1/2009,READ THE THIRD TIME SCS CSHB 81(FIN)
133037,4/1/2009,RETURN TO SECOND FOR AM 1 UNAN CONSENT
133037,4/1/2009,AM NO 1 OFFERED
133037,4/1/2009,AM NO 1 TABLED Y15 N4 V1
133037,4/1/2009,AM NO 2 NOT OFFERED
133037,4/1/2009,RETURN TO SECOND FOR AM 3 UNAN CONSENT
133037,4/1/2009,AM NO 3 ADOPTED UNAN CONSENT
133037,4/1/2009,RETURN TO SECOND FOR AM 4 UNAN CONSENT
133037,4/1/2009,AM NO 4 ADOPTED UNAN CONSENT
133037,4/1/2009,RETURN TO SECOND FOR AM 5 UNAN CONSENT
133037,4/1/2009,AM NO 5 ADOPTED UNAN CONSENT
133037,4/1/2009,RETURN TO SECOND FOR AM 6 UNAN CONSENT
133037,4/1/2009,AM NO 6 ADOPTED UNAN CONSENT
133037,4/1/2009,AUTOMATICALLY IN THIRD READING
133037,4/1/2009,PASSED Y15 N4 V1
133037,4/1/2009,EFFECTIVE DATE(S) SAME AS PASSAGE
133037,4/1/2009,CBRF SECTION(S) ADOPTED Y15 N4 V1
133037,4/1/2009,ENGROSSED
133037,4/3/2009,TRANSMITTED TO (H) AS AMENDED
133037,4/3/2009,VERSION: SCS CSHB 81(FIN) AM S
133037,4/6/2009,HELD UNDER UNFINISHED BUSINESS
133037,4/6/2009,FAILED CONCUR (S) AM Y1 N37 E2
133037,4/6/2009,CONFERENCE COMMITTEE APPOINTED
133037,4/6/2009,HAWKER (CHAIR) STOLTZE CRAWFORD
133037,4/7/2009,RECEDE MESSAGE READ AND HELD
133037,4/8/2009,RECEDE MESSAGE TAKEN UP
133037,4/8/2009,FAILED RECEDE (S) AM Y- N19 V1
133037,4/8/2009,CONFERENCE COMMITTEE APPOINTED
133037,4/8/2009,HOFFMAN (CHAIR) STEDMAN THOMAS
133037,4/9/2009,LIMITED POWERS FREE CONFERENCE GRANTED
133037,4/10/2009,LIMITED POWERS FREE CONFERENCE GRANTED
133037,4/15/2009,CC REPORT: CCS HB 81
133037,4/15/2009,CC RPT ADPTD Y33 N6 E1 CCS HB 81
133037,4/15/2009,EFFECTIVE DATE(S) SAME AS PASSAGE
133037,4/15/2009,CBRF SECTION(S) DIVIDED UNAN CONSENT
133037,4/15/2009,CBRF SEC. 27(A)(C) ADOPTED Y39 E1
133037,4/15/2009,CBRF SEC. 27(D)(E)(F)(G) FAILED Y25 N14 E1
133037,4/15/2009,VERSION: CCS HB 81(BRF SUP MAJ PFLD H)
133037,4/15/2009,CC REPORT READ AND HELD
133037,4/15/2009,TAKEN UP
133037,4/15/2009,CC RPT ADPTD Y15 N4 V1 CCS HB 81
133037,4/15/2009,CBRF SECTION(S) ADOPTED Y15 N4 V1
133037,4/15/2009,EFFECTIVE DATE(S) SAME AS PASSAGE
133037,8/5/2009,MANIFEST ERROR(S)
133037,8/5/2009,10:55 AM 5/8/09 TRANSMITTED TO GOVERNOR
133037,8/5/2009,SIGNED INTO LAW 5/21 CHAPTER 12 SLA 09
133037,8/5/2009,PARTIAL VETO AND REDUCTIONS
133037,8/5/2009,EFFECTIVE DATE(S) OF LAW SEE CHAPTER
133038,1/22/2009,READ THE FIRST TIME - REFERRALS
133038,1/22/2009,FIN
133038,1/22/2009,GOVERNOR'S TRANSMITTAL LETTER
133038,1/22/2009,REFERRED TO FINANCE
133039,1/22/2009,READ THE FIRST TIME - REFERRALS
133039,1/22/2009,FIN
133039,1/22/2009,OMB ATTACHMENT PER AS 37.14.003
133039,1/22/2009,GOVERNOR'S TRANSMITTAL LETTER
133039,3/12/2009,FIN RPT CS(FIN) 8DP 3NR
133039,3/12/2009,DP: THOMAS R.FOSTER JOULE AUSTERMAN KELLY FAIRCLOUGH HAWKER STOLTZE
133039,3/12/2009,NR: GARA CRAWFORD SALMON
133039,3/12/2009,RULES TO CALENDAR 3/12/2009
133039,3/12/2009,READ THE SECOND TIME
133039,3/12/2009,FIN CS ADOPTED UNAN CONSENT
133039,3/12/2009,ADVANCED TO THIRD READING 3/13 CALENDAR
133039,3/13/2009,READ THE THIRD TIME CSHB 83(FIN)
133039,3/13/2009,PASSED Y38 E2
133039,3/13/2009,EFFECTIVE DATE(S) SAME AS PASSAGE
133039,3/13/2009,TRANSMITTED TO (S)
133039,3/13/2009,VERSION: CSHB 83(FIN)
133039,3/16/2009,READ THE FIRST TIME - REFERRALS
133039,3/16/2009,FIN
133039,3/27/2009,FIN RPT SCS 5DP SAME TITLE
133039,3/27/2009,DP: STEDMAN HOFFMAN HUGGINS THOMAS ELLIS
133039,3/30/2009,RULES TO CALENDAR 3/30/2009
133039,3/30/2009,READ THE SECOND TIME
133039,3/30/2009,FIN SCS ADOPTED UNAN CONSENT
133039,3/30/2009,ADVANCED TO THIRD READING 4/1 CALENDAR
133039,4/1/2009,READ THE THIRD TIME SCS CSHB 83(FIN)
133039,4/1/2009,RETURN TO SECOND FOR AM 1 UNAN CONSENT
133039,4/1/2009,AM NO 1 FAILED Y4 N15 V1
133039,4/1/2009,AUTOMATICALLY IN THIRD READING
133039,4/1/2009,PASSED Y15 N4 V1
133039,4/1/2009,EFFECTIVE DATE(S) SAME AS PASSAGE
133039,4/1/2009,TRANSMITTED TO (H) AS AMENDED
133039,4/1/2009,VERSION: SCS CSHB 83(FIN)
133039,4/2/2009,HELD UNDER UNFINISHED BUSINESS
133039,4/6/2009,FAILED CONCUR (S) AM N38 E2
133039,4/6/2009,CONFERENCE COMMITTEE APPOINTED
133039,4/6/2009,HAWKER (CHAIR) STOLTZE CRAWFORD
133039,4/7/2009,RECEDE MESSAGE READ AND HELD
133039,4/8/2009,RECEDE MESSAGE TAKEN UP
133039,4/8/2009,FAILED RECEDE (S) AM Y- N19 V1
133039,4/8/2009,CONFERENCE COMMITTEE APPOINTED
133039,4/8/2009,HOFFMAN (CHAIR) STEDMAN THOMAS
133039,4/9/2009,LIMITED POWERS FREE CONFERENCE GRANTED
133039,4/10/2009,LIMITED POWERS FREE CONFERENCE GRANTED
133039,4/15/2009,CC REPORT: CCS HB 83
133039,4/15/2009,CC RPT ADPTD Y32 N7 E1 CCS HB 83
133039,4/15/2009,EFFECTIVE DATE(S) SAME AS PASSAGE
133039,4/15/2009,CC REPORT READ AND HELD
133039,4/15/2009,TAKEN UP
133039,4/15/2009,CC RPT ADPTD Y17 N2 V1 CCS HB 83
133039,4/15/2009,EFFECTIVE DATE(S) SAME AS PASSAGE
133039,8/5/2009,MANIFEST ERROR(S)
133039,8/5/2009,10:55 AM 5/8/09 TRANSMITTED TO GOVERNOR
133039,8/5/2009,LETTER TO AMHTA PER AS 37.14.005(C)
133039,8/5/2009,SIGNED INTO LAW 5/21 CHAPTER 13 SLA 09
133039,8/5/2009,EFFECTIVE DATE(S) OF LAW 7/1/09
133040,1/22/2009,READ THE FIRST TIME - REFERRALS
133040,1/22/2009,ENE RES FIN
133040,1/22/2009,REFERRED TO ENERGY
133041,1/26/2009,READ THE FIRST TIME - REFERRALS
133041,1/26/2009,L&C FIN
133041,2/13/2009,L&C RPT 6DP 1NR
133041,2/13/2009,DP: LYNN BUCH COGHILL NEUMAN HOLMES OLSON
133041,2/13/2009,NR: CHENAULT
133041,2/13/2009,FN1: (CED)
133041,4/10/2009,FIN RPT CS(FIN) NT 9DP 2NR
133041,4/10/2009,DP: THOMAS R.FOSTER CRAWFORD GARA AUSTERMAN FAIRCLOUGH JOULE HAWKER
133041,4/10/2009,STOLTZE
133041,4/10/2009,NR: KELLY SALMON
133041,4/10/2009,FN1: (CED)
133041,4/10/2009,REFERRED TO RULES
133042,1/26/2009,READ THE FIRST TIME - REFERRALS
133042,1/26/2009,L&C FIN
133042,3/12/2009,L&C RPT 4DP
133042,3/12/2009,DP: LYNN BUCH HOLMES OLSON
133042,3/12/2009,FN1: (CED)
133042,3/25/2009,FIN RPT 8DP
133042,3/25/2009,DP: THOMAS JOULE R.FOSTER AUSTERMAN KELLY FAIRCLOUGH HAWKER STOLTZE
133042,3/25/2009,FN1: (CED)
133042,4/3/2009,RULES TO CALENDAR 4/3/2009
133042,4/3/2009,READ THE SECOND TIME
133042,4/3/2009,ADVANCED TO THIRD READING UNAN CONSENT
133042,4/3/2009,READ THE THIRD TIME HB 86
133042,4/3/2009,PASSED Y36 E4
133042,4/3/2009,EFFECTIVE DATE(S) SAME AS PASSAGE
133042,4/3/2009,TRANSMITTED TO (S)
133042,4/3/2009,VERSION: HB 86
133042,4/6/2009,READ THE FIRST TIME - REFERRALS
133042,4/6/2009,FIN
133042,4/11/2009,FIN RPT 5DP 1NR
133042,4/11/2009,DP: HOFFMAN STEDMAN HUGGINS THOMAS ELLIS
133042,4/11/2009,NR: OLSON
133042,4/11/2009,FN1: (CED)
133042,4/13/2009,RULES TO CALENDAR 4/13/2009
133042,4/13/2009,READ THE SECOND TIME
133042,4/13/2009,ADVANCED TO THIRD READING UNAN CONSENT
133042,4/13/2009,READ THE THIRD TIME HB 86
133042,4/13/2009,PASSED Y18 N- E1 V1
133042,4/13/2009,EFFECTIVE DATE(S) SAME AS PASSAGE
133042,4/13/2009,RETURN TO (H) TRANSMIT TO GOV NEXT
133042,4/13/2009,VERSION: HB 86
133042,8/5/2009,10:55 AM 6/5/09 TRANSMITTED TO GOVERNOR
133042,8/5/2009,SIGNED INTO LAW 6/20 CHAPTER 39 SLA 09
133042,8/5/2009,EFFECTIVE DATE(S) OF LAW 6/21/09
133043,1/26/2009,READ THE FIRST TIME - REFERRALS
133043,1/26/2009,L&C STA FIN
133043,1/26/2009,REFERRED TO LABOR & COMMERCE
133043,1/28/2009,COSPONSOR(S): GARDNER KERTTULA KAWASAKI
133043,1/30/2009,COSPONSOR(S): HOLMES MUNOZ
133043,2/2/2009,COSPONSOR(S): LYNN
133043,2/4/2009,COSPONSOR(S): RAMRAS JOHNSON EDGMON
133043,2/13/2009,COSPONSOR(S): HARRIS KELLER
133043,3/18/2009,COSPONSOR(S): JOHANSEN
133043,1/21/2010,COSPONSOR(S): P.WILSON NEUMAN HAWKER
133043,1/25/2010,COSPONSOR(S): SEATON
133043,1/27/2010,COSPONSOR(S): STOLTZE
133043,2/1/2010,COSPONSOR(S): DOOGAN
133043,2/3/2010,COSPONSOR(S): GATTO
133043,2/5/2010,COSPONSOR(S): PETERSEN TUCK AUSTERMAN CRAWFORD BUCH GRUENBERG GUTTENBERG
133043,2/12/2010,COSPONSOR(S): N.FOSTER
133043,2/15/2010,COSPONSOR(S): HERRON
133043,2/24/2010,COSPONSOR(S): KELLY CISSNA
133044,1/26/2009,READ THE FIRST TIME - REFERRALS
133044,1/26/2009,JUD FIN
133044,2/6/2009,JUD RPT 1DP 3NR 2AM
133044,2/6/2009,DP: HOLMES
133044,2/6/2009,NR: LYNN COGHILL DAHLSTROM
133044,2/6/2009,AM: GRUENBERG GATTO
133044,2/6/2009,FN1: ZERO(H.JUD)
133044,4/17/2009,FIN RPT CS(FIN) NT 6DP 2NR
133044,4/17/2009,DP: THOMAS R.FOSTER FAIRCLOUGH SALMON JOULE HAWKER
133044,4/17/2009,NR: AUSTERMAN KELLY
133044,4/17/2009,FN1: ZERO(H.JUD)
133044,4/17/2009,RULES TO CALENDAR 4/17/2009
133044,4/17/2009,READ THE SECOND TIME
133044,4/17/2009,FIN CS ADOPTED UNAN CONSENT
133044,4/17/2009,ADVANCED TO THIRD READING UNAN CONSENT
133044,4/17/2009,READ THE THIRD TIME CSHB 88(FIN)
133044,4/17/2009,PASSED Y39 A1
133044,4/17/2009,EFFECTIVE DATE(S) SAME AS PASSAGE
133044,4/17/2009,COSPONSOR(S): KERTTULA GRUENBERG
133044,4/17/2009,TRANSMITTED TO (S)
133044,4/17/2009,VERSION: CSHB 88(FIN)
133044,4/18/2009,READ THE FIRST TIME - REFERRALS
133044,4/18/2009,JUD
133044,4/19/2009,JUD RPT 1DP 2NR
133044,4/19/2009,DP: FRENCH
133044,4/19/2009,NR: THERRIAULT WIELECHOWSKI
133044,4/19/2009,FN1: ZERO(H.JUD)
133044,4/19/2009,RULES TO CALENDAR 4/19/2009
133044,4/19/2009,READ THE SECOND TIME
133044,4/19/2009,ADVANCED TO THIRD READING UNAN CONSENT
133044,4/19/2009,READ THE THIRD TIME CSHB 88(FIN)
133044,4/19/2009,PASSED Y19 N- V1
133044,4/19/2009,EFFECTIVE DATE(S) SAME AS PASSAGE
133044,4/19/2009,RETURN TO (H) TRANSMIT TO GOV NEXT
133044,4/19/2009,VERSION: CSHB 88(FIN)
133044,8/5/2009,10:55 AM 6/5/09 TRANSMITTED TO GOVERNOR
133044,8/5/2009,SIGNED INTO LAW 6/20 CHAPTER 46 SLA 09
133044,8/5/2009,EFFECTIVE DATE(S) OF LAW 6/21/09
133045,1/28/2009,READ THE FIRST TIME - REFERRALS
133045,1/28/2009,L&C HSS FIN
133045,1/28/2009,FN1: ZERO(LWF)
133045,1/28/2009,GOVERNOR'S TRANSMITTAL LETTER
133045,4/10/2009,L&C RPT CS(L&C) 3DP 1AM
133045,4/10/2009,DP: BUCH CHENAULT OLSON
133045,4/10/2009,AM: COGHILL
133045,4/10/2009,FN1: ZERO(LWF)
133045,3/4/2010,HSS RPT CS(L&C) 3DP 1NR
133045,3/4/2010,DP: CISSNA HERRON KELLER
133045,3/4/2010,NR: T.WILSON
133045,3/4/2010,FN2: (LWF)
133045,3/4/2010,REFERRED TO FINANCE
133046,1/28/2009,READ THE FIRST TIME - REFERRALS
133046,1/28/2009,L&C FIN
133046,1/28/2009,FN1: ZERO(CED)
133046,1/28/2009,GOVERNOR'S TRANSMITTAL LETTER
133046,2/23/2009,L&C RPT CS(L&C) 5DP
133046,2/23/2009,DP: HOLMES COGHILL BUCH LYNN OLSON
133046,2/23/2009,FN1: ZERO(CED)
133046,4/2/2009,FIN RPT CS(FIN) NT 6DP 3NR
133046,4/2/2009,DP: THOMAS GARA R.FOSTER CRAWFORD SALMON HAWKER
133046,4/2/2009,NR: KELLY FAIRCLOUGH STOLTZE
133046,4/2/2009,FN1: ZERO(CED)
133046,4/8/2009,RULES TO CALENDAR 4/8/2009
133046,4/8/2009,READ THE SECOND TIME
133046,4/8/2009,FIN CS ADOPTED UNAN CONSENT
133046,4/8/2009,ADVANCED TO THIRD READING 4/10 CALENDAR
133046,4/10/2009,READ THE THIRD TIME CSHB 90(FIN)
133046,4/10/2009,PASSED Y37 A3
133046,4/10/2009,EFFECTIVE DATE(S) SAME AS PASSAGE
133046,4/10/2009,TRANSMITTED TO (S)
133046,4/10/2009,VERSION: CSHB 90(FIN)
133046,4/11/2009,READ THE FIRST TIME - REFERRALS
133046,4/11/2009,FIN
133046,4/18/2010,FIN RPT SCS 5DP 2NR TECH TITLE CHANGE
133046,4/18/2010,DP: HOFFMAN STEDMAN THOMAS EGAN OLSON
133046,4/18/2010,NR: HUGGINS ELLIS
133046,4/18/2010,FN2: ZERO(CED)
133046,4/18/2010,RULES TO CALENDAR 4/18/2010
133046,4/18/2010,READ THE SECOND TIME
133046,4/18/2010,FIN SCS ADOPTED UNAN CONSENT
133046,4/18/2010,ADVANCED TO THIRD READING UNAN CONSENT
133046,4/18/2010,READ THE THIRD TIME SCS CSHB 90(FIN)
133046,4/18/2010,PASSED Y19 N1
133046,4/18/2010,EFFECTIVE DATE(S) SAME AS PASSAGE
133046,4/18/2010,TRANSMITTED TO (H) AS AMENDED
133046,4/18/2010,VERSION: SCS CSHB 90(FIN)
133046,4/18/2010,HELD UNDER UNFINISHED BUSINESS
133046,4/18/2010,TAKE UP CONCUR
133046,4/18/2010,CONCUR AM OF (S) Y39 A1
133046,4/18/2010,EFFECTIVE DATE(S) SAME AS PASSAGE
133046,7/9/2010,2:19 PM 6/7/10 TRANSMITTED TO GOVERNOR
133046,7/9/2010,SIGNED INTO LAW 6/11 CHAPTER 71 SLA 10
133046,7/9/2010,EFFECTIVE DATE(S) OF LAW SEE CHAPTER
133047,1/28/2009,READ THE FIRST TIME - REFERRALS
133047,1/28/2009,CRA JUD FIN
133047,1/28/2009,FN1: ZERO(DPS)
133047,1/28/2009,FN2: INDETERMINATE(ADM)
133047,1/28/2009,FN3: INDETERMINATE(ADM)
133047,1/28/2009,FN4: INDETERMINATE(COR)
133047,1/28/2009,FN5: INDETERMINATE(LAW)
133047,1/28/2009,GOVERNOR'S TRANSMITTAL LETTER
133047,1/28/2009,REFERRED TO COMMUNITY & REGIONAL AFFAIRS
133048,1/28/2009,READ THE FIRST TIME - REFERRALS
133048,1/28/2009,STA FIN
133048,1/28/2009,FN1: ZERO(REV)
133048,1/28/2009,FN2: ZERO(REV)
133048,1/28/2009,GOVERNOR'S TRANSMITTAL LETTER
133048,2/25/2009,STA RPT CS(STA) 5DP 2AM
133048,2/25/2009,DP: SEATON GRUENBERG P.WILSON PETERSEN LYNN
133048,2/25/2009,AM: JOHNSON GATTO
133048,2/25/2009,FN1: ZERO(REV)
133048,2/25/2009,FN2: ZERO(REV)
133048,2/25/2009,REFERRED TO FINANCE
133049,1/28/2009,READ THE FIRST TIME - REFERRALS
133049,1/28/2009,L&C
133049,2/16/2009,L&C RPT 5DP
133049,2/16/2009,DP: LYNN BUCH NEUMAN CHENAULT OLSON
133049,2/16/2009,FN1: ZERO(LAW)
133049,2/18/2009,RULES TO CALENDAR 2/18/2009
133049,2/18/2009,READ THE SECOND TIME
133049,2/18/2009,ADVANCED TO THIRD READING UNAN CONSENT
133049,2/18/2009,READ THE THIRD TIME HB 93
133049,2/18/2009,PASSED Y35 E2 A3
133049,2/18/2009,COSPONSOR(S): TUCK DAHLSTROM JOHNSON HERRON
133049,2/18/2009,TRANSMITTED TO (S)
133049,2/18/2009,VERSION: HB 93
133049,2/19/2009,READ THE FIRST TIME - REFERRALS
133049,2/19/2009,L&C
133049,2/20/2009,CROSS SPONSOR(S): THERRIAULT
133049,4/15/2009,L&C RPT 5DP
133049,4/15/2009,DP: PASKVAN MEYER THOMAS BUNDE DAVIS
133049,4/15/2009,FN1: ZERO(LAW)
133049,4/16/2009,RULES TO CALENDAR 4/16/2009
133049,4/16/2009,READ THE SECOND TIME
133049,4/16/2009,ADVANCED TO THIRD READING UNAN CONSENT
133049,4/16/2009,READ THE THIRD TIME HB 93
133049,4/16/2009,CROSS SPONSOR(S): DYSON FRENCH THOMAS WAGONER BUNDE ELLIS PASKVAN
133049,4/16/2009,WIELECHOWSKI MENARD MEYER MCGUIRE STEDMAN HUGGINS STEVENS
133049,4/16/2009,PASSED Y19 N- V1
133049,4/16/2009,RETURN TO (H) TRANSMIT TO GOV NEXT
133049,4/16/2009,VERSION: HB 93
133049,8/5/2009,8:30 AM 6/12/09 TRANSMITTED TO GOVERNOR
133049,8/5/2009,SIGNED INTO LAW 6/16 CHAPTER 32 SLA 09
133049,8/5/2009,EFFECTIVE DATE(S) OF LAW 9/14/09
133050,1/28/2009,READ THE FIRST TIME - REFERRALS
133050,1/28/2009,EDC FIN
133050,1/28/2009,REFERRED TO EDUCATION
133050,2/25/2009,COSPONSOR(S): LYNN
133051,1/28/2009,READ THE FIRST TIME - REFERRALS
133051,1/28/2009,JUD FIN
133051,1/28/2009,REFERRED TO JUDICIARY
133052,1/28/2009,READ THE FIRST TIME - REFERRALS
133052,1/28/2009,STA FIN
133052,1/28/2009,REFERRED TO STATE AFFAIRS
133052,2/2/2009,COSPONSOR(S): KERTTULA
133053,1/28/2009,READ THE FIRST TIME - REFERRALS
133053,1/28/2009,MLV STA FIN
133053,1/30/2009,COSPONSOR(S): KERTTULA
133053,2/18/2009,MLV RPT 6DP
133053,2/18/2009,DP: KAWASAKI LYNN OLSON HARRIS BUCH GATTO
133053,2/18/2009,FN1: ZERO(ADM)
133053,2/18/2009,FN2: (MVA)
133053,2/25/2009,STA REFERRAL WAIVED
133053,2/25/2009,REFERRED TO FINANCE
133053,3/12/2009,COSPONSOR(S): KAWASAKI
133054,1/28/2009,READ THE FIRST TIME - REFERRALS
133054,1/28/2009,JUD FIN
133054,2/4/2009,JUD RPT 6DP
133054,2/4/2009,DP: LYNN GRUENBERG COGHILL HOLMES GATTO RAMRAS
133054,2/4/2009,FN1: ZERO(CRT)
133054,2/4/2009,FN2: ZERO(LAW)
133054,4/3/2009,FIN RPT CS(FIN) NT 3DP 3NR 1AM
133054,4/3/2009,DP: KELLY R.FOSTER HAWKER
133054,4/3/2009,NR: CRAWFORD SALMON THOMAS
133054,4/3/2009,AM: GARA
133054,4/3/2009,FN1: ZERO(CRT)
133054,4/3/2009,FN2: ZERO(LAW)
133054,4/3/2009,FN3: ZERO(DPS)
133054,4/11/2009,RULES TO CALENDAR 4/11/2009
133054,4/11/2009,READ THE SECOND TIME
133054,4/11/2009,FIN CS ADOPTED UNAN CONSENT
133054,4/11/2009,AM NO 1 ADOPTED Y29 N9 E2
133054,4/11/2009,ADVANCED TO THIRD READING 4/13 CALENDAR
133054,4/13/2009,READ THE THIRD TIME CSHB 98(FIN) AM
133054,4/13/2009,PASSED Y40
133054,4/13/2009,EFFECTIVE DATE(S) SAME AS PASSAGE
133054,4/13/2009,TRANSMITTED TO (S)
133054,4/13/2009,VERSION: CSHB 98(FIN) AM
133054,4/14/2009,READ THE FIRST TIME - REFERRALS
133054,4/14/2009,CRA JUD
133054,4/17/2009,CRA RPT 1DP 2NR
133054,4/17/2009,DP: MENARD
133054,4/17/2009,NR: OLSON FRENCH
133054,4/17/2009,FN1: ZERO(CRT)
133054,4/17/2009,FN2: ZERO(LAW)
133054,4/17/2009,FN3: ZERO(DPS)
133054,4/17/2009,FN4: INDETERMINATE(COR)
133054,4/17/2009,FIN REFERRAL ADDED AFTER JUD
133054,2/3/2010,JUD RPT 3DP
133054,2/3/2010,DP: FRENCH COGHILL EGAN
133054,2/3/2010,FN5: ZERO(LAW)
133054,2/3/2010,FN6: ZERO(DPS)
133054,2/3/2010,FISCAL INFO FORTHCOMING
133054,4/9/2010,FIN RPT SCS 4DP 3NR SAME TITLE
133054,4/9/2010,DP: HOFFMAN HUGGINS THOMAS EGAN
133054,4/9/2010,NR: STEDMAN OLSON ELLIS
133054,4/9/2010,FN5: ZERO(LAW)
133054,4/9/2010,FN6: ZERO(DPS)
133054,4/9/2010,FN7: ZERO(COR)
133054,4/9/2010,FN8: ZERO(CRT)
133054,4/13/2010,RULES TO CALENDAR 4/13/2010
133054,4/13/2010,READ THE SECOND TIME
133054,4/13/2010,FIN SCS ADOPTED UNAN CONSENT
133054,4/13/2010,ADVANCED TO THIRD READING UNAN CONSENT
133054,4/13/2010,READ THE THIRD TIME SCS CSHB 98(FIN)
133054,4/13/2010,PASSED Y18 N- A2
133054,4/13/2010,EFFECTIVE DATE(S) SAME AS PASSAGE
133054,4/13/2010,TRANSMITTED TO (H) AS AMENDED
133054,4/13/2010,VERSION: SCS CSHB 98(FIN)
133054,4/13/2010,HELD UNDER UNFINISHED BUSINESS
133054,4/18/2010,TAKE UP CONCUR
133054,4/18/2010,CONCUR AM OF (S) Y39 A1
133054,4/18/2010,EFFECTIVE DATE(S) SAME AS PASSAGE
133054,7/9/2010,MANIFEST ERROR(S)
133054,7/9/2010,2:19 PM 6/7/10 TRANSMITTED TO GOVERNOR
133054,7/9/2010,SIGNED INTO LAW 6/16 CHAPTER 88 SLA 10
133054,7/9/2010,EFFECTIVE DATE(S) OF LAW 6/17/10
133055,1/28/2009,READ THE FIRST TIME - REFERRALS
133055,1/28/2009,MLV STA FIN
133055,2/18/2009,MLV RPT CS(MLV) NT 4DP 1AM
133055,2/18/2009,DP: OLSON LYNN BUCH GATTO
133055,2/18/2009,AM: KAWASAKI
133055,2/18/2009,FN1: (DHS)
133055,3/2/2009,STA REFERRAL WAIVED
133055,3/2/2009,REFERRED TO FINANCE
133056,1/30/2009,READ THE FIRST TIME - REFERRALS
133056,1/30/2009,TRA
133056,2/11/2009,TRA RPT 6DP
133056,2/11/2009,DP: JOHANSEN MUNOZ GRUENBERG JOHNSON DOOGAN P.WILSON
133056,2/11/2009,FN1: ZERO(H.TRA/DOT)
133056,2/13/2009,RULES TO CALENDAR 2/13/2009
133056,2/13/2009,READ THE SECOND TIME
133056,2/13/2009,ADVANCED TO THIRD READING UNAN CONSENT
133056,2/13/2009,READ THE THIRD TIME HB 100
133056,2/13/2009,PASSED Y31 E7 A2
133056,2/13/2009,TRANSMITTED TO (S)
133056,2/13/2009,VERSION: HB 100
133056,2/17/2009,READ THE FIRST TIME - REFERRALS
133056,2/17/2009,TRA
133056,3/5/2009,TRA RPT 3DP
133056,3/5/2009,DP: KOOKESH DAVIS PASKVAN
133056,3/5/2009,FN1: ZERO(H.TRA/DOT)
133056,3/9/2009,RULES TO CALENDAR 3/9/2009
133056,3/9/2009,READ THE SECOND TIME
133056,3/9/2009,ADVANCED TO THIRD READING 3/11 CALENDAR
133056,3/11/2009,READ THE THIRD TIME HB 100
133056,3/11/2009,PASSED Y19 N- V1
133056,3/11/2009,RETURN TO (H) TRANSMIT TO GOV NEXT
133056,3/11/2009,VERSION: HB 100
133056,3/18/2009,4:15 PM 3/16/09 TRANSMITTED TO GOVERNOR
133056,4/1/2009,SIGNED INTO LAW 3/30 CHAPTER 3 SLA 09
133056,4/1/2009,EFFECTIVE DATE(S) OF LAW 6/28/09
133057,1/30/2009,READ THE FIRST TIME - REFERRALS
133057,1/30/2009,L&C JUD
133057,2/20/2009,L&C RPT 3DP 3NR
133057,2/20/2009,DP: LYNN CHENAULT COGHILL
133057,2/20/2009,NR: BUCH HOLMES OLSON
133057,2/20/2009,FN1: ZERO(H.L&C)
133057,2/20/2009,COSPONSOR(S): LYNN
133057,3/23/2009,JUD RPT CS(JUD) NT 6DP
133057,3/23/2009,DP: LYNN GRUENBERG COGHILL DAHLSTROM GATTO RAMRAS
133057,3/23/2009,FN1: ZERO(H.L&C)
133057,4/3/2009,RULES TO CALENDAR 4/3/2009
133057,4/3/2009,READ THE SECOND TIME
133057,4/3/2009,JUD CS ADOPTED UNAN CONSENT
133057,4/3/2009,ADVANCED TO THIRD READING UNAN CONSENT
133057,4/3/2009,READ THE THIRD TIME CSHB 101(JUD)
133057,4/3/2009,PASSED Y36 E4
133057,4/3/2009,TRANSMITTED TO (S)
133057,4/3/2009,VERSION: CSHB 101(JUD)
133057,4/6/2009,READ THE FIRST TIME - REFERRALS
133057,4/6/2009,L&C JUD
133057,4/15/2009,L&C RPT 4DP 1NR
133057,4/15/2009,DP: PASKVAN MEYER THOMAS DAVIS
133057,4/15/2009,NR: BUNDE
133057,4/15/2009,FN1: ZERO(H.L&C)
133057,4/5/2010,JUD RPT SCS 4DP NEW TITLE
133057,4/5/2010,TITLE CHANGE: SCR 18
133057,4/5/2010,DP: FRENCH COGHILL WIELECHOWSKI EGAN
133057,4/5/2010,FN2: ZERO(S.JUD)
133057,4/6/2010,RULES TO CALENDAR 4/6/2010
133057,4/6/2010,READ THE SECOND TIME
133057,4/6/2010,JUD SCS ADOPTED UNAN CONSENT
133057,4/6/2010,ADVANCED TO THIRD READING UNAN CONSENT
133057,4/6/2010,READ THE THIRD TIME SCS CSHB 101(JUD)
133057,4/6/2010,CROSS SPONSOR(S): WIELECHOWSKI
133057,4/6/2010,PASSED Y19 N- E1
133057,4/6/2010,TRANSMITTED TO (H) AS AMENDED
133057,4/6/2010,VERSION: SCS CSHB 101(JUD)
133057,4/7/2010,BILL REPRINTED 4/7/10
133057,4/7/2010,HELD UNDER UNFINISHED BUSINESS
133057,4/18/2010,CONCUR AM OF (S) Y40
133057,7/9/2010,2:19 PM 6/7/10 TRANSMITTED TO GOVERNOR
133057,7/9/2010,SIGNED INTO LAW 6/21 CHAPTER 97 SLA 10
133057,7/9/2010,EFFECTIVE DATE(S) OF LAW 9/19/10
133058,1/30/2009,READ THE FIRST TIME - REFERRALS
133058,1/30/2009,L&C JUD
133058,2/16/2009,L&C RPT 5NR
133058,2/16/2009,NR: LYNN BUCH NEUMAN CHENAULT OLSON
133058,2/16/2009,FN1: ZERO(CED)
133058,3/18/2009,JUD RPT CS(JUD) NT 3DP 4NR
133058,3/18/2009,DP: GRUENBERG HOLMES RAMRAS
133058,3/18/2009,NR: LYNN COGHILL GATTO DAHLSTROM
133058,3/18/2009,FN1: ZERO(CED)
133058,3/23/2009,RULES TO CALENDAR 3/23/2009
133058,3/23/2009,READ THE SECOND TIME
133058,3/23/2009,JUD CS ADOPTED UNAN CONSENT
133058,3/23/2009,ADVANCED TO THIRD READING UNAN CONSENT
133058,3/23/2009,READ THE THIRD TIME CSHB 102(JUD)
133058,3/23/2009,PASSED Y30 E10
133058,3/23/2009,COURT RULE(S) SAME AS PASSAGE
133058,3/23/2009,EFFECTIVE DATE(S) SAME AS PASSAGE
133058,3/23/2009,TRANSMITTED TO (S)
133058,3/23/2009,VERSION: CSHB 102(JUD)
133058,3/25/2009,READ THE FIRST TIME - REFERRALS
133058,3/25/2009,L&C JUD
133058,4/15/2009,L&C RPT 4DP 1NR
133058,4/15/2009,DP: PASKVAN MEYER THOMAS DAVIS
133058,4/15/2009,NR: BUNDE
133058,4/15/2009,FN1: ZERO(CED)
133058,4/18/2009,JUD RPT SCS 1DP 1NR 1AM NEW TITLE
133058,4/18/2009,TITLE CHANGE: SCR 9
133058,4/18/2009,DP: WIELECHOWSKI
133058,4/18/2009,NR: THERRIAULT
133058,4/18/2009,AM: FRENCH
133058,4/18/2009,FN1: ZERO(CED)
133058,4/18/2009,RULES TO CALENDAR 4/18/2009
133058,4/18/2009,READ THE SECOND TIME
133058,4/18/2009,JUD SCS ADOPTED UNAN CONSENT
133058,4/18/2009,ADVANCED TO THIRD READING UNAN CONSENT
133058,4/18/2009,READ THE THIRD TIME SCS CSHB 102(JUD)
133058,4/18/2009,PASSED Y19 N- V1
133058,4/18/2009,EFFECTIVE DATE(S) SAME AS PASSAGE
133058,4/18/2009,COURT RULE(S) SAME AS PASSAGE
133058,4/18/2009,TRANSMITTED TO (H) AS AMENDED
133058,4/18/2009,VERSION: SCS CSHB 102(JUD)
133058,4/18/2009,HELD UNDER UNFINISHED BUSINESS
133058,4/19/2009,CONCUR AM OF (S) Y40
133058,4/19/2009,EFFECTIVE DATE(S) SAME AS PASSAGE
133058,4/19/2009,COURT RULE(S) SAME AS PASSAGE
133058,8/5/2009,10:55 AM 6/5/09 TRANSMITTED TO GOVERNOR
133058,8/5/2009,SIGNED INTO LAW 6/20 CHAPTER 44 SLA 09
133058,8/5/2009,EFFECTIVE DATE(S) OF LAW 1/1/10
133059,1/30/2009,READ THE FIRST TIME - REFERRALS
133059,1/30/2009,STA JUD
133059,1/30/2009,REFERRED TO STATE AFFAIRS
133060,1/30/2009,READ THE FIRST TIME - REFERRALS
133060,1/30/2009,L&C
133060,2/11/2009,L&C RPT 4DP 2NR
133060,2/11/2009,DP: BUCH COGHILL NEUMAN OLSON
133060,2/11/2009,NR: LYNN CHENAULT
133060,2/11/2009,FN1: ZERO(LWF)
133060,2/16/2009,RULES TO CALENDAR 2/16/2009
133060,2/16/2009,READ THE SECOND TIME
133060,2/16/2009,ADVANCED TO THIRD READING 2/18 CALENDAR
133060,2/18/2009,READ THE THIRD TIME HB 104
133060,2/18/2009,RETURN TO SECOND FOR AM 1 UNAN CONSENT
133060,2/18/2009,AM NO 1 FAILED Y15 N23 E2
133060,2/18/2009,AUTOMATICALLY IN THIRD READING
133060,2/18/2009,PASSED Y36 N2 E2
133060,2/18/2009,EFFECTIVE DATE(S) SAME AS PASSAGE
133060,2/18/2009,GARA NOTICE OF RECONSIDERATION
133060,2/23/2009,RECON HELD TO 2/25 PER UNIFORM RULE 30(D)
133060,2/25/2009,RECONSIDERATION NOT TAKEN UP
133060,2/25/2009,TRANSMITTED TO (S)
133060,2/25/2009,VERSION: HB 104
133060,2/27/2009,READ THE FIRST TIME - REFERRALS
133060,2/27/2009,L&C
133060,3/5/2009,L&C RPT 3DP
133060,3/5/2009,DP: PASKVAN MEYER DAVIS
133060,3/5/2009,FN1: ZERO(LWF)
133060,3/13/2009,RULES TO CALENDAR 3/13/2009
133060,3/13/2009,READ THE SECOND TIME
133060,3/13/2009,ADVANCED TO THIRD READING UNAN CONSENT
133060,3/13/2009,READ THE THIRD TIME HB 104
133060,3/13/2009,PASSED Y18 N- E1 V1
133060,3/13/2009,EFFECTIVE DATE(S) SAME AS PASSAGE
133060,3/13/2009,ELLIS NOTICE OF RECONSIDERATION
133060,3/16/2009,RECONSIDERATION NOT TAKEN UP
133060,3/16/2009,RETURN TO (H) TRANSMIT TO GOV NEXT
133060,3/16/2009,VERSION: HB 104
133060,3/18/2009,4:15 PM 3/16/09 TRANSMITTED TO GOVERNOR
133060,4/1/2009,SIGNED INTO LAW 3/30 CHAPTER 4 SLA 09
133060,4/1/2009,EFFECTIVE DATE(S) OF LAW 3/31/09
133061,1/30/2009,READ THE FIRST TIME - REFERRALS
133061,1/30/2009,L&C FIN
133061,3/2/2009,SPONSOR SUBSTITUTE INTRODUCED
133061,3/2/2009,READ THE FIRST TIME - REFERRALS
133061,3/2/2009,L&C FIN
133061,3/9/2009,COSPONSOR(S): MUNOZ
133061,4/7/2009,L&C RPT CS(L&C) 4DP 1NR
133061,4/7/2009,DP: LYNN COGHILL NEUMAN OLSON
133061,4/7/2009,NR: HOLMES
133061,4/7/2009,FN1: (LWF)
133061,4/7/2009,FN2: (LWF)
133061,4/11/2009,COSPONSOR(S): JOULE
133061,4/13/2009,FIN RPT CS(L&C) 9DP 1AM
133061,4/13/2009,DP: GARA AUSTERMAN CRAWFORD KELLY FAIRCLOUGH SALMON JOULE HAWKER
133061,4/13/2009,STOLTZE
133061,4/13/2009,AM: THOMAS
133061,4/13/2009,FN1: (LWF)
133061,4/13/2009,FN2: (LWF)
133061,4/15/2009,RULES TO CALENDAR 4/15/2009
133061,4/15/2009,READ THE SECOND TIME
133061,4/15/2009,L&C CS ADOPTED UNAN CONSENT
133061,4/15/2009,ADVANCED TO THIRD READING UNAN CONSENT
133061,4/15/2009,READ THE THIRD TIME CSSSHB 105(L&C)
133061,4/15/2009,PASSED Y38 E1 A1
133061,4/15/2009,EFFECTIVE DATE(S) SAME AS PASSAGE
133061,4/15/2009,COSPONSOR(S): KERTTULA TUCK
133061,4/15/2009,TRANSMITTED TO (S)
133061,4/15/2009,VERSION: CSSSHB 105(L&C)
133061,4/16/2009,READ THE FIRST TIME - REFERRALS
133061,4/16/2009,L&C FIN
133061,4/16/2009,L&C REFERRAL WAIVED
133061,4/18/2009,FIN RPT 5DP 1NR
133061,4/18/2009,DP: HOFFMAN STEDMAN THOMAS OLSON ELLIS
133061,4/18/2009,NR: HUGGINS
133061,4/18/2009,FN1: (LWF)
133061,4/18/2009,FN2: (LWF)
133061,4/19/2009,RULES TO CALENDAR 4/19/2009
133061,4/19/2009,READ THE SECOND TIME
133061,4/19/2009,ADVANCED TO THIRD READING UNAN CONSENT
133061,4/19/2009,READ THE THIRD TIME CSSSHB 105(L&C)
133061,4/19/2009,PASSED Y18 N- A1 V1
133061,4/19/2009,EFFECTIVE DATE(S) SAME AS PASSAGE
133061,4/19/2009,RETURN TO (H) TRANSMIT TO GOV NEXT
133061,4/19/2009,VERSION: CSSSHB 105(L&C)
133061,8/5/2009,11:00 AM 6/8/09 TRANSMITTED TO GOVERNOR
133061,8/5/2009,SIGNED INTO LAW 6/20 CHAPTER 36 SLA 09
133061,8/5/2009,EFFECTIVE DATE(S) OF LAW 6/21/09
133062,2/2/2009,READ THE FIRST TIME - REFERRALS
133062,2/2/2009,CRA STA
133062,2/27/2009,CRA RPT CS(CRA) NT 6DP 1NR
133062,2/27/2009,DP: CISSNA HARRIS GARDNER MILLETT HERRON MUNOZ
133062,2/27/2009,NR: KELLER
133062,2/27/2009,FN1: ZERO(DPS)
133062,4/13/2009,STA RPT CS(STA) NT 7DP
133062,4/13/2009,DP: JOHNSON GATTO SEATON GRUENBERG P.WILSON PETERSEN LYNN
133062,4/13/2009,FN1: ZERO(DPS)
133062,4/14/2009,RULES TO CALENDAR 4/14/2009
133062,4/14/2009,READ THE SECOND TIME
133062,4/14/2009,STA CS ADOPTED UNAN CONSENT
133062,4/14/2009,ADVANCED TO THIRD READING UNAN CONSENT
133062,4/14/2009,READ THE THIRD TIME CSHB 106(STA)
133062,4/14/2009,AM NO 1 (TITLE AM) ADOPTED UNAN CONSENT
133062,4/14/2009,PASSED Y35 E3 A2
133062,4/14/2009,JOULE NOTICE OF RECONSIDERATION
133062,4/14/2009,RECON TAKEN UP SAME DAY UC
133062,4/14/2009,PASSED ON RECONSIDERATION Y37 E3
133062,4/14/2009,COSPONSOR(S): HAWKER KERTTULA TUCK JOHNSON
133062,4/14/2009,TRANSMITTED TO (S)
133062,4/14/2009,VERSION: CSHB 106(STA)(TITLE AM)
133062,4/15/2009,READ THE FIRST TIME - REFERRALS
133062,4/15/2009,STA FIN
133062,4/16/2009,STA RPT 4DP
133062,4/16/2009,DP: MENARD FRENCH MEYER PASKVAN
133062,4/16/2009,FN1: ZERO(DPS)
133062,4/18/2009,FIN RPT 5DP
133062,4/18/2009,DP: HOFFMAN STEDMAN THOMAS HUGGINS OLSON
133062,4/18/2009,FN1: ZERO(DPS)
133062,4/19/2009,RULES TO CALENDAR 4/19/2009
133062,4/19/2009,READ THE SECOND TIME
133062,4/19/2009,ADVANCED TO THIRD READING UNAN CONSENT
133062,4/19/2009,READ THE THIRD TIME CSHB 106(STA)(TITLE AM)
133062,4/19/2009,PASSED Y19 N- V1
133062,4/19/2009,RETURN TO (H) TRANSMIT TO GOV NEXT
133062,4/19/2009,VERSION: CSHB 106(STA)(TITLE AM)
133062,8/5/2009,MANIFEST ERROR(S)
133062,8/5/2009,1:10 PM 6/19/09 TRANSMITTED TO GOVERNOR
133062,8/5/2009,SIGNED INTO LAW 7/7 CHAPTER 49 SLA 09
133062,8/5/2009,EFFECTIVE DATE(S) OF LAW 10/5/09
133063,2/2/2009,READ THE FIRST TIME - REFERRALS
133063,2/2/2009,L&C FIN
133063,2/2/2009,REFERRED TO LABOR & COMMERCE
133063,2/20/2009,COSPONSOR(S): GARDNER
133063,3/12/2009,COSPONSOR(S): BUCH
133064,2/2/2009,READ THE FIRST TIME - REFERRALS
133064,2/2/2009,L&C JUD
133064,2/16/2009,COSPONSOR(S): GATTO
133064,3/18/2009,L&C RPT CS(L&C) 1DP 5NR
133064,3/18/2009,DP: CHENAULT
133064,3/18/2009,NR: BUCH COGHILL NEUMAN HOLMES OLSON
133064,3/18/2009,FN1: ZERO(REV)
133064,4/7/2009,JUD RPT CS(JUD) 2DP 4NR 1AM
133064,4/7/2009,DP: COGHILL RAMRAS
133064,4/7/2009,NR: LYNN GRUENBERG DAHLSTROM GATTO
133064,4/7/2009,AM: HOLMES
133064,4/7/2009,FN1: ZERO(REV)
133064,4/10/2009,RULES TO CALENDAR 4/10/2009
133064,4/10/2009,READ THE SECOND TIME
133064,4/10/2009,JUD CS ADOPTED UNAN CONSENT
133064,4/10/2009,ADVANCED TO THIRD READING 4/11 CALENDAR
133064,4/11/2009,READ THE THIRD TIME CSHB 108(JUD)
133064,4/11/2009,RETURN TO SECOND FOR AM 1 UNAN CONSENT
133064,4/11/2009,AM NO 1 ADOPTED UNAN CONSENT
133064,4/11/2009,AUTOMATICALLY IN THIRD READING
133064,4/11/2009,PASSED Y34 E2 A4
133064,4/11/2009,TRANSMITTED TO (S)
133064,4/11/2009,VERSION: CSHB 108(JUD) AM
133064,4/13/2009,READ THE FIRST TIME - REFERRALS
133064,4/13/2009,L&C JUD
133064,4/17/2009,L&C RPT SCS 1NR 4AM SAME TITLE
133064,4/17/2009,NR: DAVIS
133064,4/17/2009,AM: PASKVAN MEYER THOMAS BUNDE
133064,4/17/2009,FN1: ZERO(REV)
133064,4/9/2010,JUD RPT SCS 2DP 2NR SAME TITLE
133064,4/9/2010,DP: FRENCH EGAN
133064,4/9/2010,NR: COGHILL WIELECHOWSKI
133064,4/9/2010,FN2: ZERO(REV)
133064,4/15/2010,RULES TO CALENDAR 4/15/2010
133064,4/15/2010,READ THE SECOND TIME
133064,4/15/2010,JUD SCS ADOPTED UNAN CONSENT
133064,4/15/2010,ADVANCED TO THIRD READING 4/16 CALENDAR
133064,4/16/2010,READ THE THIRD TIME SCS CSHB 108(JUD)
133064,4/16/2010,RETURN TO SECOND FOR AM 1 UNAN CONSENT
133064,4/16/2010,AM NO 1 ADOPTED UNAN CONSENT
133064,4/16/2010,RETURN TO SECOND FOR AM 2 UNAN CONSENT
133064,4/16/2010,AM NO 2 ADOPTED Y17 N2 E1
133064,4/16/2010,RETURN TO SECOND FOR AM 3 UNAN CONSENT
133064,4/16/2010,AM NO 3 ADOPTED UNAN CONSENT
133064,4/16/2010,AUTOMATICALLY IN THIRD READING
133064,4/16/2010,PASSED Y19 N- E1
133064,4/16/2010,TRANSMITTED TO (H) AS AMENDED
133064,4/16/2010,VERSION: SCS CSHB 108(JUD) AM S
133064,4/16/2010,HELD UNDER UNFINISHED BUSINESS
133064,4/18/2010,CONCUR AM OF (S) Y40
133064,7/9/2010,MANIFEST ERROR(S)
133064,7/9/2010,2:19 PM 6/7/10 TRANSMITTED TO GOVERNOR
133064,7/9/2010,SIGNED INTO LAW 6/9 CHAPTER 62 SLA 10
133064,7/9/2010,EFFECTIVE DATE(S) OF LAW 9/7/10
133065,2/2/2009,READ THE FIRST TIME - REFERRALS
133065,2/2/2009,EDC FIN
133065,2/11/2009,EDC RPT 7DP
133065,2/11/2009,DP: KELLER MUNOZ BUCH GARDNER EDGMON P.WILSON SEATON
133065,2/11/2009,FN1: ZERO(EED)
133065,2/27/2009,FIN RPT 7DP 3NR
133065,2/27/2009,DP: JOULE R.FOSTER AUSTERMAN KELLY FAIRCLOUGH HAWKER STOLTZE
133065,2/27/2009,NR: GARA CRAWFORD SALMON
133065,2/27/2009,FN1: ZERO(EED)
133065,3/12/2009,RULES TO CALENDAR 3/12/2009
133065,3/12/2009,READ THE SECOND TIME
133065,3/12/2009,ADVANCED TO THIRD READING 3/13 CALENDAR
133065,3/13/2009,READ THE THIRD TIME HB 109
133065,3/13/2009,PASSED Y37 E2 A1
133065,3/13/2009,EFFECTIVE DATE(S) SAME AS PASSAGE
133065,3/13/2009,TRANSMITTED TO (S)
133065,3/13/2009,VERSION: HB 109
133065,3/16/2009,READ THE FIRST TIME - REFERRALS
133065,3/16/2009,EDC FIN
133065,3/23/2009,EDC RPT 1DP 2NR
133065,3/23/2009,DP: DAVIS
133065,3/23/2009,NR: OLSON HUGGINS
133065,3/23/2009,FN1: ZERO(EED)
133065,4/16/2009,FIN RPT 2DP 4NR
133065,4/16/2009,DP: HUGGINS THOMAS
133065,4/16/2009,NR: HOFFMAN STEDMAN OLSON ELLIS
133065,4/16/2009,FN1: ZERO(EED)
133065,4/17/2009,RULES TO CALENDAR 4/17/2009
133065,4/17/2009,READ THE SECOND TIME
133065,4/17/2009,ADVANCED TO THIRD READING UNAN CONSENT
133065,4/17/2009,READ THE THIRD TIME HB 109
133065,4/17/2009,PASSED Y19 N- V1
133065,4/17/2009,EFFECTIVE DATE(S) SAME AS PASSAGE
133065,4/17/2009,RETURN TO (H) TRANSMIT TO GOV NEXT
133065,4/17/2009,VERSION: HB 109
133065,4/19/2009,1:40 PM 4/19/09 TRANSMITTED TO GOVERNOR
133065,8/5/2009,SIGNED INTO LAW 4/30 CHAPTER 7 SLA 09
133065,8/5/2009,EFFECTIVE DATE(S) OF LAW 5/1/09
133066,2/4/2009,READ THE FIRST TIME - REFERRALS
133066,2/4/2009,HSS L&C
133066,1/29/2010,HSS RPT CS(HSS) 6DP 1NR
133066,1/29/2010,DP: HOLMES T.WILSON SEATON LYNN CISSNA HERRON
133066,1/29/2010,NR: KELLER
133066,1/29/2010,FN1: ZERO(DHS)
133066,2/19/2010,L&C RPT CS(HSS) 2DP 3NR
133066,2/19/2010,DP: HOLMES T.WILSON
133066,2/19/2010,NR: BUCH NEUMAN OLSON
133066,2/19/2010,FN1: ZERO(DHS)
133066,2/19/2010,FN2: ZERO(CED)
133066,2/24/2010,RULES TO CALENDAR 2/24/2010
133066,2/24/2010,READ THE SECOND TIME
133066,2/24/2010,HSS CS ADOPTED UNAN CONSENT
133066,2/24/2010,ADVANCED TO THIRD READING UNAN CONSENT
133066,2/24/2010,READ THE THIRD TIME CSHB 110(HSS)
133066,2/24/2010,PASSED Y39 E1
133066,2/24/2010,COSPONSOR(S): JOHNSON TUCK
133066,2/24/2010,TRANSMITTED TO (S)
133066,2/24/2010,VERSION: CSHB 110(HSS)
133066,2/26/2010,READ THE FIRST TIME - REFERRALS
133066,2/26/2010,EDC L&C
133066,3/26/2010,EDC RPT 4DP 2NR
133066,3/26/2010,DP: MEYER THOMAS HUGGINS DAVIS
133066,3/26/2010,NR: OLSON STEVENS
133066,3/26/2010,FN1: ZERO(DHS)
133066,3/26/2010,FN2: ZERO(CED)
133066,4/9/2010,L&C RPT 4DP
133066,4/9/2010,DP: PASKVAN DAVIS BUNDE MEYER
133066,4/9/2010,FN1: ZERO(DHS)
133066,4/9/2010,FN2: ZERO(CED)
133066,4/14/2010,RULES TO CALENDAR 4/14/2010
133066,4/14/2010,READ THE SECOND TIME
133066,4/14/2010,ADVANCED TO THIRD READING UNAN CONSENT
133066,4/14/2010,READ THE THIRD TIME CSHB 110(HSS)
133066,4/14/2010,PASSED Y20 N-
133066,4/14/2010,RETURN TO (H) TRANSMIT TO GOV NEXT
133066,4/14/2010,VERSION: CSHB 110(HSS)
133066,7/9/2010,2:06 PM 5/27/10 TRANSMITTED TO GOVERNOR
133066,7/9/2010,SIGNED INTO LAW 6/1 CHAPTER 26 SLA 10
133066,7/9/2010,EFFECTIVE DATE(S) OF LAW 8/30/10
133067,2/4/2009,READ THE FIRST TIME - REFERRALS
133067,2/4/2009,L&C
133067,2/4/2009,REFERRED TO LABOR & COMMERCE
133068,2/4/2009,READ THE FIRST TIME - REFERRALS
133068,2/4/2009,L&C RES
133068,2/4/2009,REFERRED TO LABOR & COMMERCE
133069,2/4/2009,READ THE FIRST TIME - REFERRALS
133069,2/4/2009,FIN
133069,2/4/2009,OMB SPREADSHEET
133069,2/4/2009,GOVERNOR'S TRANSMITTAL LETTER
133069,4/7/2009,FIN RPT CS(FIN) NT 7DP 3NR
133069,4/7/2009,DP: THOMAS KELLY AUSTERMAN JOULE FAIRCLOUGH HAWKER STOLTZE
133069,4/7/2009,NR: GARA CRAWFORD SALMON
133069,4/8/2009,RULES TO CALENDAR 4/8/2009
133069,4/8/2009,READ THE SECOND TIME
133069,4/8/2009,FIN CS ADOPTED UNAN CONSENT
133069,4/8/2009,ADVANCED TO THIRD READING 4/10 CALENDAR
133069,4/10/2009,READ THE THIRD TIME CSHB 113(FIN)
133069,4/10/2009,RETURN TO SECOND FOR AMS 1 - 4 UC
133069,4/10/2009,AM NO 1 ADOPTED UNAN CONSENT
133069,4/10/2009,AM NO 2 ADOPTED UNAN CONSENT
133069,4/10/2009,AM NO 3 ADOPTED UNAN CONSENT
133069,4/10/2009,AM NO 4 ADOPTED UNAN CONSENT
133069,4/10/2009,AUTOMATICALLY IN THIRD READING
133069,4/10/2009,PASSED Y39 A1
133069,4/10/2009,EFFECTIVE DATE(S) SAME AS PASSAGE
133069,4/10/2009,CBRF SECTION(S) FAILED Y26 N14
133069,4/10/2009,ENGROSSED AND SIGNED
133069,4/11/2009,BILL REPRINTED (P 9 & 12 CORRECTED) 4/11/09
133069,4/11/2009,TRANSMITTED TO (S)
133069,4/11/2009,VERSION: CSHB 113(FIN) AM(BRF SUP MAJ FLD)
133069,4/13/2009,READ THE FIRST TIME - REFERRALS
133069,4/13/2009,FIN
133069,4/19/2009,RULES TO CALENDAR 4/19/2009
133069,4/19/2009,MOVED TO BOTTOM OF CALENDAR
133069,4/19/2009,FIN RPT SCS 6DP TECH TITLE CHANGE
133069,4/19/2009,DP: HOFFMAN STEDMAN HUGGINS THOMAS OLSON ELLIS
133069,4/19/2009,READ THE SECOND TIME
133069,4/19/2009,FIN SCS ADOPTED UNAN CONSENT
133069,4/19/2009,ADVANCED TO THIRD READING UNAN CONSENT
133069,4/19/2009,READ THE THIRD TIME SCS CSHB 113(FIN)
133069,4/19/2009,RETURN TO SECOND FOR AM 1 UNAN CONSENT
133069,4/19/2009,AM NO 1 FAILED Y4 N13 A2 V1
133069,4/19/2009,RETURN TO SECOND FOR AM 2 UNAN CONSENT
133069,4/19/2009,AM NO 2 FAILED Y4 N15 V1
133069,4/19/2009,RETURN TO SECOND FOR AM 3 UNAN CONSENT
133069,4/19/2009,AM NO 3 FAILED Y4 N15 V1
133069,4/19/2009,RETURN TO SECOND FOR AM 4 UNAN CONSENT
133069,4/19/2009,AM NO 4 FAILED Y4 N14 A1 V1
133069,4/19/2009,AUTOMATICALLY IN THIRD READING
133069,4/19/2009,PASSED Y15 N4 V1
133069,4/19/2009,EFFECTIVE DATE(S) SAME AS PASSAGE
133069,4/19/2009,CBRF SECTION(S) ADOPTED Y15 N4 V1
133069,4/19/2009,TRANSMITTED TO (H) AS AMENDED
133069,4/19/2009,VERSION: SCS CSHB 113(FIN)
133069,4/19/2009,CONCUR MESSAGE
133069,4/19/2009,CONCUR AM OF (S) Y36 N4
133069,4/19/2009,EFFECTIVE DATE(S) SAME AS PASSAGE
133069,4/19/2009,CBRF SECTION(S) FAILED Y26 N14
133069,4/19/2009,SCS CSHB 113(FIN)(BRF SUP MAJ FLD H)
133069,8/5/2009,MANIFEST ERROR(S)
133069,8/5/2009,10:05 AM 5/1/09 TRANSMITTED TO GOVERNOR
133069,8/5/2009,SIGNED INTO LAW 5/21 CHAPTER 14 SLA 09
133069,8/5/2009,PARTIAL VETO AND REDUCTIONS
133069,8/5/2009,EFFECTIVE DATE(S) OF LAW SEE CHAPTER
133070,2/4/2009,READ THE FIRST TIME - REFERRALS
133070,2/4/2009,TRA FIN
133070,3/13/2009,TRA RPT CS(TRA) NT 3DP 2NR
133070,3/13/2009,DP: MUNOZ JOHNSON GRUENBERG
133070,3/13/2009,NR: JOHANSEN P.WILSON
133070,3/13/2009,FN1: ZERO(MVA)
133070,3/16/2009,COSPONSOR(S): P.WILSON
133070,4/7/2009,FIN RPT CS(TRA) NT 6DP 1NR
133070,4/7/2009,DP: THOMAS AUSTERMAN FAIRCLOUGH JOULE HAWKER STOLTZE
133070,4/7/2009,NR: SALMON
133070,4/7/2009,FN1: ZERO(MVA)
133070,4/7/2009,FN2: ZERO(CED)
133070,4/7/2009,FN3: ZERO(DFG)
133070,4/7/2009,FN4: ZERO(DOT)
133070,4/7/2009,COSPONSOR(S): STOLTZE
133070,4/14/2009,RULES TO CALENDAR 4/14/2009
133070,4/14/2009,MOVED TO BOTTOM OF CALENDAR
133070,4/14/2009,READ THE SECOND TIME
133070,4/14/2009,TRA CS ADOPTED UNAN CONSENT
133070,4/14/2009,ADVANCED TO THIRD READING 4/15 CALENDAR
133070,4/14/2009,COSPONSOR(S): LYNN
133070,4/15/2009,READ THE THIRD TIME CSHB 114(TRA)
133070,4/15/2009,RETURN TO SECOND FOR AM 1 UNAN CONSENT
133070,4/15/2009,AM NO 1 ADOPTED Y20 N19 E1
133070,4/15/2009,AUTOMATICALLY IN THIRD READING
133070,4/15/2009,PASSED Y39 E1
133070,4/15/2009,TRANSMITTED TO (S)
133070,4/15/2009,VERSION: CSHB 114(TRA) AM
133070,4/16/2009,READ THE FIRST TIME - REFERRALS
133070,4/16/2009,TRA FIN
133070,3/2/2010,TRA RPT SCS 5DP SAME TITLE
133070,3/2/2010,DP: KOOKESH DAVIS MEYER PASKVAN MENARD
133070,3/2/2010,FN5: ZERO(MVA)
133070,3/2/2010,FN6: ZERO(DFG)
133070,3/2/2010,FN7: ZER0(DOT)
133070,4/13/2010,CROSS SPONSOR(S): HOFFMAN STEDMAN DYSON MENARD
133070,4/14/2010,FIN RPT SCS(TRA) 7DP
133070,4/14/2010,DP: HOFFMAN STEDMAN HUGGINS THOMAS EGAN OLSON ELLIS
133070,4/14/2010,FN5: ZERO(MVA)
133070,4/14/2010,FN6: ZERO(DFG)
133070,4/14/2010,FN7: ZER0(DOT)
133070,4/14/2010,FN8: ZERO(CED)
133070,4/16/2010,RULES TO CALENDAR 4/16/2010
133070,4/16/2010,READ THE SECOND TIME
133070,4/16/2010,TRA SCS ADOPTED UNAN CONSENT
133070,4/16/2010,ADVANCED TO THIRD READING UNAN CONSENT
133070,4/16/2010,READ THE THIRD TIME SCS CSHB 114(TRA)
133070,4/16/2010,CROSS SPONSOR(S): COGHILL THOMAS FRENCH MCGUIRE PASKVAN ELLIS HUGGINS
133070,4/16/2010,OLSON KOOKESH STEVENS WAGONER
133070,4/16/2010,PASSED Y18 N- E1 A1
133070,4/16/2010,TRANSMITTED TO (H) AS AMENDED
133070,4/16/2010,VERSION: SCS CSHB 114(TRA)
133070,4/16/2010,HELD UNDER UNFINISHED BUSINESS
133070,4/18/2010,CONCUR AM OF (S) Y40
133070,7/9/2010,2:06 PM 5/27/10 TRANSMITTED TO GOVERNOR
133070,7/9/2010,SIGNED INTO LAW 6/2 CHAPTER 40 SLA 10
133070,7/9/2010,EFFECTIVE DATE(S) OF LAW 8/31/10
133071,2/4/2009,READ THE FIRST TIME - REFERRALS
133071,2/4/2009,STA FIN
133071,2/19/2010,JUD REFERRAL ADDED AFTER STA
133071,2/19/2010,COSPONSOR(S): GRUENBERG
133071,2/23/2010,STA RPT CS(STA) 3DP 2NR
133071,2/23/2010,DP: SEATON GRUENBERG PETERSEN
133071,2/23/2010,NR: P.WILSON LYNN
133071,2/23/2010,FN1: (GOV)
133071,2/23/2010,REFERRED TO JUDICIARY
133071,2/24/2010,COSPONSOR(S): KERTTULA
133071,3/11/2010,COSPONSOR(S): HOLMES
133072,2/6/2009,READ THE FIRST TIME - REFERRALS
133072,2/6/2009,STA FIN
133072,3/5/2009,STA RPT 4DP
133072,3/5/2009,DP: GATTO SEATON GRUENBERG LYNN
133072,3/5/2009,FN1: ZERO(ADM)
133072,3/5/2009,REFERRED TO FINANCE
133072,3/12/2009,COSPONSOR(S): GARA R.FOSTER
133073,2/6/2009,READ THE FIRST TIME - REFERRALS
133073,2/6/2009,FSH RES FIN
133073,2/6/2009,REFERRED TO FISHERIES
133073,2/13/2009,COSPONSOR(S): KERTTULA
133074,2/6/2009,READ THE FIRST TIME - REFERRALS
133074,2/6/2009,HSS FIN
133074,2/25/2009,SPONSOR SUBSTITUTE INTRODUCED
133074,2/25/2009,READ THE FIRST TIME - REFERRALS
133074,2/25/2009,HSS FIN
133074,2/25/2009,REFERRED TO HEALTH & SOCIAL SERVICES
133075,2/6/2009,READ THE FIRST TIME - REFERRALS
133075,2/6/2009,L&C RES FIN
133075,2/6/2009,REFERRED TO LABOR & COMMERCE
133075,2/13/2009,COSPONSOR(S): KERTTULA
133075,2/16/2009,COSPONSOR(S): HARRIS
133076,2/6/2009,READ THE FIRST TIME - REFERRALS
133076,2/6/2009,RES FIN
133076,2/6/2009,REFERRED TO RESOURCES
133076,4/11/2009,COSPONSOR(S): MILLETT
133077,2/9/2009,READ THE FIRST TIME - REFERRALS
133077,2/9/2009,CRA FIN
133077,2/18/2009,CRA RPT 5DP 2NR
133077,2/18/2009,DP: HARRIS CISSNA KELLER HERRON MUNOZ
133077,2/18/2009,NR: MILLETT GARDNER
133077,2/18/2009,FN1: ZERO(CED)
133077,3/12/2009,COSPONSOR(S): GARA RAMRAS
133077,3/13/2009,COSPONSOR(S): KELLY
133077,3/18/2009,COSPONSOR(S): HARRIS
133077,4/6/2009,FIN RPT CS(FIN) NT 6DP 2NR 1AM
133077,4/6/2009,DP: R.FOSTER CRAWFORD AUSTERMAN KELLY FAIRCLOUGH HAWKER
133077,4/6/2009,NR: THOMAS JOULE
133077,4/6/2009,AM: GARA
133077,4/6/2009,FN1: ZERO(CED)
133077,4/6/2009,COSPONSOR(S): R.FOSTER THOMAS
133077,4/10/2009,RULES TO CALENDAR 4/10/2009
133077,4/10/2009,READ THE SECOND TIME
133077,4/10/2009,FIN CS ADOPTED UNAN CONSENT
133077,4/10/2009,AM NO 1 FAILED Y14 N26
133077,4/10/2009,ADVANCED TO THIRD READING UNAN CONSENT
133077,4/10/2009,READ THE THIRD TIME CSHB 121(FIN)
133077,4/10/2009,PASSED Y40
133077,4/10/2009,COSPONSOR(S): LYNN
133077,4/10/2009,TRANSMITTED TO (S)
133077,4/10/2009,VERSION: CSHB 121(FIN)
133077,4/11/2009,READ THE FIRST TIME - REFERRALS
133077,4/11/2009,FIN
133077,4/18/2009,FIN RPT 4DP 2NR
133077,4/18/2009,DP: HOFFMAN STEDMAN THOMAS ELLIS
133077,4/18/2009,NR: HUGGINS OLSON
133077,4/18/2009,FN1: ZERO(CED)
133077,4/18/2009,RULES TO CALENDAR 4/18/2009
133077,4/18/2009,READ THE SECOND TIME
133077,4/18/2009,ADVANCED TO THIRD READING UNAN CONSENT
133077,4/18/2009,READ THE THIRD TIME CSHB 121(FIN)
133077,4/18/2009,CROSS SPONSOR(S): THERRIAULT DYSON PASKVAN
133077,4/18/2009,PASSED Y18 N- A1 V1
133077,4/18/2009,RETURN TO (H) TRANSMIT TO GOV NEXT
133077,4/18/2009,VERSION: CSHB 121(FIN)
133077,8/5/2009,MANIFEST ERROR(S)
133077,8/5/2009,4:20 PM 5/21/09 TRANSMITTED TO GOVERNOR
133077,8/5/2009,SIGNED INTO LAW 5/25 CHAPTER 26 SLA 09
133077,8/5/2009,EFFECTIVE DATE(S) OF LAW 8/23/09
133078,2/9/2009,READ THE FIRST TIME - REFERRALS
133078,2/9/2009,CRA FIN
133078,2/9/2009,REFERRED TO COMMUNITY & REGIONAL AFFAIRS
133079,2/11/2009,READ THE FIRST TIME - REFERRALS
133079,2/11/2009,STA FIN
133079,2/13/2009,COSPONSOR(S): KERTTULA
133079,3/27/2009,STA RPT CS(STA) NT 4DP 1NR
133079,3/27/2009,DP: SEATON GRUENBERG P.WILSON LYNN
133079,3/27/2009,NR: JOHNSON
133079,3/27/2009,FN1: (DHS)
133079,3/27/2009,FN2: (DHS)
133079,4/10/2009,FIN RPT CS(FIN) NT 7DP 2NR 1AM
133079,4/10/2009,DP: R.FOSTER CRAWFORD AUSTERMAN JOULE SALMON FAIRCLOUGH STOLTZE
133079,4/10/2009,NR: GARA HAWKER
133079,4/10/2009,AM: THOMAS
133079,4/10/2009,FN1: (DHS)
133079,4/10/2009,FN2: (DHS)
133079,4/11/2009,RULES TO CALENDAR 4/11/2009
133079,4/11/2009,READ THE SECOND TIME
133079,4/11/2009,FIN CS ADOPTED UNAN CONSENT
133079,4/11/2009,AM NO 1 ADOPTED UNAN CONSENT
133079,4/11/2009,ADVANCED TO THIRD READING UNAN CONSENT
133079,4/11/2009,READ THE THIRD TIME CSHB 123(FIN) AM
133079,4/11/2009,PASSED Y38 E2
133079,4/11/2009,EFFECTIVE DATE(S) SAME AS PASSAGE
133079,4/11/2009,COSPONSOR(S): DAHLSTROM GARDNER TUCK KAWASAKI
133079,4/11/2009,TRANSMITTED TO (S)
133079,4/11/2009,VERSION: CSHB 123(FIN) AM
133079,4/13/2009,READ THE FIRST TIME - REFERRALS
133079,4/13/2009,FIN
133079,4/13/2009,CROSS SPONSOR(S): THERRIAULT DAVIS ELLIS MEYER PASKVAN MENARD THOMAS
133079,4/17/2009,FIN RPT 5DP 1NR
133079,4/17/2009,DP: HOFFMAN STEDMAN HUGGINS THOMAS ELLIS
133079,4/17/2009,NR: OLSON
133079,4/17/2009,FN1: (DHS)
133079,4/17/2009,FN2: (DHS)
133079,4/19/2009,RULES TO CALENDAR 4/19/2009
133079,4/19/2009,READ THE SECOND TIME
133079,4/19/2009,ADVANCED TO THIRD READING UNAN CONSENT
133079,4/19/2009,READ THE THIRD TIME CSHB 123(FIN) AM
133079,4/19/2009,CROSS SPONSOR(S): DYSON WAGONER MCGUIRE
133079,4/19/2009,PASSED Y18 N- A1 V1
133079,4/19/2009,EFFECTIVE DATE(S) SAME AS PASSAGE
133079,4/19/2009,RETURN TO (H) TRANSMIT TO GOV NEXT
133079,4/19/2009,VERSION: CSHB 123(FIN) AM
133079,8/5/2009,2:10 PM 6/12/09 TRANSMITTED TO GOVERNOR
133079,8/5/2009,SIGNED INTO LAW 6/20 CHAPTER 43 SLA 09
133079,8/5/2009,EFFECTIVE DATE(S) OF LAW 6/21/09
133080,2/11/2009,READ THE FIRST TIME - REFERRALS
133080,2/11/2009,STA JUD
133080,2/11/2009,REFERRED TO STATE AFFAIRS
133081,2/11/2009,READ THE FIRST TIME - REFERRALS
133081,2/11/2009,L&C FIN
133081,2/11/2009,REFERRED TO LABOR & COMMERCE
133081,2/13/2009,COSPONSOR(S): GRUENBERG
133082,2/11/2009,READ THE FIRST TIME - REFERRALS
133082,2/11/2009,EDC HSS FIN
133082,2/13/2009,COSPONSOR(S): KERTTULA
133082,3/12/2009,EDC RPT CS(EDC) NT 2DP 2NR
133082,3/12/2009,DP: GARDNER BUCH
133082,3/12/2009,NR: KELLER SEATON
133082,3/12/2009,FN1: (DHS)
133082,3/12/2009,FN2: (DHS)
133082,3/12/2009,FN3: (DHS)
133082,3/12/2009,COSPONSOR(S): GARDNER HARRIS R.FOSTER EDGMON
133082,3/18/2009,COSPONSOR(S): MUNOZ
133082,4/14/2009,COSPONSOR(S): LYNN
133082,4/7/2010,HSS RPT CS(HSS) NT 5DP 1NR
133082,4/7/2010,DP: HOLMES SEATON CISSNA KELLER HERRON
133082,4/7/2010,NR: T.WILSON
133082,4/7/2010,FN4: (DHS)
133082,4/7/2010,FN5: (DHS)
133082,4/7/2010,FN6: (DHS)
133082,4/8/2010,COSPONSOR(S): HERRON DAHLSTROM
133082,4/10/2010,COSPONSOR(S): JOHANSEN
133082,4/12/2010,FIN RPT CS(FIN) NT 7DP 3NR
133082,4/12/2010,DP: THOMAS DOOGAN JOULE GARA N.FOSTER FAIRCLOUGH SALMON
133082,4/12/2010,NR: KELLY STOLTZE HAWKER
133082,4/12/2010,FN4: (DHS)
133082,4/12/2010,FN5: (DHS)
133082,4/12/2010,FN6: (DHS)
133082,4/12/2010,COSPONSOR(S): MILLETT
133082,4/13/2010,RULES TO CALENDAR 4/13/2010
133082,4/13/2010,READ THE SECOND TIME
133082,4/13/2010,FIN CS ADOPTED UNAN CONSENT
133082,4/13/2010,ADVANCED TO THIRD READING UNAN CONSENT
133082,4/13/2010,READ THE THIRD TIME CSHB 126(FIN)
133082,4/13/2010,PASSED Y40
133082,4/13/2010,EFFECTIVE DATE(S) SAME AS PASSAGE
133082,4/13/2010,DAHLSTROM NOTICE OF RECONSIDERATION
133082,4/13/2010,RECON TAKEN UP SAME DAY UC
133082,4/13/2010,PASSED ON RECONSIDERATION Y40
133082,4/13/2010,EFFECTIVE DATE(S) SAME AS PASSAGE
133082,4/13/2010,COSPONSOR(S): DOOGAN GRUENBERG P.WILSON PETERSEN BUCH HOLMES TUCK JOULE
133082,4/13/2010,GUTTENBERG N.FOSTER JOHNSON CISSNA
133082,4/13/2010,TRANSMITTED TO (S)
133082,4/13/2010,VERSION: CSHB 126(FIN)
133082,4/14/2010,READ THE FIRST TIME - REFERRALS
133082,4/14/2010,FIN
133082,4/16/2010,CROSS SPONSOR(S): THOMAS MCGUIRE
133082,4/18/2010,FIN RPT 4DP 3NR
133082,4/18/2010,DP: HOFFMAN THOMAS EGAN ELLIS
133082,4/18/2010,NR: STEDMAN HUGGINS OLSON
133082,4/18/2010,FN4: (DHS)
133082,4/18/2010,FN5: (DHS)
133082,4/18/2010,FN6: (DHS)
133082,4/18/2010,RULES TO CALENDAR 4/18/2010
133082,4/18/2010,READ THE SECOND TIME
133082,4/18/2010,ADVANCED TO THIRD READING UNAN CONSENT
133082,4/18/2010,READ THE THIRD TIME CSHB 126(FIN)
133082,4/18/2010,CROSS SPONSOR(S): DAVIS FRENCH ELLIS PASKVAN WIELECHOWSKI EGAN MEYER
133082,4/18/2010,PASSED Y20 N-
133082,4/18/2010,EFFECTIVE DATE(S) SAME AS PASSAGE
133082,4/18/2010,RETURN TO (H) TRANSMIT TO GOV NEXT
133082,4/18/2010,VERSION: CSHB 126(FIN)
133082,7/9/2010,2:35 PM 6/14/10 TRANSMITTED TO GOVERNOR
133082,7/9/2010,SIGNED INTO LAW 6/15 CHAPTER 80 SLA 10
133082,7/9/2010,EFFECTIVE DATE(S) OF LAW 1/1/11
133083,2/13/2009,READ THE FIRST TIME - REFERRALS
133083,2/13/2009,TRA FIN
133083,3/18/2009,TRA RPT 2DNP 5NR
133083,3/18/2009,DNP: DOOGAN P.WILSON
133083,3/18/2009,NR: JOHANSEN MUNOZ HARRIS JOHNSON GRUENBERG
133083,3/18/2009,FN1: (CED)
133083,3/18/2009,REFERRED TO FINANCE
133084,2/13/2009,READ THE FIRST TIME - REFERRALS
133084,2/13/2009,STA FIN
133084,2/13/2009,REFERRED TO STATE AFFAIRS
133085,2/13/2009,READ THE FIRST TIME - REFERRALS
133085,2/13/2009,L&C
133085,3/5/2009,L&C RPT 5DP
133085,3/5/2009,DP: LYNN BUCH COGHILL HOLMES NEUMAN
133085,3/5/2009,FN1: ZERO(CED)
133085,3/25/2009,RLS RPT CS(RLS) NT 4DP 2NR
133085,3/25/2009,DP: KERTTULA GARDNER OLSON COGHILL
133085,3/25/2009,NR: MILLETT HERRON
133085,3/25/2009,FN1: ZERO(CED)
133085,3/27/2009,RULES TO CALENDAR 3/27/2009
133085,3/27/2009,READ THE SECOND TIME
133085,3/27/2009,RLS CS ADOPTED UNAN CONSENT
133085,3/27/2009,ADVANCED TO THIRD READING UNAN CONSENT
133085,3/27/2009,READ THE THIRD TIME CSHB 129(RLS)
133085,3/27/2009,PASSED Y37 E3
133085,3/27/2009,COSPONSOR(S): LYNN JOHNSON TUCK
133085,3/27/2009,TRANSMITTED TO (S)
133085,3/27/2009,VERSION: CSHB 129(RLS)
133085,3/30/2009,READ THE FIRST TIME - REFERRALS
133085,3/30/2009,L&C JUD
133085,4/10/2009,L&C RPT 5DP
133085,4/10/2009,DP: PASKVAN MEYER THOMAS BUNDE DAVIS
133085,4/10/2009,FN1: ZERO(CED)
133085,4/18/2009,JUD RPT 1DP 3NR
133085,4/18/2009,DP: FRENCH
133085,4/18/2009,NR: THERRIAULT WIELECHOWSKI MCGUIRE
133085,4/18/2009,FN1: ZERO(CED)
133085,4/19/2009,RULES TO CALENDAR 4/19/2009
133085,4/19/2009,READ THE SECOND TIME
133085,4/19/2009,ADVANCED TO THIRD READING UNAN CONSENT
133085,4/19/2009,READ THE THIRD TIME CSHB 129(RLS)
133085,4/19/2009,PASSED Y19 N- V1
133085,4/19/2009,RETURN TO (H) TRANSMIT TO GOV NEXT
133085,4/19/2009,VERSION: CSHB 129(RLS)
133085,8/5/2009,1:10 PM 6/19/09 TRANSMITTED TO GOVERNOR
133085,8/5/2009,SIGNED INTO LAW 7/9 CHAPTER 54 SLA 09
133085,8/5/2009,EFFECTIVE DATE(S) OF LAW 10/7/09
133086,2/13/2009,READ THE FIRST TIME - REFERRALS
133086,2/13/2009,EDC HSS
133086,2/16/2009,COSPONSOR(S): GARDNER
133086,4/10/2009,EDC RPT CS(EDC) 5DP 1NR
133086,4/10/2009,DP: MUNOZ P.WILSON GARDNER BUCH SEATON
133086,4/10/2009,NR: KELLER
133086,4/10/2009,FN1: ZERO(EED)
133086,4/10/2009,REFERRED TO HEALTH & SOCIAL SERVICES
133087,2/13/2009,READ THE FIRST TIME - REFERRALS
133087,2/13/2009,TRA STA
133087,2/13/2009,REFERRED TO TRANSPORTATION
133087,3/25/2009,COSPONSOR(S): KERTTULA
133088,2/13/2009,READ THE FIRST TIME - REFERRALS
133088,2/13/2009,TRA FIN
133088,3/19/2009,COSPONSOR(S): P.WILSON
133088,3/23/2009,TRA RPT CS(TRA) NT 2DP 3NR
133088,3/23/2009,DP: GRUENBERG P.WILSON
133088,3/23/2009,NR: JOHANSEN MUNOZ DOOGAN
133088,3/23/2009,FN1: ZERO(DOT)
133088,3/23/2009,REFERRED TO FINANCE
133088,4/7/2009,COSPONSOR(S): AUSTERMAN
133089,2/13/2009,READ THE FIRST TIME - REFERRALS
133089,2/13/2009,TRA FIN
133089,2/13/2009,REFERRED TO TRANSPORTATION
133090,2/13/2009,READ THE FIRST TIME - REFERRALS
133090,2/13/2009,CRA RES
133090,2/18/2009,CRA RPT CS(CRA) NT 5DP
133090,2/18/2009,DP: HARRIS MILLETT KELLER HERRON MUNOZ
133090,2/18/2009,FN1: ZERO(DEC)
133090,2/23/2009,COSPONSOR(S): HAWKER
133090,3/30/2009,RES RPT CS(RES) NT 3DP 1DNP 4NR 1AM
133090,3/30/2009,DP: P.WILSON JOHNSON NEUMAN
133090,3/30/2009,DNP: KAWASAKI
133090,3/30/2009,NR: OLSON EDGMON GUTTENBERG TUCK
133090,3/30/2009,AM: SEATON
133090,3/30/2009,FN1: ZERO(DEC)
133090,4/1/2009,CORRECTED RES RPT CS(RES) NT 3DP 4NR 2AM
133090,4/1/2009,KAWASAKI SIGNED RESOURCES RPT AM
133090,4/1/2009,RULES TO CALENDAR 4/1/2009
133090,4/1/2009,READ THE SECOND TIME
133090,4/1/2009,RES CS ADOPTED UNAN CONSENT
133090,4/1/2009,ADVANCED TO THIRD READING 4/2 CALENDAR
133090,4/2/2009,READ THE THIRD TIME CSHB 134(RES)
133090,4/2/2009,MOTION TO RETURN TO SECOND FOR AM 1 WITHDRAWN
133090,4/2/2009,PASSED Y32 N2 E4 A2
133090,4/2/2009,EFFECTIVE DATE(S) SAME AS PASSAGE
133090,4/2/2009,COSPONSOR(S): DAHLSTROM
133090,4/2/2009,TRANSMITTED TO (S)
133090,4/2/2009,VERSION: CSHB 134(RES)
133090,4/3/2009,READ THE FIRST TIME - REFERRALS
133090,4/3/2009,RES FIN
133090,4/11/2009,RES RPT SCS 1DP 2NR 2AM SAME TITLE
133090,4/11/2009,DP: WIELECHOWSKI
133090,4/11/2009,NR: HUGGINS FRENCH
133090,4/11/2009,AM: MCGUIRE STEVENS
133090,4/11/2009,FN1: ZERO(DEC)
133090,4/16/2009,FIN RPT SCS 5DP 1NR SAME TITLE
133090,4/16/2009,DP: HOFFMAN STEDMAN HUGGINS THOMAS ELLIS
133090,4/16/2009,NR: OLSON
133090,4/16/2009,FN1: ZERO(DEC)
133090,4/16/2009,RULES TO CALENDAR 4/16/2009
133090,4/16/2009,READ THE SECOND TIME
133090,4/16/2009,FIN SCS ADOPTED UNAN CONSENT
133090,4/16/2009,ADVANCED TO THIRD READING UNAN CONSENT
133090,4/16/2009,READ THE THIRD TIME SCS CSHB 134(FIN)
133090,4/16/2009,PASSED Y19 N- V1
133090,4/16/2009,EFFECTIVE DATE(S) SAME AS PASSAGE
133090,4/16/2009,TRANSMITTED TO (H) AS AMENDED
133090,4/16/2009,VERSION: SCS CSHB 134(FIN)
133090,4/17/2009,HELD UNDER UNFINISHED BUSINESS
133090,4/17/2009,CONCUR AM OF (S) Y39 N1
133090,4/17/2009,EFFECTIVE DATE(S) SAME AS PASSAGE
133090,8/5/2009,MANIFEST ERROR(S)
133090,8/5/2009,1:10 PM 6/19/09 TRANSMITTED TO GOVERNOR
133090,8/5/2009,SIGNED INTO LAW 7/9 CHAPTER 53 SLA 09
133090,8/5/2009,EFFECTIVE DATE(S) OF LAW SEE CHAPTER
133091,2/16/2009,READ THE FIRST TIME - REFERRALS
133091,2/16/2009,HSS FIN
133091,2/16/2009,FN1: (DHS)
133091,2/16/2009,GOVERNOR'S TRANSMITTAL LETTER
133091,2/16/2009,REFERRED TO HEALTH & SOCIAL SERVICES
133092,2/16/2009,READ THE FIRST TIME - REFERRALS
133092,2/16/2009,STA JUD
133092,3/12/2009,STA RPT CS(STA) 1DP 4AM
133092,3/12/2009,DP: LYNN
133092,3/12/2009,AM: JOHNSON SEATON GRUENBERG PETERSEN
133092,3/12/2009,FN1: ZERO(DNR)
133092,3/12/2009,FN2: ZERO(DPS)
133092,3/12/2009,REFERRED TO JUDICIARY
133093,2/16/2009,READ THE FIRST TIME - REFERRALS
133093,2/16/2009,EDC JUD FIN
133093,2/18/2009,COSPONSOR(S): HARRIS
133093,3/23/2009,EDC RPT 5DP 1NR
133093,3/23/2009,DP: MUNOZ P.WILSON GARDNER BUCH SEATON
133093,3/23/2009,NR: KELLER
133093,3/23/2009,FN1: (EED)
133093,3/30/2009,COSPONSOR(S): RAMRAS LYNN
133093,4/1/2009,JUD RPT 6DP
133093,4/1/2009,DP: LYNN GRUENBERG COGHILL GATTO HOLMES RAMRAS
133093,4/1/2009,FN1: (EED)
133093,4/7/2009,COSPONSOR(S): R.FOSTER THOMAS FAIRCLOUGH
133093,4/8/2009,FIN RPT 10DP 1NR
133093,4/8/2009,DP: THOMAS CRAWFORD R.FOSTER AUSTERMAN KELLY JOULE SALMON FAIRCLOUGH
133093,4/8/2009,HAWKER STOLTZE
133093,4/8/2009,NR: GARA
133093,4/8/2009,FN2: ZERO(H.FIN/EED)
133093,4/11/2009,RULES TO CALENDAR 4/11/2009
133093,4/11/2009,READ THE SECOND TIME
133093,4/11/2009,AM NO 1 ADOPTED UNAN CONSENT
133093,4/11/2009,ADVANCED TO THIRD READING UNAN CONSENT
133093,4/11/2009,READ THE THIRD TIME HB 137 AM
133093,4/11/2009,PASSED Y38 E2
133093,4/11/2009,EFFECTIVE DATE(S) SAME AS PASSAGE
133093,4/11/2009,COURT RULE(S) SAME AS PASSAGE
133093,4/11/2009,COSPONSOR(S): HOLMES GARDNER TUCK KERTTULA GUTTENBERG DOOGAN KAWASAKI
133093,4/11/2009,SEATON MILLETT
133093,4/11/2009,TRANSMITTED TO (S)
133093,4/11/2009,VERSION: HB 137 AM
133093,4/13/2009,READ THE FIRST TIME - REFERRALS
133093,4/13/2009,JUD
133093,4/13/2009,JUD REFERRAL WAIVED
133093,4/13/2009,CROSS SPONSOR(S): THERRIAULT DYSON DAVIS
133093,4/14/2009,BILL REPRINTED 4/14/09
133093,4/14/2009,RECEIVED CORRECTED: HB 137 AM FROM HOUSE
133093,4/14/2009,RULES TO CALENDAR 4/14/2009
133093,4/14/2009,READ THE SECOND TIME
133093,4/14/2009,AM NO 1 ADOPTED UNAN CONSENT
133093,4/14/2009,...CHANGES TITLE OF LEGISLATION
133093,4/14/2009,ADVANCED TO THIRD READING UNAN CONSENT
133093,4/14/2009,READ THE THIRD TIME HB 137 AM(EFD ADD S)
133093,4/14/2009,CROSS SPONSOR(S): ELLIS PASKVAN WIELECHOWSKI MENARD MEYER STEDMAN HOFFMAN
133093,4/14/2009,THOMAS FRENCH WAGONER BUNDE STEVENS
133093,4/14/2009,PASSED Y18 N- E1 V1
133093,4/14/2009,COURT RULE(S) SAME AS PASSAGE
133093,4/14/2009,EFFECTIVE DATE(S) SAME AS PASSAGE
133093,4/14/2009,TRANSMITTED TO (H) AS AMENDED
133093,4/14/2009,VERSION: HB 137 AM(EFD ADD S)
133093,4/15/2009,HELD UNDER UNFINISHED BUSINESS
133093,4/17/2009,CONCUR AM OF (S) Y40
133093,4/17/2009,COURT RULE(S) SAME AS PASSAGE
133093,8/5/2009,12:20 PM 5/13/09 TRANSMITTED TO GOVERNOR
133093,8/5/2009,SIGNED INTO LAW 5/15 CHAPTER 10 SLA 09
133093,8/5/2009,EFFECTIVE DATE(S) OF LAW 5/16/09
133094,2/18/2009,READ THE FIRST TIME - REFERRALS
133094,2/18/2009,JUD FIN
133094,2/26/2010,COSPONSOR(S): LYNN
133094,3/1/2010,JUD RPT CS(JUD) NT 2DP 3NR
133094,3/1/2010,DP: LYNN GRUENBERG
133094,3/1/2010,NR: HERRON DAHLSTROM RAMRAS
133094,3/1/2010,FN1: ZERO(COR)
133094,3/1/2010,FN2: INDETERMINATE(LAW)
133094,3/1/2010,REFERRED TO FINANCE
133095,2/18/2009,READ THE FIRST TIME - REFERRALS
133095,2/18/2009,STA JUD
133095,3/12/2009,STA RPT 4DP 1NR
133095,3/12/2009,DP: SEATON GRUENBERG PETERSEN LYNN
133095,3/12/2009,NR: JOHNSON
133095,3/12/2009,FN1: ZERO(DPS)
133095,3/30/2009,JUD RPT 3DP 1NR
133095,3/30/2009,DP: LYNN GRUENBERG RAMRAS
133095,3/30/2009,NR: DAHLSTROM
133095,3/30/2009,FN1: ZERO(DPS)
133095,4/3/2009,RULES TO CALENDAR 4/3/2009
133095,4/3/2009,READ THE SECOND TIME
133095,4/3/2009,ADVANCED TO THIRD READING UNAN CONSENT
133095,4/3/2009,READ THE THIRD TIME HB 139
133095,4/3/2009,PASSED Y36 E4
133095,4/3/2009,TRANSMITTED TO (S)
133095,4/3/2009,VERSION: HB 139
133095,4/6/2009,READ THE FIRST TIME - REFERRALS
133095,4/6/2009,STA
133095,4/9/2009,STA RPT 1DP 4NR
133095,4/9/2009,DP: MENARD
133095,4/9/2009,NR: FRENCH MEYER KOOKESH PASKVAN
133095,4/9/2009,FN1: ZERO(DPS)
133095,4/10/2009,RULES TO CALENDAR 4/10/2009
133095,4/10/2009,READ THE SECOND TIME
133095,4/10/2009,ADVANCED TO THIRD READING UNAN CONSENT
133095,4/10/2009,READ THE THIRD TIME HB 139
133095,4/10/2009,PASSED Y19 N- V1
133095,4/10/2009,RETURN TO (H) TRANSMIT TO GOV NEXT
133095,4/10/2009,VERSION: HB 139
133095,8/5/2009,10:55 AM 6/5/09 TRANSMITTED TO GOVERNOR
133095,8/5/2009,SIGNED INTO LAW 6/20 CHAPTER 42 SLA 09
133095,8/5/2009,EFFECTIVE DATE(S) OF LAW 9/18/09
133096,2/18/2009,READ THE FIRST TIME - REFERRALS
133096,2/18/2009,JUD
133096,2/18/2009,REFERRED TO JUDICIARY
133096,3/12/2009,COSPONSOR(S): KAWASAKI
133097,2/23/2009,READ THE FIRST TIME - REFERRALS
133097,2/23/2009,HSS JUD
133097,3/23/2009,HSS RPT 4DP 3NR
133097,3/23/2009,DP: COGHILL SEATON CISSNA KELLER
133097,3/23/2009,NR: HOLMES LYNN HERRON
133097,3/23/2009,FN1: (DHS)
133097,3/23/2009,FIN REFERRAL ADDED AFTER JUD
133097,3/30/2009,JUD RPT 4DP
133097,3/30/2009,DP: LYNN GRUENBERG DAHLSTROM RAMRAS
133097,3/30/2009,FN1: (DHS)
133097,3/30/2009,FN2: ZERO(COR)
133097,4/11/2009,FIN RPT 8DP 1NR
133097,4/11/2009,DP: THOMAS GARA CRAWFORD KELLY FAIRCLOUGH SALMON HAWKER STOLTZE
133097,4/11/2009,NR: AUSTERMAN
133097,4/11/2009,FN1: (DHS)
133097,4/11/2009,FN2: ZERO(COR)
133097,4/14/2009,RULES TO CALENDAR 4/14/2009
133097,4/14/2009,READ THE SECOND TIME
133097,4/14/2009,ADVANCED TO THIRD READING UNAN CONSENT
133097,4/14/2009,READ THE THIRD TIME HB 141
133097,4/14/2009,PASSED Y37 E3
133097,4/14/2009,EFFECTIVE DATE(S) SAME AS PASSAGE
133097,4/14/2009,COURT RULE(S) SAME AS PASSAGE
133097,4/14/2009,TRANSMITTED TO (S)
133097,4/14/2009,VERSION: HB 141
133097,4/15/2009,READ THE FIRST TIME - REFERRALS
133097,4/15/2009,JUD
133097,4/16/2009,FIN REFERRAL ADDED
133097,4/16/2009,JUD REFERRAL WAIVED
133097,4/18/2009,FIN RPT 6DP
133097,4/18/2009,DP: HOFFMAN STEDMAN HUGGINS THOMAS OLSON ELLIS
133097,4/18/2009,FN1: (DHS)
133097,4/18/2009,FN2: ZERO(COR)
133097,4/18/2009,RULES TO CALENDAR 4/18/2009
133097,4/18/2009,READ THE SECOND TIME
133097,4/18/2009,ADVANCED TO THIRD READING UNAN CONSENT
133097,4/18/2009,READ THE THIRD TIME HB 141
133097,4/18/2009,CROSS SPONSOR(S): DYSON DAVIS MCGUIRE MEYER HUGGINS
133097,4/18/2009,PASSED Y19 N- V1
133097,4/18/2009,EFFECTIVE DATE(S) SAME AS PASSAGE
133097,4/18/2009,COURT RULE(S) SAME AS PASSAGE
133097,4/18/2009,RETURN TO (H) TRANSMIT TO GOV NEXT
133097,4/18/2009,VERSION: HB 141
133097,8/5/2009,MANIFEST ERROR(S)
133097,8/5/2009,10:55 AM 6/5/09 TRANSMITTED TO GOVERNOR
133097,8/5/2009,SIGNED INTO LAW 6/20 CHAPTER 37 SLA 09
133097,8/5/2009,EFFECTIVE DATE(S) OF LAW 7/1/09
133098,2/23/2009,READ THE FIRST TIME - REFERRALS
133098,2/23/2009,RES
133098,2/23/2009,REFERRED TO RESOURCES
133099,2/23/2009,READ THE FIRST TIME - REFERRALS
133099,2/23/2009,FSH RES
133099,3/12/2009,FSH RPT 1DP 1DNP 5NR
133099,3/12/2009,DP: EDGMON
133099,3/12/2009,DNP: KAWASAKI
133099,3/12/2009,NR: JOHNSON MILLETT KELLER BUCH MUNOZ
133099,3/12/2009,FN1: (DFG)
133099,3/12/2009,REFERRED TO RESOURCES
133099,3/12/2009,FIN REFERRAL ADDED AFTER RES
133100,2/23/2009,READ THE FIRST TIME - REFERRALS
133100,2/23/2009,L&C JUD
133100,4/14/2009,L&C RPT 6NR
133100,4/14/2009,NR: LYNN BUCH COGHILL NEUMAN HOLMES OLSON
133100,4/14/2009,FN1: ZERO(LAW)
133100,2/3/2010,JUD RPT 1DP 4NR
133100,2/3/2010,DP: GRUENBERG
133100,2/3/2010,NR: LYNN HERRON GATTO DAHLSTROM
133100,2/3/2010,FN2: ZERO(LAW)
133100,2/3/2010,REFERRED TO RULES
133101,2/23/2009,READ THE FIRST TIME - REFERRALS
133101,2/23/2009,L&C FIN
133101,2/23/2009,REFERRED TO LABOR & COMMERCE
133102,2/23/2009,READ THE FIRST TIME - REFERRALS
133102,2/23/2009,L&C JUD
133102,1/27/2010,L&C RPT 1DP 6NR
133102,1/27/2010,DP: CHENAULT
133102,1/27/2010,NR: LYNN BUCH HOLMES NEUMAN T.WILSON OLSON
133102,1/27/2010,FN1: ZERO(LAW)
133102,2/8/2010,JUD RPT CS(JUD) 3DP 4NR
133102,2/8/2010,DP: GRUENBERG GATTO RAMRAS
133102,2/8/2010,NR: LYNN HERRON DAHLSTROM HOLMES
133102,2/8/2010,FN1: ZERO(LAW)
133102,2/8/2010,REFERRED TO RULES
133103,2/23/2009,READ THE FIRST TIME - REFERRALS
133103,2/23/2009,EDC FIN
133103,3/2/2009,EDC RPT 3DP 2DNP 1NR
133103,3/2/2009,DP: P.WILSON BUCH SEATON
133103,3/2/2009,DNP: KELLER GARDNER
133103,3/2/2009,NR: MUNOZ
133103,3/2/2009,FN1: ZERO(H.EDC)
133103,3/2/2009,REFERRED TO FINANCE
133104,2/23/2009,READ THE FIRST TIME - REFERRALS
133104,2/23/2009,ENE STA FIN
133104,2/23/2009,REFERRED TO ENERGY
133105,2/25/2009,READ THE FIRST TIME - REFERRALS
133105,2/25/2009,JUD FIN
133105,3/23/2009,JUD RPT 4DP 1DNP 1NR
133105,3/23/2009,DP: LYNN GRUENBERG HOLMES RAMRAS
133105,3/23/2009,DNP: GATTO
133105,3/23/2009,NR: COGHILL
133105,3/23/2009,FN1: ZERO(REV)
133105,3/23/2009,REFERRED TO FINANCE
133106,2/25/2009,READ THE FIRST TIME - REFERRALS
133106,2/25/2009,CRA FIN
133106,3/18/2009,CRA RPT 3DP 3NR
133106,3/18/2009,DP: CISSNA MUNOZ HERRON
133106,3/18/2009,NR: GARDNER KELLER MILLETT
133106,3/18/2009,FN1: (CED)
133106,3/18/2009,FN2: (CED)
133106,3/18/2009,REFERRED TO FINANCE
133107,2/25/2009,READ THE FIRST TIME - REFERRALS
133107,2/25/2009,L&C FIN
133107,4/1/2009,L&C RPT CS(L&C) NT 4DP
133107,4/1/2009,DP: BUCH LYNN CHENAULT NEUMAN
133107,4/1/2009,FN1: (DNR)
133107,4/17/2009,FIN RPT CS(FIN) NT 7DP 3NR
133107,4/17/2009,DP: THOMAS R.FOSTER CRAWFORD AUSTERMAN FAIRCLOUGH SALMON JOULE
133107,4/17/2009,NR: KELLY HAWKER STOLTZE
133107,4/17/2009,FN2: (DNR)
133107,4/17/2009,RULES TO CALENDAR 4/17/2009
133107,4/17/2009,READ THE SECOND TIME
133107,4/17/2009,FIN CS ADOPTED UNAN CONSENT
133107,4/17/2009,ADVANCED TO THIRD READING UNAN CONSENT
133107,4/17/2009,READ THE THIRD TIME CSHB 151(FIN)
133107,4/17/2009,PASSED Y39 A1
133107,4/17/2009,EFFECTIVE DATE(S) SAME AS PASSAGE
133107,4/17/2009,COSPONSOR(S): R.FOSTER FAIRCLOUGH
133107,4/17/2009,TRANSMITTED TO (S)
133107,4/17/2009,VERSION: CSHB 151(FIN)
133107,4/18/2009,READ THE FIRST TIME - REFERRALS
133107,4/18/2009,FIN
133107,4/19/2009,FIN RPT 6DP
133107,4/19/2009,DP: HOFFMAN STEDMAN HUGGINS THOMAS OLSON ELLIS
133107,4/19/2009,FN2: (DNR)
133107,4/19/2009,RULES TO CALENDAR 4/19/2009
133107,4/19/2009,READ THE SECOND TIME
133107,4/19/2009,ADVANCED TO THIRD READING UNAN CONSENT
133107,4/19/2009,READ THE THIRD TIME CSHB 151(FIN)
133107,4/19/2009,PASSED Y19 N- V1
133107,4/19/2009,EFFECTIVE DATE(S) SAME AS PASSAGE
133107,4/19/2009,CROSS SPONSOR(S): DYSON BUNDE WAGONER STEDMAN HUGGINS MCGUIRE MEYER
133107,4/19/2009,RETURN TO (H) TRANSMIT TO GOV NEXT
133107,4/19/2009,VERSION: CSHB 151(FIN)
133107,8/5/2009,11:00 AM 5/19/09 TRANSMITTED TO GOVERNOR
133107,8/5/2009,SIGNED INTO LAW 5/20 CHAPTER 19 SLA 09
133107,8/5/2009,EFFECTIVE DATE(S) OF LAW 5/21/09
133108,2/25/2009,READ THE FIRST TIME - REFERRALS
133108,2/25/2009,JUD
133108,3/23/2009,JUD RPT CS(JUD) 2DP 4NR
133108,3/23/2009,DP: COGHILL RAMRAS
133108,3/23/2009,NR: LYNN DAHLSTROM GATTO HOLMES
133108,3/23/2009,FN1: ZERO(LAW)
133108,3/27/2009,RULES TO CALENDAR 3/27/2009
133108,3/27/2009,READ THE SECOND TIME
133108,3/27/2009,JUD CS ADOPTED UNAN CONSENT
133108,3/27/2009,ADVANCED TO THIRD READING UNAN CONSENT
133108,3/27/2009,READ THE THIRD TIME CSHB 152(JUD)
133108,3/27/2009,PASSED Y37 E3
133108,3/27/2009,EFFECTIVE DATE(S) SAME AS PASSAGE
133108,3/27/2009,TRANSMITTED TO (S)
133108,3/27/2009,VERSION: CSHB 152(JUD)
133108,3/30/2009,READ THE FIRST TIME - REFERRALS
133108,3/30/2009,JUD
133108,4/16/2009,JUD RPT 3DP
133108,4/16/2009,DP: FRENCH WIELECHOWSKI MCGUIRE
133108,4/16/2009,FN1: ZERO(LAW)
133108,4/16/2009,RULES TO CALENDAR 4/16/2009
133108,4/16/2009,READ THE SECOND TIME
133108,4/16/2009,ADVANCED TO THIRD READING UNAN CONSENT
133108,4/16/2009,READ THE THIRD TIME CSHB 152(JUD)
133108,4/16/2009,PASSED Y18 N- A1 V1
133108,4/16/2009,EFFECTIVE DATE(S) SAME AS PASSAGE
133108,4/16/2009,RETURN TO (H) TRANSMIT TO GOV NEXT
133108,4/16/2009,VERSION: CSHB 152(JUD)
133108,8/5/2009,MANIFEST ERROR(S)
133108,8/5/2009,10:55 AM 6/5/09 TRANSMITTED TO GOVERNOR
133108,8/5/2009,SIGNED INTO LAW 6/20 CHAPTER 41 SLA 09
133108,8/5/2009,EFFECTIVE DATE(S) OF LAW SEE CHAPTER
133108,8/5/2009,SECTIONAL ANALYSIS (H) JOURNAL SUP NO. 3
133109,2/25/2009,READ THE FIRST TIME - REFERRALS
133109,2/25/2009,CRA JUD
133109,3/13/2009,CRA RPT CS(CRA) NT 2DP 5NR
133109,3/13/2009,DP: HERRON MUNOZ
133109,3/13/2009,NR: CISSNA MILLETT HARRIS KELLER GARDNER
133109,3/13/2009,FN1: ZERO(CED)
133109,4/2/2009,JUD RPT CS(JUD) NT 6DP
133109,4/2/2009,DP: LYNN GRUENBERG COGHILL DAHLSTROM GATTO RAMRAS
133109,4/2/2009,FN1: ZERO(CED)
133109,4/2/2009,REFERRED TO RULES
133110,2/25/2009,READ THE FIRST TIME - REFERRALS
133110,2/25/2009,FIN
133110,2/25/2009,GOVERNOR'S TRANSMITTAL LETTER
133110,2/25/2009,OMB SPREADSHEET
133110,2/25/2009,DOT SPREADSHEETS
133110,2/25/2009,REFERRED TO FINANCE
133111,2/25/2009,READ THE FIRST TIME - REFERRALS
133111,2/25/2009,TRA FIN
133111,2/25/2009,FN1: ZERO(DOT)
133111,2/25/2009,GOVERNOR'S TRANSMITTAL LETTER
133111,3/27/2009,TRA RPT CS(TRA) 1DP 5NR
133111,3/27/2009,DP: GRUENBERG
133111,3/27/2009,NR: JOHANSEN MUNOZ DOOGAN JOHNSON P.WILSON
133111,3/27/2009,FN1: ZERO(DOT)
133111,3/27/2009,REFERRED TO FINANCE
133112,2/25/2009,READ THE FIRST TIME - REFERRALS
133112,2/25/2009,CRA
133112,3/18/2009,CRA RPT 1DP 4NR
133112,3/18/2009,DP: KELLER
133112,3/18/2009,NR: CISSNA MILLETT MUNOZ HERRON
133112,3/18/2009,FN1: ZERO(CED)
133112,4/1/2009,RULES TO CALENDAR 4/1/2009
133112,4/1/2009,READ THE SECOND TIME
133112,4/1/2009,ADVANCED TO THIRD READING 4/2 CALENDAR
133112,4/2/2009,READ THE THIRD TIME HB 156
133112,4/2/2009,RETURN TO SECOND FOR AM 1 UNAN CONSENT
133112,4/2/2009,AM NO 1 FAILED Y8 N28 E4
133112,4/2/2009,AUTOMATICALLY IN THIRD READING
133112,4/2/2009,PASSED Y35 E4 A1
133112,4/2/2009,TRANSMITTED TO (S)
133112,4/2/2009,VERSION: HB 156
133112,4/3/2009,READ THE FIRST TIME - REFERRALS
133112,4/3/2009,CRA STA
133112,4/10/2009,CRA RPT 2DP 2NR
133112,4/10/2009,DP: THOMAS MENARD
133112,4/10/2009,NR: OLSON KOOKESH
133112,4/10/2009,FN1: ZERO(CED)
133112,4/14/2009,STA RPT 5DP
133112,4/14/2009,DP: MENARD MEYER FRENCH KOOKESH PASKVAN
133112,4/14/2009,FN1: ZERO(CED)
133112,4/15/2009,RULES TO CALENDAR 4/15/2009
133112,4/15/2009,READ THE SECOND TIME
133112,4/15/2009,ADVANCED TO THIRD READING UNAN CONSENT
133112,4/15/2009,READ THE THIRD TIME HB 156
133112,4/15/2009,PASSED Y19 N- V1
133112,4/15/2009,RETURN TO (H) TRANSMIT TO GOV NEXT
133112,4/15/2009,VERSION: HB 156
133112,8/5/2009,10:55 AM 6/5/09 TRANSMITTED TO GOVERNOR
133112,8/5/2009,SIGNED INTO LAW 6/20 CHAPTER 40 SLA 09
133112,8/5/2009,EFFECTIVE DATE(S) OF LAW 9/18/09
133113,2/27/2009,READ THE FIRST TIME - REFERRALS
133113,2/27/2009,STA FIN
133113,2/27/2009,FN1: ZERO(ADM)
133113,2/27/2009,FN2: ZERO(DNR)
133113,2/27/2009,FN3: ZERO(REV)
133113,2/27/2009,GOVERNOR'S TRANSMITTAL LETTER
133113,4/1/2009,STA RPT CS(STA) NT 2DP 5NR
133113,4/1/2009,DP: SEATON P.WILSON
133113,4/1/2009,NR: JOHNSON GATTO GRUENBERG PETERSEN LYNN
133113,4/1/2009,FN2: ZERO(DNR)
133113,4/1/2009,FN3: ZERO(REV)
133113,4/1/2009,FN4: ZERO(ADM)
133113,4/18/2009,FIN RPT CS(FIN) NT 6DP 3NR
133113,4/18/2009,DP: GARA FAIRCLOUGH AUSTERMAN JOULE HAWKER STOLTZE
133113,4/18/2009,NR: THOMAS CRAWFORD KELLY
133113,4/18/2009,FN2: ZERO(DNR)
133113,4/18/2009,FN4: ZERO(ADM)
133113,4/18/2009,FN5: INDETERMINATE(REV)
133113,4/18/2009,REFERRED TO RULES
133114,2/27/2009,READ THE FIRST TIME - REFERRALS
133114,2/27/2009,RLS
133114,2/27/2009,REFERRED TO RULES
133115,2/27/2009,READ THE FIRST TIME - REFERRALS
133115,2/27/2009,RLS
133115,2/27/2009,REFERRED TO RULES
133116,2/27/2009,READ THE FIRST TIME - REFERRALS
133116,2/27/2009,EDC FIN
133116,2/23/2010,SPONSOR SUBSTITUTE INTRODUCED
133116,2/23/2010,READ THE FIRST TIME - REFERRALS
133116,2/23/2010,EDC FIN
133116,2/23/2010,REFERRED TO EDUCATION
133117,2/27/2009,READ THE FIRST TIME - REFERRALS
133117,2/27/2009,CRA FIN
133117,3/9/2009,COSPONSOR(S): KERTTULA
133117,3/12/2009,COSPONSOR(S): LYNN JOHANSEN P.WILSON
133117,3/18/2009,CRA RPT CS(CRA) NT 2DP 1DNP 3NR
133117,3/18/2009,DP: CISSNA MUNOZ
133117,3/18/2009,DNP: KELLER
133117,3/18/2009,NR: GARDNER MILLETT HERRON
133117,3/18/2009,FN1: (ADM)
133117,3/18/2009,FN2: (DNR)
133117,3/19/2009,COSPONSOR(S): R.FOSTER
133117,3/23/2009,COSPONSOR(S): HARRIS RAMRAS
133117,4/3/2009,COSPONSOR(S): TUCK
133117,4/7/2009,FIN RPT CS(FIN) NT 6DP 5NR
133117,4/7/2009,DP: THOMAS GARA R.FOSTER JOULE FAIRCLOUGH STOLTZE
133117,4/7/2009,NR: CRAWFORD AUSTERMAN KELLY SALMON HAWKER
133117,4/7/2009,FN3: (ADM)
133117,4/7/2009,FN4: (DNR)
133117,4/7/2009,FN5: (REV)
133117,4/7/2009,FN6: (REV)
133117,4/8/2009,RULES TO CALENDAR 4/8/2009
133117,4/8/2009,READ THE SECOND TIME
133117,4/8/2009,FIN CS ADOPTED UNAN CONSENT
133117,4/8/2009,ADVANCED TO THIRD READING UNAN CONSENT
133117,4/8/2009,READ THE THIRD TIME CSHB 161(FIN)
133117,4/8/2009,PASSED Y39 E1
133117,4/8/2009,EFFECTIVE DATE(S) SAME AS PASSAGE
133117,4/8/2009,HARRIS NOTICE OF RECONSIDERATION
133117,4/8/2009,RECON TAKEN UP SAME DAY UC
133117,4/8/2009,PASSED ON RECONSIDERATION Y38 N1 E1
133117,4/8/2009,EFFECTIVE DATE(S) SAME AS PASSAGE
133117,4/8/2009,TRANSMITTED TO (S)
133117,4/8/2009,VERSION: CSHB 161(FIN)
133117,4/9/2009,READ THE FIRST TIME - REFERRALS
133117,4/9/2009,FIN
133117,4/9/2009,REFERRED TO FINANCE
133117,3/12/2010,CROSS SPONSOR(S): EGAN
133118,3/2/2009,READ THE FIRST TIME - REFERRALS
133118,3/2/2009,RES FIN
133118,3/2/2009,FN1: ZERO(DNR)
133118,3/2/2009,GOVERNOR'S TRANSMITTAL LETTER
133118,4/10/2009,RES RPT 7DP 1AM
133118,4/10/2009,DP: OLSON EDGMON TUCK SEATON P.WILSON JOHNSON NEUMAN
133118,4/10/2009,AM: KAWASAKI
133118,4/10/2009,FN1: ZERO(DNR)
133118,4/13/2009,FIN RPT 5DP 5NR
133118,4/13/2009,DP: THOMAS R.FOSTER AUSTERMAN FAIRCLOUGH JOULE
133118,4/13/2009,NR: GARA CRAWFORD KELLY SALMON STOLTZE
133118,4/13/2009,FN1: ZERO(DNR)
133118,4/15/2009,RULES TO CALENDAR 4/15/2009
133118,4/15/2009,READ THE SECOND TIME
133118,4/15/2009,ADVANCED TO THIRD READING UNAN CONSENT
133118,4/15/2009,READ THE THIRD TIME HB 162
133118,4/15/2009,PASSED Y38 E1 A1
133118,4/15/2009,EFFECTIVE DATE(S) SAME AS PASSAGE
133118,4/15/2009,TRANSMITTED TO (S)
133118,4/15/2009,VERSION: HB 162
133118,4/16/2009,READ THE FIRST TIME - REFERRALS
133118,4/16/2009,RES
133118,1/20/2010,FIN REFERRAL ADDED AFTER RES
133118,4/2/2010,RES RPT SCS 5DP 1NR SAME TITLE
133118,4/2/2010,DP: WIELECHOWSKI WAGONER STEDMAN STEVENS HUGGINS
133118,4/2/2010,NR: FRENCH
133118,4/2/2010,FN2: ZERO(DNR)
133118,4/7/2010,FIN RPT SCS(RES) 4DP 2NR
133118,4/7/2010,DP: HOFFMAN STEDMAN HUGGINS THOMAS
133118,4/7/2010,NR: OLSON ELLIS
133118,4/7/2010,FN2: ZERO(DNR)
133118,4/8/2010,RULES TO CALENDAR 4/8/2010
133118,4/8/2010,READ THE SECOND TIME
133118,4/8/2010,RES SCS ADOPTED UNAN CONSENT
133118,4/8/2010,ADVANCED TO THIRD READING UNAN CONSENT
133118,4/8/2010,READ THE THIRD TIME SCS HB 162(RES)
133118,4/8/2010,PASSED Y20 N-
133118,4/8/2010,EFFECTIVE DATE(S) SAME AS PASSAGE
133118,4/8/2010,TRANSMITTED TO (H) AS AMENDED
133118,4/8/2010,VERSION: SCS HB 162(RES)
133118,4/9/2010,HELD UNDER UNFINISHED BUSINESS
133118,4/18/2010,CONCUR AM OF (S) Y40
133118,4/18/2010,EFFECTIVE DATE(S) SAME AS PASSAGE
133118,7/9/2010,MANIFEST ERROR(S)
133118,7/9/2010,2:19 PM 6/7/10 TRANSMITTED TO GOVERNOR
133118,7/9/2010,SIGNED INTO LAW 6/28 CHAPTER 112 SLA 10
133118,7/9/2010,EFFECTIVE DATE(S) OF LAW SEE CHAPTER
133119,3/2/2009,READ THE FIRST TIME - REFERRALS
133119,3/2/2009,ENE RES FIN
133119,3/2/2009,FN1: ZERO(DNR)
133119,3/2/2009,FN2: ZERO(REV)
133119,3/2/2009,GOVERNOR'S TRANSMITTAL LETTER
133119,4/10/2009,ENE RPT 3DNP 3NR
133119,4/10/2009,DNP: RAMRAS PETERSEN EDGMON
133119,4/10/2009,NR: DAHLSTROM JOHANSEN TUCK
133119,4/10/2009,FN1: ZERO(DNR)
133119,4/10/2009,FN2: ZERO(REV)
133119,4/14/2009,FIN REFERRAL REMOVED
133119,4/14/2009,RES RPT CS(RES) NT 4DP 3NR 1AM
133119,4/14/2009,DP: SEATON TUCK NEUMAN JOHNSON
133119,4/14/2009,NR: OLSON EDGMON GUTTENBERG
133119,4/14/2009,AM: KAWASAKI
133119,4/14/2009,FN1: ZERO(DNR)
133119,4/14/2009,FN2: ZERO(REV)
133119,4/14/2009,REFERRED TO RULES
133120,3/2/2009,READ THE FIRST TIME - REFERRALS
133120,3/2/2009,ENE RES FIN
133120,3/2/2009,FN1: ZERO(CED)
133120,3/2/2009,FN2: ZERO(DNR)
133120,3/2/2009,GOVERNOR'S TRANSMITTAL LETTER
133120,3/2/2009,REFERRED TO ENERGY
133121,3/2/2009,READ THE FIRST TIME - REFERRALS
133121,3/2/2009,STA FIN
133121,3/2/2009,REFERRED TO STATE AFFAIRS
133122,3/2/2009,READ THE FIRST TIME - REFERRALS
133122,3/2/2009,ENE FIN
133122,3/9/2009,COSPONSOR(S): BUCH
133122,4/1/2009,ENE RPT 5DP
133122,4/1/2009,DP: PETERSEN TUCK JOHANSEN EDGMON MILLETT
133122,4/1/2009,FN1: ZERO(CED)
133122,4/1/2009,REFERRED TO FINANCE
133123,3/9/2009,READ THE FIRST TIME - REFERRALS
133123,3/9/2009,L&C FIN
133123,3/12/2009,COSPONSOR(S): JOHNSON KELLER LYNN R.FOSTER PETERSEN JOHANSEN KELLY
133123,3/19/2009,COSPONSOR(S): MUNOZ MILLETT P.WILSON
133123,4/1/2009,COSPONSOR(S): GATTO
133123,4/2/2009,COSPONSOR(S): GUTTENBERG
133123,4/8/2009,L&C RPT CS(L&C) 5DP 1NR 1AM
133123,4/8/2009,DP: LYNN COGHILL HOLMES CHENAULT OLSON
133123,4/8/2009,NR: NEUMAN
133123,4/8/2009,AM: BUCH
133123,4/8/2009,FN1: INDETERMINATE(REV)
133123,4/8/2009,REFERRED TO FINANCE
133123,1/27/2010,COSPONSOR(S): KAWASAKI
133123,4/1/2010,PRIME SPONSOR ADDED: MILLETT
133123,4/1/2010,PRIME SPONSOR REMOVED: COGHILL
133123,4/1/2010,BILL REPRINTED 4/1/10
133124,3/9/2009,READ THE FIRST TIME - REFERRALS
133124,3/9/2009,HSS FIN
133124,3/23/2009,COSPONSOR(S): KERTTULA
133124,2/17/2010,HSS RPT CS(HSS) NT 5DP
133124,2/17/2010,DP: T.WILSON SEATON LYNN HERRON KELLER
133124,2/17/2010,FN1: ZERO(DHS)
133124,2/17/2010,FN2: ZERO(REV)
133124,2/17/2010,COSPONSOR(S): LYNN CISSNA KELLER HERRON
133124,4/7/2010,FIN RPT CS(FIN) NT 5DP 5NR
133124,4/7/2010,DP: N.FOSTER GARA JOULE THOMAS SALMON
133124,4/7/2010,NR: DOOGAN AUSTERMAN KELLY STOLTZE HAWKER
133124,4/7/2010,FN2: ZERO(REV)
133124,4/7/2010,FN3: (H.FIN/DHS)
133124,4/9/2010,RULES TO CALENDAR 4/9/2010
133124,4/9/2010,READ THE SECOND TIME
133124,4/9/2010,FIN CS ADOPTED UNAN CONSENT
133124,4/9/2010,ADVANCED TO THIRD READING UNAN CONSENT
133124,4/9/2010,READ THE THIRD TIME CSHB 168(FIN)
133124,4/9/2010,PASSED Y38 E2
133124,4/9/2010,EFFECTIVE DATE(S) SAME AS PASSAGE
133124,4/9/2010,COSPONSOR(S): RAMRAS KAWASAKI DAHLSTROM TUCK CRAWFORD
133124,4/9/2010,TRANSMITTED TO (S)
133124,4/9/2010,VERSION: CSHB 168(FIN)
133124,4/10/2010,READ THE FIRST TIME - REFERRALS
133124,4/10/2010,FIN
133124,4/16/2010,FIN RPT SCS 7DP SAME TITLE
133124,4/16/2010,DP: HOFFMAN STEDMAN HUGGINS THOMAS EGAN OLSON ELLIS
133124,4/16/2010,FN2: ZERO(REV)
133124,4/16/2010,FN4: ZERO(S.FIN/DHS)
133124,4/17/2010,RULES TO CALENDAR 4/17/2010
133124,4/17/2010,READ THE SECOND TIME
133124,4/17/2010,FIN SCS ADOPTED UNAN CONSENT
133124,4/17/2010,ADVANCED TO THIRD READING UNAN CONSENT
133124,4/17/2010,READ THE THIRD TIME SCS CSHB 168(FIN)
133124,4/17/2010,CROSS SPONSOR(S): HOFFMAN DAVIS OLSON COGHILL WAGONER THOMAS ELLIS
133124,4/17/2010,PASKVAN MENARD EGAN MCGUIRE MEYER STEVENS
133124,4/17/2010,PASSED Y20 N-
133124,4/17/2010,EFFECTIVE DATE(S) SAME AS PASSAGE
133124,4/17/2010,TRANSMITTED TO (H) AS AMENDED
133124,4/17/2010,VERSION: SCS CSHB 168(FIN)
133124,4/17/2010,HELD UNDER UNFINISHED BUSINESS
133124,4/18/2010,CONCUR AM OF (S) Y40
133124,4/18/2010,EFFECTIVE DATE(S) SAME AS PASSAGE
133124,7/9/2010,2:35 PM 6/14/10 TRANSMITTED TO GOVERNOR
133124,7/9/2010,SIGNED INTO LAW 6/21 CHAPTER 98 SLA 10
133124,7/9/2010,EFFECTIVE DATE(S) OF LAW 6/22/10
133125,3/9/2009,READ THE FIRST TIME - REFERRALS
133125,3/9/2009,FIN
133125,3/9/2009,REFERRED TO FINANCE
133125,3/23/2009,COSPONSOR(S): KERTTULA
133126,3/9/2009,READ THE FIRST TIME - REFERRALS
133126,3/9/2009,JUD
133126,3/27/2009,JUD RPT 2DP 3NR
133126,3/27/2009,DP: LYNN RAMRAS
133126,3/27/2009,NR: GRUENBERG COGHILL DAHLSTROM
133126,3/27/2009,FN1: ZERO(COR)
133126,3/27/2009,FN2: ZERO(CRT)
133126,4/1/2009,RULES TO CALENDAR 4/1/2009
133126,4/1/2009,READ THE SECOND TIME
133126,4/1/2009,ADVANCED TO THIRD READING 4/2 CALENDAR
133126,4/2/2009,READ THE THIRD TIME HB 170
133126,4/2/2009,PASSED Y34 N2 E3 A1
133126,4/2/2009,TRANSMITTED TO (S)
133126,4/2/2009,VERSION: HB 170
133126,4/3/2009,READ THE FIRST TIME - REFERRALS
133126,4/3/2009,STA JUD
133126,4/9/2009,STA RPT 5DP
133126,4/9/2009,DP: MENARD FRENCH MEYER KOOKESH PASKVAN
133126,4/9/2009,FN1: ZERO(COR)
133126,4/9/2009,FN2: ZERO(CRT)
133126,4/16/2009,JUD RPT 2DP 1NR
133126,4/16/2009,DP: FRENCH MCGUIRE
133126,4/16/2009,NR: WIELECHOWSKI
133126,4/16/2009,FN1: ZERO(COR)
133126,4/16/2009,FN2: ZERO(CRT)
133126,4/17/2009,RULES TO CALENDAR 4/17/2009
133126,4/17/2009,READ THE SECOND TIME
133126,4/17/2009,ADVANCED TO THIRD READING UNAN CONSENT
133126,4/17/2009,READ THE THIRD TIME HB 170
133126,4/17/2009,PASSED Y19 N- V1
133126,4/17/2009,RETURN TO (H) TRANSMIT TO GOV NEXT
133126,4/17/2009,VERSION: HB 170
133126,8/5/2009,8:30 AM 6/12/09 TRANSMITTED TO GOVERNOR
133126,8/5/2009,SIGNED INTO LAW 6/16 CHAPTER 33 SLA 09
133126,8/5/2009,EFFECTIVE DATE(S) OF LAW 9/14/09
133127,3/9/2009,READ THE FIRST TIME - REFERRALS
133127,3/9/2009,CRA TRA
133127,4/2/2009,CRA RPT 1DP 3NR
133127,4/2/2009,DP: GARDNER
133127,4/2/2009,NR: HARRIS KELLER HERRON
133127,4/2/2009,FN1: ZERO(CED)
133127,4/2/2009,REFERRED TO TRANSPORTATION
133128,3/9/2009,READ THE FIRST TIME - REFERRALS
133128,3/9/2009,EDC FIN
133128,3/9/2009,FN1: ZERO(REV)
133128,3/9/2009,FN2: (EED)
133128,3/9/2009,GOVERNOR'S TRANSMITTAL LETTER
133128,3/12/2009,EDC REFERRAL WAIVED
133128,3/18/2009,FIN RPT CS(FIN) 5DP 3NR 1AM
133128,3/18/2009,DP: THOMAS AUSTERMAN KELLY FAIRCLOUGH HAWKER
133128,3/18/2009,NR: CRAWFORD JOULE SALMON
133128,3/18/2009,AM: GARA
133128,3/18/2009,FN3: INDETERMINATE(EED)
133128,3/18/2009,FN4: INDETERMINATE(REV)
133128,3/23/2009,RULES TO CALENDAR 3/23/2009
133128,3/23/2009,READ THE SECOND TIME
133128,3/23/2009,FIN CS ADOPTED UNAN CONSENT
133128,3/23/2009,ADVANCED TO THIRD READING UNAN CONSENT
133128,3/23/2009,READ THE THIRD TIME CSHB 172(FIN)
133128,3/23/2009,PASSED Y30 E10
133128,3/23/2009,EFFECTIVE DATE(S) SAME AS PASSAGE
133128,3/23/2009,TRANSMITTED TO (S)
133128,3/23/2009,VERSION: CSHB 172(FIN)
133128,3/25/2009,READ THE FIRST TIME - REFERRALS
133128,3/25/2009,FIN
133128,4/16/2009,FIN RPT SCS 4DP 2NR NEW TITLE
133128,4/16/2009,TITLE CHANGE: SCR 8
133128,4/16/2009,DP: HOFFMAN STEDMAN HUGGINS THOMAS
133128,4/16/2009,NR: OLSON ELLIS
133128,4/16/2009,FN3: INDETERMINATE(EED)
133128,4/16/2009,FN4: INDETERMINATE(REV)
133128,4/17/2009,RULES TO CALENDAR 4/17/2009
133128,4/17/2009,READ THE SECOND TIME
133128,4/17/2009,FIN SCS ADOPTED UNAN CONSENT
133128,4/17/2009,ADVANCED TO THIRD READING UNAN CONSENT
133128,4/17/2009,READ THE THIRD TIME SCS CSHB 172(FIN)
133128,4/17/2009,PASSED Y19 N- V1
133128,4/17/2009,EFFECTIVE DATE(S) SAME AS PASSAGE
133128,4/17/2009,TRANSMITTED TO (H) AS AMENDED
133128,4/17/2009,VERSION: SCS CSHB 172(FIN)
133128,4/18/2009,HELD UNDER UNFINISHED BUSINESS
133128,4/19/2009,CONCUR AM OF (S) Y40
133128,4/19/2009,EFFECTIVE DATE(S) SAME AS PASSAGE
133128,8/5/2009,11:00 AM 6/8/09 TRANSMITTED TO GOVERNOR
133128,8/5/2009,SIGNED INTO LAW 6/30 CHAPTER 48 SLA 09
133128,8/5/2009,EFFECTIVE DATE(S) OF LAW 7/1/09
133129,3/9/2009,READ THE FIRST TIME - REFERRALS
133129,3/9/2009,CRA TRA
133129,4/2/2009,CRA RPT 1DP 3NR
133129,4/2/2009,DP: GARDNER
133129,4/2/2009,NR: HARRIS KELLER HERRON
133129,4/2/2009,FN1: ZERO(DOT)
133129,4/2/2009,REFERRED TO TRANSPORTATION
133130,3/9/2009,READ THE FIRST TIME - REFERRALS
133130,3/9/2009,JUD FIN
133130,3/9/2009,REFERRED TO JUDICIARY
133130,3/12/2009,COSPONSOR(S): HARRIS RAMRAS
133131,3/9/2009,READ THE FIRST TIME - REFERRALS
133131,3/9/2009,L&C FIN
133131,4/1/2009,L&C RPT CS(L&C) NT 2DP 5NR
133131,4/1/2009,DP: COGHILL OLSON
133131,4/1/2009,NR: LYNN BUCH NEUMAN CHENAULT HOLMES
133131,4/1/2009,FN1: ZERO(CED)
133131,4/11/2009,FIN RPT CS(L&C) NT 5DP 4NR
133131,4/11/2009,DP: THOMAS GARA KELLY HAWKER STOLTZE
133131,4/11/2009,NR: AUSTERMAN CRAWFORD FAIRCLOUGH SALMON
133131,4/11/2009,FN1: ZERO(CED)
133131,4/14/2009,RULES TO CALENDAR 4/14/2009
133131,4/14/2009,READ THE SECOND TIME
133131,4/14/2009,L&C CS ADOPTED UNAN CONSENT
133131,4/14/2009,ADVANCED TO THIRD READING 4/15 CALENDAR
133131,4/15/2009,READ THE THIRD TIME CSHB 175(L&C)
133131,4/15/2009,PASSED Y38 E1 A1
133131,4/15/2009,EFFECTIVE DATE(S) SAME AS PASSAGE
133131,4/15/2009,COGHILL NOTICE OF RECONSIDERATION
133131,4/15/2009,RECON TAKEN UP SAME DAY UC
133131,4/15/2009,PASSED ON RECONSIDERATION Y38 E1 A1
133131,4/15/2009,EFFECTIVE DATE(S) SAME AS PASSAGE
133131,4/15/2009,TRANSMITTED TO (S)
133131,4/15/2009,VERSION: CSHB 175(L&C)
133131,4/16/2009,READ THE FIRST TIME - REFERRALS
133131,4/16/2009,L&C
133131,4/17/2009,L&C RPT 4DP
133131,4/17/2009,DP: PASKVAN MEYER THOMAS DAVIS
133131,4/17/2009,FN1: ZERO(CED)
133131,4/18/2009,RULES TO CALENDAR 4/18/2009
133131,4/18/2009,READ THE SECOND TIME
133131,4/18/2009,AM NO 1 ADOPTED UNAN CONSENT
133131,4/18/2009,...CHANGES TITLE OF LEGISLATION
133131,4/18/2009,ADVANCED TO THIRD READING UNAN CONSENT
133131,4/18/2009,READ THE THIRD TIME CSHB 175(L&C) AM S
133131,4/18/2009,PASSED Y19 N- V1
133131,4/18/2009,EFFECTIVE DATE(S) SAME AS PASSAGE
133131,4/18/2009,TITLE CHANGE: SCR 10
133131,4/18/2009,TRANSMITTED TO (H) AS AMENDED
133131,4/18/2009,VERSION: CSHB 175(L&C) AM S
133131,4/18/2009,HELD UNDER UNFINISHED BUSINESS
133131,4/19/2009,CONCUR AM OF (S) Y40
133131,4/19/2009,EFFECTIVE DATE(S) SAME AS PASSAGE
133131,8/5/2009,MANIFEST ERROR(S)
133131,8/5/2009,8:30 AM 6/12/09 TRANSMITTED TO GOVERNOR
133131,8/5/2009,SIGNED INTO LAW 6/16 CHAPTER 30 SLA 09
133131,8/5/2009,EFFECTIVE DATE(S) OF LAW 7/1/09
133132,3/9/2009,READ THE FIRST TIME - REFERRALS
133132,3/9/2009,HSS L&C
133132,3/9/2009,REFERRED TO HEALTH & SOCIAL SERVICES
133133,3/12/2009,READ THE FIRST TIME - REFERRALS
133133,3/12/2009,L&C
133133,3/13/2009,COSPONSOR(S): MUNOZ
133133,3/18/2009,COSPONSOR(S): HARRIS P.WILSON
133133,3/25/2009,COSPONSOR REMOVED: P.WILSON
133133,4/1/2009,COSPONSOR(S): THOMAS
133133,4/7/2009,L&C RPT CS(L&C) 7DP
133133,4/7/2009,DP: LYNN BUCH COGHILL NEUMAN HOLMES CHENAULT OLSON
133133,4/7/2009,FN1: ZERO(LAW)
133133,4/7/2009,COSPONSOR(S): BUCH
133133,4/11/2009,RULES TO CALENDAR 4/11/2009
133133,4/11/2009,READ THE SECOND TIME
133133,4/11/2009,L&C CS ADOPTED UNAN CONSENT
133133,4/11/2009,ADVANCED TO THIRD READING 4/13 CALENDAR
133133,4/11/2009,COSPONSOR(S): TUCK MILLETT
133133,4/13/2009,READ THE THIRD TIME CSHB 177(L&C)
133133,4/13/2009,PASSED Y39 A1
133133,4/13/2009,EFFECTIVE DATE(S) SAME AS PASSAGE
133133,4/13/2009,COSPONSOR(S): KELLY RAMRAS
133133,4/13/2009,TRANSMITTED TO (S)
133133,4/13/2009,VERSION: CSHB 177(L&C)
133133,4/14/2009,READ THE FIRST TIME - REFERRALS
133133,4/14/2009,L&C
133133,4/17/2009,L&C RPT SCS 4DP 1NR TECH TITLE CHANGE
133133,4/17/2009,DP: PASKVAN MEYER THOMAS BUNDE
133133,4/17/2009,NR: DAVIS
133133,4/17/2009,FN1: ZERO(LAW)
133133,4/17/2009,RULES TO CALENDAR 4/17/2009
133133,4/17/2009,READ THE SECOND TIME
133133,4/17/2009,L&C SCS ADOPTED UNAN CONSENT
133133,4/17/2009,ADVANCED TO THIRD READING UNAN CONSENT
133133,4/17/2009,READ THE THIRD TIME SCS CSHB 177(L&C)
133133,4/17/2009,CROSS SPONSOR(S): MCGUIRE MEYER PASKVAN WIELECHOWSKI MENARD BUNDE
133133,4/17/2009,THERRIAULT THOMAS WAGONER DYSON FRENCH STEVENS STEDMAN HUGGINS
133133,4/17/2009,PASSED Y19 N- V1
133133,4/17/2009,EFFECTIVE DATE(S) SAME AS PASSAGE
133133,4/17/2009,COURT RULE(S) SAME AS PASSAGE
133133,4/17/2009,TRANSMITTED TO (H) AS AMENDED
133133,4/17/2009,VERSION: SCS CSHB 177(L&C)
133133,4/18/2009,HELD UNDER UNFINISHED BUSINESS
133133,4/19/2009,CONCUR AM OF (S) Y40
133133,4/19/2009,EFFECTIVE DATE(S) SAME AS PASSAGE
133133,4/19/2009,COURT RULE(S) SAME AS PASSAGE
133133,8/5/2009,MANIFEST ERROR(S)
133133,8/5/2009,4:20 PM 5/21/09 TRANSMITTED TO GOVERNOR
133133,8/5/2009,SIGNED INTO LAW 5/25 CHAPTER 28 SLA 09
133133,8/5/2009,EFFECTIVE DATE(S) OF LAW 5/26/09
133134,3/12/2009,READ THE FIRST TIME - REFERRALS
133134,3/12/2009,HSS FIN
133134,3/12/2009,REFERRED TO HEALTH & SOCIAL SERVICES
133134,4/1/2009,COSPONSOR(S): GARDNER
133134,3/29/2010,COSPONSOR(S): TUCK
133134,3/31/2010,COSPONSOR(S): GRUENBERG
133135,3/12/2009,READ THE FIRST TIME - REFERRALS
133135,3/12/2009,RES
133135,3/12/2009,REFERRED TO RESOURCES
133136,3/12/2009,READ THE FIRST TIME - REFERRALS
133136,3/12/2009,FIN
133136,3/12/2009,REFERRED TO FINANCE
133136,3/18/2009,COSPONSOR(S): KERTTULA
133136,3/30/2009,COSPONSOR(S): AUSTERMAN
133137,3/12/2009,READ THE FIRST TIME - REFERRALS
133137,3/12/2009,TRA JUD
133137,3/27/2009,TRA RPT 2DP 1DNP 3NR
133137,3/27/2009,DP: DOOGAN GRUENBERG
133137,3/27/2009,DNP: JOHANSEN
133137,3/27/2009,NR: MUNOZ JOHNSON P.WILSON
133137,3/27/2009,FN1: (DOT)
133137,3/27/2009,REFERRED TO JUDICIARY
133137,3/27/2009,FIN REFERRAL ADDED AFTER JUD
133138,3/12/2009,READ THE FIRST TIME - REFERRALS
133138,3/12/2009,ENE L&C FIN
133138,3/12/2009,FN1: (CED)
133138,3/12/2009,GOVERNOR'S TRANSMITTAL LETTER
133138,4/7/2010,ENE RPT CS(ENE) NT 1NR 6AM
133138,4/7/2010,NR: JOHANSEN
133138,4/7/2010,AM: DAHLSTROM PETERSEN TUCK RAMRAS MILLETT EDGMON
133138,4/7/2010,FN1: (CED)
133138,4/7/2010,REFERRED TO LABOR & COMMERCE
133139,3/12/2009,READ THE FIRST TIME - REFERRALS
133139,3/12/2009,FSH RES
133139,3/12/2009,REFERRED TO FISHERIES
133139,3/19/2009,COSPONSOR(S): P.WILSON
133140,3/12/2009,READ THE FIRST TIME - REFERRALS
133140,3/12/2009,EDC FIN
133140,3/25/2009,EDC RPT 5DP 1NR
133140,3/25/2009,DP: P.WILSON KELLER EDGMON GARDNER SEATON
133140,3/25/2009,NR: BUCH
133140,3/25/2009,FN1: ZERO(UA)
133140,4/1/2009,FIN RPT 5DP 5NR
133140,4/1/2009,DP: GARA CRAWFORD AUSTERMAN KELLY FAIRCLOUGH
133140,4/1/2009,NR: THOMAS JOULE SALMON HAWKER STOLTZE
133140,4/1/2009,FN1: ZERO(UA)
133140,4/10/2009,RULES TO CALENDAR 4/10/2009
133140,4/10/2009,READ THE SECOND TIME
133140,4/10/2009,ADVANCED TO THIRD READING UNAN CONSENT
133140,4/10/2009,READ THE THIRD TIME HB 184
133140,4/10/2009,PASSED Y39 A1
133140,4/10/2009,COSPONSOR(S): GARA LYNN
133140,4/10/2009,TRANSMITTED TO (S)
133140,4/10/2009,VERSION: HB 184
133140,4/11/2009,READ THE FIRST TIME - REFERRALS
133140,4/11/2009,EDC FIN
133140,4/13/2009,EDC REFERRAL WAIVED
133140,4/16/2010,CROSS SPONSOR(S): THOMAS
133140,4/18/2010,FIN RPT 4DP 3NR
133140,4/18/2010,DP: HOFFMAN THOMAS EGAN ELLIS
133140,4/18/2010,NR: STEDMAN HUGGINS OLSON
133140,4/18/2010,FN1: ZERO(UA)
133140,4/18/2010,RULES TO CALENDAR 4/18/2010
133140,4/18/2010,READ THE SECOND TIME
133140,4/18/2010,ADVANCED TO THIRD READING UNAN CONSENT
133140,4/18/2010,READ THE THIRD TIME HB 184
133140,4/18/2010,CROSS SPONSOR(S): MENARD
133140,4/18/2010,PASSED Y20 N-
133140,4/18/2010,RETURN TO (H) TRANSMIT TO GOV NEXT
133140,4/18/2010,VERSION: HB 184
133140,7/9/2010,2:35 PM 6/14/10 TRANSMITTED TO GOVERNOR
133140,7/9/2010,SIGNED INTO LAW 6/21 CHAPTER 94 SLA 10
133140,7/9/2010,EFFECTIVE DATE(S) OF LAW 9/19/10
133141,3/12/2009,READ THE FIRST TIME - REFERRALS
133141,3/12/2009,STA L&C FIN
133141,3/12/2009,STA REFERRAL REMOVED
133141,3/12/2009,REFERRED TO LABOR & COMMERCE
133141,3/13/2009,COSPONSOR(S): GATTO
133141,3/16/2009,COSPONSOR(S): JOHNSON
133141,3/19/2009,COSPONSOR(S): P.WILSON
133141,3/25/2009,COSPONSOR(S): COGHILL
133141,3/27/2009,COSPONSOR(S): RAMRAS MILLETT
133142,3/12/2009,READ THE FIRST TIME - REFERRALS
133142,3/12/2009,JUD FIN
133142,4/6/2009,COSPONSOR(S): LYNN GATTO
133142,4/7/2009,JUD RPT CS(JUD) 4DP 2NR
133142,4/7/2009,DP: LYNN COGHILL GATTO RAMRAS
133142,4/7/2009,NR: GRUENBERG HOLMES
133142,4/7/2009,FN1: INDETERMINATE(LAW)
133142,4/7/2009,COSPONSOR(S): RAMRAS
133142,4/11/2009,COSPONSOR(S): AUSTERMAN STOLTZE HAWKER
133142,4/13/2009,FIN RPT CS(FIN) 5DP 5NR
133142,4/13/2009,DP: KELLY AUSTERMAN FAIRCLOUGH HAWKER STOLTZE
133142,4/13/2009,NR: THOMAS GARA CRAWFORD SALMON JOULE
133142,4/13/2009,FN2: INDETERMINATE(LAW)
133142,4/15/2009,RULES TO CALENDAR 4/15/2009
133142,4/15/2009,READ THE SECOND TIME
133142,4/15/2009,FIN CS ADOPTED UNAN CONSENT
133142,4/15/2009,ADVANCED TO THIRD READING 4/16 CALENDAR
133142,4/15/2009,COSPONSOR(S): DAHLSTROM JOHNSON MILLETT
133142,4/16/2009,READ THE THIRD TIME CSHB 186(FIN)
133142,4/16/2009,RETURN TO SECOND FOR AM 1 UNAN CONSENT
133142,4/16/2009,AM NO 1 ADOPTED Y36 N2 E1 A1
133142,4/16/2009,AUTOMATICALLY IN THIRD READING
133142,4/16/2009,PASSED Y32 N7 E1
133142,4/16/2009,OLSON NOTICE OF RECONSIDERATION
133142,4/16/2009,RECON TAKEN UP SAME DAY UC
133142,4/16/2009,PASSED ON RECONSIDERATION Y32 N7 E1
133142,4/16/2009,COSPONSOR(S): NEUMAN
133142,4/16/2009,TRANSMITTED TO (S)
133142,4/16/2009,VERSION: CSHB 186(FIN) AM
133142,4/17/2009,READ THE FIRST TIME - REFERRALS
133142,4/17/2009,JUD FIN
133142,2/1/2010,COSPONSOR(S): HARRIS
133142,2/3/2010,COSPONSOR(S): T.WILSON
133142,2/26/2010,JUD RPT 2DP 1NR
133142,2/26/2010,DP: COGHILL WIELECHOWSKI
133142,2/26/2010,NR: FRENCH
133142,2/26/2010,FN3: INDETERMINATE(LAW)
133142,4/14/2010,FIN RPT 5DP 1NR
133142,4/14/2010,DP: HOFFMAN HUGGINS THOMAS EGAN ELLIS
133142,4/14/2010,NR: OLSON
133142,4/14/2010,FN3: INDETERMINATE(LAW)
133142,4/16/2010,RULES TO CALENDAR 4/16/2010
133142,4/16/2010,READ THE SECOND TIME
133142,4/16/2010,ADVANCED TO THIRD READING UNAN CONSENT
133142,4/16/2010,READ THE THIRD TIME CSHB 186(FIN) AM
133142,4/16/2010,CROSS SPONSOR(S): DYSON WAGONER THOMAS BUNDE ELLIS MCGUIRE MEYER EGAN
133142,4/16/2010,WIELECHOWSKI MENARD HUGGINS STEVENS
133142,4/16/2010,PASSED Y18 N1 E1
133142,4/16/2010,RETURN TO (H) TRANSMIT TO GOV NEXT
133142,4/16/2010,VERSION: CSHB 186(FIN) AM
133142,7/9/2010,2:27 PM 5/6/10 TRANSMITTED TO GOVERNOR
133142,7/9/2010,SIGNED INTO LAW 5/27 CHAPTER 23 SLA 10
133142,7/9/2010,EFFECTIVE DATE(S) OF LAW 8/25/10
133143,3/12/2009,READ THE FIRST TIME - REFERRALS
133143,3/12/2009,HSS L&C
133143,3/12/2009,REFERRED TO HEALTH & SOCIAL SERVICES
133143,3/13/2009,COSPONSOR(S): MUNOZ
133143,3/25/2009,COSPONSOR(S): KERTTULA GARA
133143,4/13/2009,COSPONSOR(S): KAWASAKI
133143,1/27/2010,COSPONSOR(S): JOHANSEN
133143,1/29/2010,COSPONSOR(S): TUCK
133143,2/15/2010,COSPONSOR(S): MILLETT
133143,2/17/2010,COSPONSOR(S): CRAWFORD HOLMES N.FOSTER SALMON
133143,2/19/2010,COSPONSOR(S): GUTTENBERG EDGMON CISSNA BUCH
133143,3/4/2010,COSPONSOR(S): GARDNER
133143,3/11/2010,COSPONSOR(S): OLSON
133143,4/9/2010,COSPONSOR(S): DOOGAN
133144,3/12/2009,READ THE FIRST TIME - REFERRALS
133144,3/12/2009,HSS L&C FIN
133144,3/24/2010,HSS RPT CS(HSS) NT 1DP 1NR 5AM
133144,3/24/2010,DP: HERRON
133144,3/24/2010,NR: KELLER
133144,3/24/2010,AM: HOLMES LYNN T.WILSON SEATON CISSNA
133144,3/24/2010,FN1: (REV)
133144,3/24/2010,REFERRED TO LABOR & COMMERCE
133144,3/29/2010,COSPONSOR(S): AUSTERMAN
133145,3/13/2009,READ THE FIRST TIME - REFERRALS
133145,3/13/2009,RES FIN
133145,3/13/2009,REFERRED TO RESOURCES
133145,3/19/2009,ENE REFERRAL ADDED AFTER RES
133146,3/16/2009,READ THE FIRST TIME - REFERRALS
133146,3/16/2009,HSS FIN
133146,4/15/2009,HSS RPT CS(HSS) NT 3DP 2NR
133146,4/15/2009,DP: HOLMES SEATON CISSNA
133146,4/15/2009,NR: KELLER HERRON
133146,4/15/2009,FN1: ZERO(REV)
133146,4/6/2010,FIN RPT CS(FIN) NT 5DP 4NR
133146,4/6/2010,DP: DOOGAN KELLY FAIRCLOUGH STOLTZE HAWKER
133146,4/6/2010,NR: THOMAS AUSTERMAN N.FOSTER SALMON
133146,4/6/2010,FN2: ZERO(CED)
133146,4/6/2010,FN3: ZERO(H.FIN/DHS)
133146,4/6/2010,FN4: ZERO(REV)
133146,4/9/2010,RULES TO CALENDAR 4/9/2010
133146,4/9/2010,READ THE SECOND TIME
133146,4/9/2010,FIN CS ADOPTED UNAN CONSENT
133146,4/9/2010,ADVANCED TO THIRD READING UNAN CONSENT
133146,4/9/2010,READ THE THIRD TIME CSHB 190(FIN)
133146,4/9/2010,PASSED Y38 E2
133146,4/9/2010,COSPONSOR(S): CRAWFORD KERTTULA DAHLSTROM TUCK PETERSEN
133146,4/9/2010,TRANSMITTED TO (S)
133146,4/9/2010,VERSION: CSHB 190(FIN)
133146,4/10/2010,READ THE FIRST TIME - REFERRALS
133146,4/10/2010,HSS FIN
133146,4/11/2010,HSS REFERRAL WAIVED
133146,4/11/2010,CROSS SPONSOR(S): DAVIS
133146,4/18/2010,FIN RPT 7DP
133146,4/18/2010,DP: HOFFMAN STEDMAN HUGGINS THOMAS EGAN OLSON ELLIS
133146,4/18/2010,FN2: ZERO(CED)
133146,4/18/2010,FN3: ZERO(H.FIN/DHS)
133146,4/18/2010,FN4: ZERO(REV)
133146,4/18/2010,RULES TO 1ST SUP CALENDAR 4/18/10
133146,4/18/2010,READ THE SECOND TIME
133146,4/18/2010,ADVANCED TO THIRD READING UNAN CONSENT
133146,4/18/2010,READ THE THIRD TIME CSHB 190(FIN)
133146,4/18/2010,CROSS SPONSOR(S): MENARD MEYER PASKVAN ELLIS EGAN MCGUIRE FRENCH
133146,4/18/2010,PASSED Y20 N-
133146,4/18/2010,RETURN TO (H) TRANSMIT TO GOV NEXT
133146,4/18/2010,VERSION: CSHB 190(FIN)
133146,7/9/2010,MANIFEST ERROR(S)
133146,7/9/2010,2:35 PM 6/14/10 TRANSMITTED TO GOVERNOR
133146,7/9/2010,SIGNED INTO LAW 7/1 CHAPTER 115 SLA 10
133146,7/9/2010,EFFECTIVE DATE(S) OF LAW 9/29/10
133147,3/18/2009,READ THE FIRST TIME - REFERRALS
133147,3/18/2009,ENE RES
133147,3/18/2009,REFERRED TO ENERGY
133147,4/18/2009,COSPONSOR(S): MILLETT
133148,3/18/2009,READ THE FIRST TIME - REFERRALS
133148,3/18/2009,HSS JUD
133148,4/1/2009,HSS RPT CS(HSS) 2DP 3NR
133148,4/1/2009,DP: COGHILL LYNN
133148,4/1/2009,NR: HOLMES HERRON KELLER
133148,4/1/2009,FN1: ZERO(REV)
133148,4/1/2009,REFERRED TO JUDICIARY
133148,4/1/2009,COSPONSOR(S): MUNOZ
133149,3/18/2009,READ THE FIRST TIME - REFERRALS
133149,3/18/2009,STA JUD
133149,3/27/2009,STA RPT CS(STA) NT 4DP 1AM
133149,3/27/2009,DP: JOHNSON SEATON P.WILSON LYNN
133149,3/27/2009,AM: GRUENBERG
133149,3/27/2009,FN1: (LEG)
133149,3/27/2009,COSPONSOR(S): LYNN
133149,3/30/2009,FIN REFERRAL ADDED AFTER JUD
133149,4/6/2009,COSPONSOR(S): GRUENBERG
133149,4/7/2009,JUD RPT CS(JUD) NT 1DP 6NR
133149,4/7/2009,DP: GRUENBERG
133149,4/7/2009,NR: LYNN COGHILL DAHLSTROM HOLMES GATTO RAMRAS
133149,4/7/2009,FN1: (LEG)
133149,4/7/2009,REFERRED TO FINANCE
133150,3/18/2009,READ THE FIRST TIME - REFERRALS
133150,3/18/2009,TRA JUD
133150,3/27/2009,TRA RPT CS(TRA) 3DP 3NR
133150,3/27/2009,DP: DOOGAN GRUENBERG P.WILSON
133150,3/27/2009,NR: JOHANSEN MUNOZ JOHNSON
133150,3/27/2009,FN1: ZERO(DOT)
133150,4/10/2009,JUD RPT CS(TRA) 2DP 3NR
133150,4/10/2009,DP: LYNN RAMRAS
133150,4/10/2009,NR: GRUENBERG HOLMES GATTO
133150,4/10/2009,FN1: ZERO(DOT)
133150,4/10/2009,REFERRED TO RULES
133151,3/23/2009,READ THE FIRST TIME - REFERRALS
133151,3/23/2009,STA JUD
133151,3/23/2009,REFERRED TO STATE AFFAIRS
133152,3/23/2009,READ THE FIRST TIME - REFERRALS
133152,3/23/2009,ENE FIN
133152,4/1/2009,ENE RPT CS(ENE) 5DP 1NR
133152,4/1/2009,DP: TUCK RAMRAS PETERSEN EDGMON MILLETT
133152,4/1/2009,NR: JOHANSEN
133152,4/1/2009,FN1: ZERO(CED)
133152,4/1/2009,REFERRED TO FINANCE
133153,3/23/2009,READ THE FIRST TIME - REFERRALS
133153,3/23/2009,EDC FIN
133153,3/23/2009,REFERRED TO EDUCATION
133154,3/23/2009,READ THE FIRST TIME - REFERRALS
133154,3/23/2009,FSH RES FIN
133154,3/23/2009,REFERRED TO FISHERIES
133155,3/23/2009,READ THE FIRST TIME - REFERRALS
133155,3/23/2009,FIN
133155,3/23/2009,OMB SPREADSHEET
133155,3/23/2009,GOVERNOR'S TRANSMITTAL LETTER
133155,4/7/2009,FIN RPT CS(FIN) NT 5DP 3NR
133155,4/7/2009,DP: GARA AUSTERMAN FAIRCLOUGH JOULE HAWKER
133155,4/7/2009,NR: THOMAS SALMON STOLTZE
133155,4/8/2009,RULES TO CALENDAR 4/8/2009
133155,4/8/2009,READ THE SECOND TIME
133155,4/8/2009,FIN CS ADOPTED UNAN CONSENT
133155,4/8/2009,AM NO 1 ADOPTED UNAN CONSENT
133155,4/8/2009,ADVANCED TO THIRD READING 4/10 CALENDAR
133155,4/10/2009,READ THE THIRD TIME CSHB 199(FIN) AM
133155,4/10/2009,PASSED Y40
133155,4/10/2009,EFFECTIVE DATE(S) SAME AS PASSAGE
133155,4/10/2009,ENGROSSED AND SIGNED
133155,4/11/2009,TRANSMITTED TO (S)
133155,4/11/2009,VERSION: CSHB 199(FIN) AM
133155,4/13/2009,READ THE FIRST TIME - REFERRALS
133155,4/13/2009,FIN
133155,4/15/2009,FIN RPT SCS 6DP SAME TITLE
133155,4/15/2009,DP: HOFFMAN STEDMAN HUGGINS THOMAS OLSON ELLIS
133155,4/15/2009,RULES TO 1ST SUP CALENDAR 4/15/09
133155,4/15/2009,READ THE SECOND TIME
133155,4/15/2009,FIN SCS ADOPTED UNAN CONSENT
133155,4/15/2009,AM NO 1 FAILED Y4 N15 V1
133155,4/15/2009,ADVANCED TO THIRD READING UNAN CONSENT
133155,4/15/2009,READ THE THIRD TIME SCS CSHB 199(FIN)
133155,4/15/2009,PASSED Y15 N4 V1
133155,4/15/2009,EFFECTIVE DATE(S) SAME AS PASSAGE
133155,4/15/2009,BUNDE NOTICE OF RECONSIDERATION
133155,4/15/2009,RECON TAKEN UP SAME DAY Y15 N4 V1
133155,4/15/2009,PASSED ON RECONSIDERATION Y15 N4 V1
133155,4/15/2009,EFFECTIVE DATE(S) SAME AS PASSAGE
133155,4/15/2009,ENGROSSED
133155,4/17/2009,TRANSMITTED TO (H) AS AMENDED
133155,4/17/2009,VERSION: SCS CSHB 199(FIN)
133155,4/18/2009,HELD UNDER UNFINISHED BUSINESS
133155,4/19/2009,CONCUR AM OF (S) Y40
133155,4/19/2009,EFFECTIVE DATE(S) SAME AS PASSAGE
133155,8/5/2009,10:05 AM 5/1/09 TRANSMITTED TO GOVERNOR
133155,8/5/2009,SIGNED INTO LAW 5/21 CHAPTER 17 SLA 09
133155,8/5/2009,PARTIAL VETO AND REDUCTIONS
133155,8/5/2009,EFFECTIVE DATE(S) OF LAW SEE CHAPTER
133155,8/10/2009,MOTION TO OVERRIDE PG. 12 LN. 28-29
133155,8/10/2009,GOVERNOR VETO OVERRIDDEN Y45 N14 E1
133155,8/10/2009,TO LEGAL SERVICES
133156,3/23/2009,READ THE FIRST TIME - REFERRALS
133156,3/23/2009,RES FIN
133156,3/23/2009,REFERRED TO RESOURCES
133157,3/23/2009,READ THE FIRST TIME - REFERRALS
133157,3/23/2009,JUD
133157,4/1/2009,COSPONSOR(S): LYNN RAMRAS DAHLSTROM
133157,4/2/2009,JUD RPT CS(JUD) 6DP
133157,4/2/2009,DP: LYNN GRUENBERG COGHILL DAHLSTROM GATTO RAMRAS
133157,4/2/2009,FN1: ZERO(DPS)
133157,4/2/2009,COSPONSOR(S): GATTO
133157,4/13/2009,RULES TO CALENDAR 4/13/2009
133157,4/13/2009,READ THE SECOND TIME
133157,4/13/2009,JUD CS ADOPTED UNAN CONSENT
133157,4/13/2009,ADVANCED TO THIRD READING UNAN CONSENT
133157,4/13/2009,READ THE THIRD TIME CSHB 201(JUD)
133157,4/13/2009,PASSED Y39 A1
133157,4/13/2009,DAHLSTROM NOTICE OF RECONSIDERATION
133157,4/13/2009,RECON TAKEN UP SAME DAY UC
133157,4/13/2009,PASSED ON RECONSIDERATION Y40
133157,4/13/2009,COSPONSOR(S): KELLY HAWKER NEUMAN CRAWFORD GARDNER KELLER KAWASAKI TUCK
133157,4/13/2009,CHENAULT MILLETT
133157,4/13/2009,TRANSMITTED TO (S)
133157,4/13/2009,VERSION: CSHB 201(JUD)
133157,4/14/2009,READ THE FIRST TIME - REFERRALS
133157,4/14/2009,JUD
133157,4/18/2009,JUD RPT 4DP
133157,4/18/2009,DP: FRENCH THERRIAULT WIELECHOWSKI MCGUIRE
133157,4/18/2009,FN1: ZERO(DPS)
133157,4/19/2009,RULES TO CALENDAR 4/19/2009
133157,4/19/2009,READ THE SECOND TIME
133157,4/19/2009,ADVANCED TO THIRD READING UNAN CONSENT
133157,4/19/2009,READ THE THIRD TIME CSHB 201(JUD)
133157,4/19/2009,PASSED Y19 N- V1
133157,4/19/2009,RETURN TO (H) TRANSMIT TO GOV NEXT
133157,4/19/2009,VERSION: CSHB 201(JUD)
133157,8/5/2009,1:10 PM 6/19/09 TRANSMITTED TO GOVERNOR
133157,8/5/2009,SIGNED INTO LAW 7/9 CHAPTER 50 SLA 09
133157,8/5/2009,EFFECTIVE DATE(S) OF LAW 10/7/09
133158,3/23/2009,READ THE FIRST TIME - REFERRALS
133158,3/23/2009,CRA L&C
133158,3/25/2009,COSPONSOR(S): KELLY DAHLSTROM
133158,3/27/2009,COSPONSOR(S): HARRIS
133158,4/6/2009,COSPONSOR(S): GATTO
133158,3/23/2010,CRA RPT CS(CRA) NT 2DP 2NR
133158,3/23/2010,DP: HERRON MUNOZ
133158,3/23/2010,NR: HARRIS GARDNER
133158,3/23/2010,FN1: ZERO(DPS)
133158,3/29/2010,L&C RPT CS(CRA) NT 3DP 3NR
133158,3/29/2010,DP: CHENAULT HOLMES OLSON
133158,3/29/2010,NR: LYNN NEUMAN T.WILSON
133158,3/29/2010,FN1: ZERO(DPS)
133158,3/31/2010,RULES TO CALENDAR 3/31/2010
133158,3/31/2010,READ THE SECOND TIME
133158,3/31/2010,CRA CS ADOPTED UNAN CONSENT
133158,3/31/2010,ADVANCED TO THIRD READING UNAN CONSENT
133158,3/31/2010,READ THE THIRD TIME CSHB 202(CRA)
133158,3/31/2010,PASSED Y37 E3
133158,3/31/2010,TRANSMITTED TO (S)
133158,3/31/2010,VERSION: CSHB 202(CRA)
133158,4/1/2010,READ THE FIRST TIME - REFERRALS
133158,4/1/2010,STA L&C
133158,4/1/2010,REFERRED TO STATE AFFAIRS
133159,3/23/2009,READ THE FIRST TIME - REFERRALS
133159,3/23/2009,JUD
133159,3/23/2009,REFERRED TO JUDICIARY
133159,4/6/2009,COSPONSOR(S): GARA
133160,3/23/2009,READ THE FIRST TIME - REFERRALS
133160,3/23/2009,EDC FIN
133160,3/25/2009,COSPONSOR(S): KERTTULA
133160,4/1/2009,COSPONSOR(S): MUNOZ
133160,4/3/2009,EDC RPT 4DP 1NR
133160,4/3/2009,DP: P.WILSON GARDNER BUCH SEATON
133160,4/3/2009,NR: KELLER
133160,4/3/2009,FN1: (EED)
133160,4/3/2009,REFERRED TO FINANCE
133160,4/17/2009,COSPONSOR(S): HOLMES
133161,3/25/2009,READ THE FIRST TIME - REFERRALS
133161,3/25/2009,STA FIN
133161,4/14/2009,STA RPT CS(STA) 4DP 1DNP
133161,4/14/2009,DP: PETERSEN P.WILSON GRUENBERG LYNN
133161,4/14/2009,DNP: SEATON
133161,4/14/2009,FN1: (REV)
133161,4/14/2009,REFERRED TO FINANCE
133161,1/19/2010,COSPONSOR(S): KERTTULA
133161,1/29/2010,COSPONSOR(S): TUCK
133162,3/25/2009,READ THE FIRST TIME - REFERRALS
133162,3/25/2009,EDC FIN
133162,4/6/2010,EDC RPT CS(EDC) NT 3DP 1DNP 2NR 1AM
133162,4/6/2010,DP: GARDNER BUCH SEATON
133162,4/6/2010,DNP: KELLER
133162,4/6/2010,NR: MUNOZ EDGMON
133162,4/6/2010,AM: P.WILSON
133162,4/6/2010,FN1: ZERO(H.EDC/EED)
133162,4/6/2010,REFERRED TO FINANCE
133163,3/27/2009,READ THE FIRST TIME - REFERRALS
133163,3/27/2009,FSH L&C FIN
133163,3/30/2009,COSPONSOR(S): AUSTERMAN
133163,4/1/2009,COSPONSOR(S): P.WILSON
133163,4/10/2009,FSH RPT 3DP 3NR
133163,4/10/2009,DP: BUCH MUNOZ EDGMON
133163,4/10/2009,NR: JOHNSON KAWASAKI KELLER
133163,4/10/2009,FN1: ZERO(DFG)
133163,4/10/2009,FN2: (LWF)
133163,4/14/2009,L&C RPT 4DP 3NR
133163,4/14/2009,DP: LYNN NEUMAN BUCH CHENAULT
133163,4/14/2009,NR: COGHILL HOLMES OLSON
133163,4/14/2009,FN1: ZERO(DFG)
133163,4/14/2009,FN2: (LWF)
133163,4/15/2009,COSPONSOR(S): CRAWFORD R.FOSTER THOMAS
133163,4/16/2009,FIN RPT 9DP 1NR
133163,4/16/2009,DP: THOMAS GARA CRAWFORD R.FOSTER AUSTERMAN KELLY FAIRCLOUGH JOULE
133163,4/16/2009,HAWKER
133163,4/16/2009,NR: SALMON
133163,4/16/2009,FN1: ZERO(DFG)
133163,4/16/2009,FN2: (LWF)
133163,4/16/2009,REFERRED TO RULES
133164,3/27/2009,READ THE FIRST TIME - REFERRALS
133164,3/27/2009,CRA L&C FIN
133164,3/27/2009,REFERRED TO COMMUNITY & REGIONAL AFFAIRS
133165,3/30/2009,READ THE FIRST TIME - REFERRALS
133165,3/30/2009,RES FIN
133165,3/30/2009,REFERRED TO RESOURCES
133166,4/1/2009,READ THE FIRST TIME - REFERRALS
133166,4/1/2009,RES
133166,4/8/2009,COSPONSOR(S): JOHNSON OLSON
133166,4/10/2009,RES RPT CS(RES) 6DP 3NR
133166,4/10/2009,DP: OLSON SEATON P.WILSON EDGMON NEUMAN JOHNSON
133166,4/10/2009,NR: GUTTENBERG TUCK KAWASAKI
133166,4/10/2009,FN1: ZERO(DNR)
133166,4/10/2009,COSPONSOR(S): P.WILSON NEUMAN
133166,4/11/2009,RULES TO CALENDAR 4/11/2009
133166,4/11/2009,READ THE SECOND TIME
133166,4/11/2009,RES CS ADOPTED UNAN CONSENT
133166,4/11/2009,ADVANCED TO THIRD READING UNAN CONSENT
133166,4/11/2009,READ THE THIRD TIME CSHB 210(RES)
133166,4/11/2009,PASSED Y38 E2
133166,4/11/2009,EFFECTIVE DATE(S) SAME AS PASSAGE
133166,4/11/2009,COSPONSOR(S): AUSTERMAN
133166,4/11/2009,TRANSMITTED TO (S)
133166,4/11/2009,VERSION: CSHB 210(RES)
133166,4/13/2009,READ THE FIRST TIME - REFERRALS
133166,4/13/2009,RES
133166,4/13/2009,CROSS SPONSOR(S): THERRIAULT
133166,4/10/2010,RES RPT SCS 5DP SAME TITLE
133166,4/10/2010,DP: WIELECHOWSKI MCGUIRE STEVENS FRENCH WAGONER
133166,4/10/2010,FN2: ZERO(DNR)
133166,4/12/2010,RULES TO CALENDAR 4/12/2010
133166,4/12/2010,READ THE SECOND TIME
133166,4/12/2010,RES SCS ADOPTED UNAN CONSENT
133166,4/12/2010,ADVANCED TO THIRD READING UNAN CONSENT
133166,4/12/2010,READ THE THIRD TIME SCS CSHB 210(RES)
133166,4/12/2010,PASSED Y20 N-
133166,4/12/2010,EFFECTIVE DATE(S) SAME AS PASSAGE
133166,4/12/2010,CROSS SPONSOR(S): HOFFMAN WAGONER DYSON MENARD OLSON KOOKESH
133166,4/12/2010,TRANSMITTED TO (H) AS AMENDED
133166,4/12/2010,VERSION: SCS CSHB 210(RES)
133166,4/12/2010,HELD UNDER UNFINISHED BUSINESS
133166,4/14/2010,CONCUR AM OF (S) Y40
133166,4/14/2010,EFFECTIVE DATE(S) SAME AS PASSAGE
133166,7/9/2010,MANIFEST ERROR(S)
133166,8/27/2010,2:45 PM 8/12/10 TRANSMITTED TO GOVERNOR
133166,8/27/2010,SIGNED INTO LAW 8/19 CHAPTER 119 SLA 10
133166,8/27/2010,EFFECTIVE DATE(S) OF LAW SEE CHAPTER
133167,4/1/2009,READ THE FIRST TIME - REFERRALS
133167,4/1/2009,FSH RES FIN
133167,4/1/2009,REFERRED TO FISHERIES
133168,4/1/2009,READ THE FIRST TIME - REFERRALS
133168,4/1/2009,L&C FIN
133168,4/8/2009,L&C REFERRAL WAIVED
133168,4/8/2009,REFERRED TO FINANCE
133168,4/13/2009,COSPONSOR(S): GARA
133169,4/1/2009,READ THE FIRST TIME - REFERRALS
133169,4/1/2009,L&C JUD
133169,4/1/2009,FN1: ZERO(LWF)
133169,4/1/2009,GOVERNOR'S TRANSMITTAL LETTER
133169,4/8/2009,L&C REFERRAL WAIVED
133169,4/14/2009,JUD RPT 4DP 1NR
133169,4/14/2009,DP: COGHILL DAHLSTROM HOLMES RAMRAS
133169,4/14/2009,NR: LYNN
133169,4/14/2009,FN1: ZERO(LWF)
133169,4/14/2009,REFERRED TO RULES
133170,4/3/2009,READ THE FIRST TIME - REFERRALS
133170,4/3/2009,FIN
133170,4/8/2009,FIN RPT 6DP 2DNP 2NR
133170,4/8/2009,DP: THOMAS CRAWFORD AUSTERMAN JOULE SALMON HAWKER
133170,4/8/2009,DNP: R.FOSTER KELLY
133170,4/8/2009,NR: FAIRCLOUGH STOLTZE
133170,4/8/2009,FN1: ZERO(DEC)
133170,4/8/2009,REFERRED TO RULES
133171,4/3/2009,READ THE FIRST TIME - REFERRALS
133171,4/3/2009,EDC
133171,4/10/2009,EDC RPT CS(EDC) NT 3DP 3NR
133171,4/10/2009,DP: P.WILSON GARDNER SEATON
133171,4/10/2009,NR: KELLER MUNOZ BUCH
133171,4/10/2009,FN1: ZERO(EED)
133171,4/10/2009,COSPONSOR(S): GARDNER
133171,4/13/2009,RULES TO CALENDAR 4/13/2009
133171,4/13/2009,READ THE SECOND TIME
133171,4/13/2009,FN1: ZERO(EED) CORRECTED
133171,4/13/2009,EDC CS ADOPTED UNAN CONSENT
133171,4/13/2009,ADVANCED TO THIRD READING UNAN CONSENT
133171,4/13/2009,READ THE THIRD TIME CSHB 215(EDC)
133171,4/13/2009,PASSED Y40
133171,4/13/2009,P.WILSON NOTICE OF RECONSIDERATION
133171,4/13/2009,RECON TAKEN UP SAME DAY UC
133171,4/13/2009,PASSED ON RECONSIDERATION Y40
133171,4/13/2009,COSPONSOR(S): PETERSEN
133171,4/13/2009,TRANSMITTED TO (S)
133171,4/13/2009,VERSION: CSHB 215(EDC)
133171,4/14/2009,READ THE FIRST TIME - REFERRALS
133171,4/14/2009,EDC
133171,4/15/2009,EDC RPT 1DP 3NR
133171,4/15/2009,DP: DAVIS
133171,4/15/2009,NR: OLSON STEVENS HUGGINS
133171,4/15/2009,FN1: ZERO(EED)
133171,4/18/2009,RULES TO CALENDAR 4/18/2009
133171,4/18/2009,READ THE SECOND TIME
133171,4/18/2009,AM NO 1 ADOPTED Y18 N1 V1
133171,4/18/2009,...CHANGES TITLE OF LEGISLATION
133171,4/18/2009,ADVANCED TO THIRD READING 4/19 CALENDAR
133171,4/19/2009,READ THE THIRD TIME CSHB 215(EDC) AM S
133171,4/19/2009,PASSED Y19 N- V1
133171,4/19/2009,TITLE CHANGE: SCR 11
133171,4/19/2009,TRANSMITTED TO (H) AS AMENDED
133171,4/19/2009,VERSION: CSHB 215(EDC) AM S
133171,4/19/2009,HELD UNDER UNFINISHED BUSINESS
133171,4/19/2009,CONCUR AM OF (S) Y40
133171,8/5/2009,MANIFEST ERROR(S)
133171,8/5/2009,11:00 AM 5/19/09 TRANSMITTED TO GOVERNOR
133171,8/5/2009,SIGNED INTO LAW 5/20 CHAPTER 18 SLA 09
133171,8/5/2009,EFFECTIVE DATE(S) OF LAW 8/18/09
133172,4/6/2009,READ THE FIRST TIME - REFERRALS
133172,4/6/2009,FSH RES
133172,4/6/2009,REFERRED TO FISHERIES
133173,4/6/2009,READ THE FIRST TIME - REFERRALS
133173,4/6/2009,RES FIN
133173,3/17/2010,RES RPT CS(RES) NT 2DP 1DNP 3NR 2AM
133173,3/17/2010,DP: JOHNSON NEUMAN
133173,3/17/2010,DNP: SEATON
133173,3/17/2010,NR: OLSON EDGMON P.WILSON
133173,3/17/2010,AM: TUCK KAWASAKI
133173,3/17/2010,FN1: INDETERMINATE(DNR)
133173,3/17/2010,FN2: INDETERMIANTE(REV)
133173,3/17/2010,REFERRED TO FINANCE
133174,4/6/2009,READ THE FIRST TIME - REFERRALS
133174,4/6/2009,ENE FIN
133174,4/6/2009,REFERRED TO ENERGY
133175,4/6/2009,READ THE FIRST TIME - REFERRALS
133175,4/6/2009,ENE RES FIN
133175,4/6/2009,REFERRED TO ENERGY
133176,4/7/2009,READ THE FIRST TIME - REFERRALS
133176,4/7/2009,RES FIN
133176,4/7/2009,REFERRED TO RESOURCES
133177,4/8/2009,READ THE FIRST TIME - REFERRALS
133177,4/8/2009,L&C FIN
133177,4/11/2009,L&C RPT CS(L&C) 3DP 2NR
133177,4/11/2009,DP: LYNN COGHILL OLSON
133177,4/11/2009,NR: BUCH HOLMES
133177,4/11/2009,FN1: (CED)
133177,4/13/2009,FIN RPT CS(L&C) 10NR
133177,4/13/2009,NR: THOMAS R.FOSTER CRAWFORD AUSTERMAN KELLY FAIRCLOUGH GARA SALMON
133177,4/13/2009,JOULE STOLTZE
133177,4/13/2009,FN1: (CED)
133177,4/15/2009,RULES TO CALENDAR 4/15/2009
133177,4/15/2009,READ THE SECOND TIME
133177,4/15/2009,L&C CS ADOPTED UNAN CONSENT
133177,4/15/2009,ADVANCED TO THIRD READING UNAN CONSENT
133177,4/15/2009,READ THE THIRD TIME CSHB 221(L&C)
133177,4/15/2009,PASSED Y37 N1 E1 A1
133177,4/15/2009,EFFECTIVE DATE(S) SAME AS PASSAGE
133177,4/15/2009,COGHILL NOTICE OF RECONSIDERATION
133177,4/15/2009,RECON TAKEN UP SAME DAY UC
133177,4/15/2009,PASSED ON RECONSIDERATION Y34 N2 E1 A3
133177,4/15/2009,EFFECTIVE DATE(S) SAME AS PASSAGE
133177,4/15/2009,TRANSMITTED TO (S)
133177,4/15/2009,VERSION: CSHB 221(L&C)
133177,4/15/2009,READ THE FIRST TIME - REFERRALS
133177,4/15/2009,FIN
133177,4/17/2009,FIN RPT 4DP 1NR
133177,4/17/2009,DP: HOFFMAN STEDMAN THOMAS ELLIS
133177,4/17/2009,NR: OLSON
133177,4/17/2009,FN1: (CED)
133177,4/18/2009,RULES TO CALENDAR 4/18/2009
133177,4/18/2009,READ THE SECOND TIME
133177,4/18/2009,ADVANCED TO THIRD READING UNAN CONSENT
133177,4/18/2009,READ THE THIRD TIME CSHB 221(L&C)
133177,4/18/2009,PASSED Y19 N- V1
133177,4/18/2009,EFFECTIVE DATE(S) SAME AS PASSAGE
133177,4/18/2009,RETURN TO (H) TRANSMIT TO GOV NEXT
133177,4/18/2009,VERSION: CSHB 221(L&C)
133177,8/5/2009,8:30 AM 6/12/09 TRANSMITTED TO GOVERNOR
133177,8/5/2009,SIGNED INTO LAW 6/16 CHAPTER 31 SLA 09
133177,8/5/2009,EFFECTIVE DATE(S) OF LAW 6/17/09
133178,4/8/2009,READ THE FIRST TIME - REFERRALS
133178,4/8/2009,L&C
133178,4/11/2009,L&C RPT 4DP
133178,4/11/2009,DP: LYNN BUCH HOLMES OLSON
133178,4/11/2009,FN1: ZERO(CED)
133178,4/11/2009,FN2: INDETERMINATE(DHS)
133178,4/11/2009,FN3: INDETERMINATE(DHS)
133178,4/11/2009,FIN REFERRAL ADDED AFTER L&C
133178,4/14/2009,FIN RPT 5DP 1DNP 3NR
133178,4/14/2009,DP: FAIRCLOUGH CRAWFORD GARA SALMON JOULE
133178,4/14/2009,DNP: KELLY
133178,4/14/2009,NR: AUSTERMAN HAWKER STOLTZE
133178,4/14/2009,FN1: ZERO(CED)
133178,4/14/2009,FN4: ZERO(DHS)
133178,4/14/2009,FN5: ZERO(DHS)
133178,4/15/2009,RULES TO CALENDAR 4/15/2009
133178,4/15/2009,READ THE SECOND TIME
133178,4/15/2009,ADVANCED TO THIRD READING UNAN CONSENT
133178,4/15/2009,READ THE THIRD TIME HB 222
133178,4/15/2009,AM NO 1 (TITLE AM) ADOPTED UNAN CONSENT
133178,4/15/2009,PASSED Y23 N7 E1 A9
133178,4/15/2009,EFFECTIVE DATE(S) ADOPTED Y33 E1 A6
133178,4/15/2009,KERTTULA NOTICE OF RECONSIDERATION
133178,4/15/2009,RECON TAKEN UP SAME DAY UC
133178,4/15/2009,PASSED ON RECONSIDERATION Y29 N10 E1
133178,4/15/2009,EFFECTIVE DATE(S) SAME AS PASSAGE
133178,4/15/2009,COSPONSOR(S): TUCK GARDNER LYNN KERTTULA GUTTENBERG
133178,4/15/2009,TRANSMITTED TO (S)
133178,4/15/2009,VERSION: HB 222(TITLE AM)
133178,4/16/2009,READ THE FIRST TIME - REFERRALS
133178,4/16/2009,L&C
133178,4/17/2009,L&C RPT 4DP
133178,4/17/2009,DP: PASKVAN MEYER THOMAS DAVIS
133178,4/17/2009,FN1: ZERO(CED)
133178,4/17/2009,FN4: ZERO(DHS)
133178,4/17/2009,FN5: ZERO(DHS)
133178,4/18/2009,RULES TO CALENDAR 4/18/2009
133178,4/18/2009,READ THE SECOND TIME
133178,4/18/2009,ADVANCED TO THIRD READING UNAN CONSENT
133178,4/18/2009,READ THE THIRD TIME HB 222(TITLE AM)
133178,4/18/2009,PASSED Y17 N- A2 V1
133178,4/18/2009,EFFECTIVE DATE(S) SAME AS PASSAGE
133178,4/18/2009,RETURN TO (H) TRANSMIT TO GOV NEXT
133178,4/18/2009,VERSION: HB 222(TITLE AM)
133178,8/5/2009,MANIFEST ERROR(S)
133178,8/5/2009,1:10 PM 6/19/09 TRANSMITTED TO GOVERNOR
133178,8/5/2009,SIGNED INTO LAW 7/9 CHAPTER 55 SLA 09
133178,8/5/2009,EFFECTIVE DATE(S) OF LAW SEE CHAPTER
133179,4/8/2009,READ THE FIRST TIME - REFERRALS
133179,4/8/2009,HSS
133179,4/8/2009,REFERRED TO HEALTH & SOCIAL SERVICES
133180,4/10/2009,READ THE FIRST TIME - REFERRALS
133180,4/10/2009,CRA FIN
133180,4/10/2009,REFERRED TO COMMUNITY & REGIONAL AFFAIRS
133181,4/10/2009,READ THE FIRST TIME - REFERRALS
133181,4/10/2009,STA FIN
133181,4/14/2009,STA RPT CS(STA) 4DP
133181,4/14/2009,DP: GRUENBERG P.WILSON PETERSEN SEATON
133181,4/14/2009,FN1: ZERO(ADM)
133181,4/14/2009,FN2: ZERO(COR)
133181,3/17/2010,FIN RPT CS(STA) 9DP
133181,3/17/2010,DP: THOMAS GARA DOOGAN JOULE KELLY AUSTERMAN N.FOSTER FAIRCLOUGH
133181,3/17/2010,STOLTZE
133181,3/17/2010,FN3: ZERO(ADM)
133181,3/17/2010,FN4: ZERO(COR)
133181,3/19/2010,CORRECTED FIN RPT CS(FIN) 8DP 1NR
133181,3/19/2010,DP: JOULE AUSTERMAN DOOGAN N.FOSTER THOMAS FAIRCLOUGH KELLY STOLTZE
133181,3/19/2010,NR: GARA
133181,3/19/2010,FN3: ZERO(ADM)
133181,3/19/2010,FN4: ZERO(COR)
133181,3/22/2010,CS(FIN)(CORRECTED) RECEIVED
133181,3/22/2010,RULES TO CALENDAR 3/22/2010
133181,3/22/2010,READ THE SECOND TIME
133181,3/22/2010,FIN CS (CORRECTED) ADOPTED UNAN CONSENT
133181,3/22/2010,ADVANCED TO THIRD READING UNAN CONSENT
133181,3/22/2010,READ THIRD TIME CSHB 225(FIN)(CORRECTED)
133181,3/22/2010,PASSED Y39 A1
133181,3/22/2010,EFFECTIVE DATE(S) SAME AS PASSAGE
133181,3/22/2010,TRANSMITTED TO (S)
133181,3/22/2010,VERSION: CSHB 225(FIN)(CORRECTED)
133181,3/23/2010,READ THE FIRST TIME - REFERRALS
133181,3/23/2010,STA FIN
133181,3/23/2010,REFERRED TO STATE AFFAIRS
133182,4/10/2009,READ THE FIRST TIME - REFERRALS
133182,4/10/2009,TRA FIN
133182,3/19/2010,TRA RPT CS(TRA) 6DP
133182,3/19/2010,DP: JOHANSEN MUNOZ T.WILSON GRUENBERG PETERSEN P.WILSON
133182,3/19/2010,FN1: (DOT)
133182,4/1/2010,FIN RPT CS(TRA) 10DP
133182,4/1/2010,DP: THOMAS GARA DOOGAN JOULE AUSTERMAN KELLY N.FOSTER SALMON
133182,4/1/2010,FAIRCLOUGH STOLTZE
133182,4/1/2010,FN2: (DOT)
133182,4/1/2010,COSPONSOR(S): THOMAS GARA
133182,4/7/2010,RULES TO CALENDAR 4/7/2010
133182,4/7/2010,READ THE SECOND TIME
133182,4/7/2010,TRA CS ADOPTED UNAN CONSENT
133182,4/7/2010,ADVANCED TO THIRD READING UNAN CONSENT
133182,4/7/2010,READ THE THIRD TIME CSHB 226(TRA)
133182,4/7/2010,PASSED Y38 E1 A1
133182,4/7/2010,COSPONSOR(S): HARRIS TUCK DAHLSTROM
133182,4/7/2010,TRANSMITTED TO (S)
133182,4/7/2010,VERSION: CSHB 226(TRA)
133182,4/8/2010,READ THE FIRST TIME - REFERRALS
133182,4/8/2010,TRA FIN
133182,4/10/2010,TRA REFERRAL WAIVED
133182,4/18/2010,FIN RPT 5DP 2NR
133182,4/18/2010,DP: HOFFMAN HUGGINS THOMAS EGAN ELLIS
133182,4/18/2010,NR: STEDMAN OLSON
133182,4/18/2010,FN2: (DOT)
133182,4/18/2010,RULES TO CALENDAR 4/18/2010
133182,4/18/2010,READ THE SECOND TIME
133182,4/18/2010,ADVANCED TO THIRD READING UNAN CONSENT
133182,4/18/2010,READ THE THIRD TIME CSHB 226(TRA)
133182,4/18/2010,CROSS SPONSOR(S): MENARD DYSON HUGGINS
133182,4/18/2010,PASSED Y20 N-
133182,4/18/2010,RETURN TO (H) TRANSMIT TO GOV NEXT
133182,4/18/2010,VERSION: CSHB 226(TRA)
133182,7/9/2010,2:06 PM 5/27/10 TRANSMITTED TO GOVERNOR
133182,7/9/2010,SIGNED INTO LAW 6/17 CHAPTER 89 SLA 10
133182,7/9/2010,EFFECTIVE DATE(S) OF LAW 9/15/10
133183,4/10/2009,READ THE FIRST TIME - REFERRALS
133183,4/10/2009,FSH RES
133183,1/19/2010,SPONSOR SUBSTITUTE INTRODUCED
133183,1/19/2010,READ THE FIRST TIME - REFERRALS
133183,1/19/2010,FSH RES
133183,2/3/2010,FSH RPT 1DP 4NR 1AM
133183,2/3/2010,DP: EDGMON
133183,2/3/2010,NR: JOHNSON MILLETT KELLER MUNOZ
133183,2/3/2010,AM: KAWASAKI
133183,2/3/2010,FN1: ZERO(DNR)
133183,2/3/2010,FN2: INDETERMINATE(DFG)
133183,2/3/2010,REFERRED TO RESOURCES
133183,2/3/2010,FIN REFERRAL ADDED AFTER RES
133184,4/10/2009,READ THE FIRST TIME - REFERRALS
133184,4/10/2009,FIN
133184,4/10/2009,REFERRED TO FINANCE
133185,4/14/2009,READ THE FIRST TIME - REFERRALS
133185,4/14/2009,RES FIN
133185,4/15/2009,COSPONSOR(S): NEUMAN
133185,3/25/2010,RES RPT CS(RES) NT 4DP 4NR
133185,3/25/2010,DP: OLSON P.WILSON NEUMAN JOHNSON
133185,3/25/2010,NR: EDGMON GUTTENBERG TUCK SEATON
133185,3/25/2010,FN1: INDETERMINATE(REV)
133185,3/25/2010,REFERRED TO FINANCE
133186,4/14/2009,READ THE FIRST TIME - REFERRALS
133186,4/14/2009,JUD FIN
133186,4/14/2009,REFERRED TO JUDICIARY
133186,4/16/2009,COSPONSOR(S): KERTTULA
133187,4/15/2009,READ THE FIRST TIME - REFERRALS
133187,4/15/2009,RES
133187,4/15/2009,REFERRED TO RESOURCES
133187,4/16/2009,WITHDRAWN BY SPONSOR
133188,4/15/2009,READ THE FIRST TIME - REFERRALS
133188,4/15/2009,TRA FIN
133188,4/15/2009,REFERRED TO TRANSPORTATION
133189,4/16/2009,READ THE FIRST TIME - REFERRALS
133189,4/16/2009,JUD FIN
133189,4/16/2009,REFERRED TO JUDICIARY
133190,4/16/2009,READ THE FIRST TIME - REFERRALS
133190,4/16/2009,RES FIN
133190,4/16/2009,REFERRED TO RESOURCES
133191,4/16/2009,READ THE FIRST TIME - REFERRALS
133191,4/16/2009,EDC FIN
133191,1/19/2010,COSPONSOR(S): KERTTULA
133191,2/8/2010,EDC RPT CS(EDC) 1DP 3NR
133191,2/8/2010,DP: MUNOZ
133191,2/8/2010,NR: BUCH EDGMON P.WILSON
133191,2/8/2010,FN1: (EED)
133191,2/8/2010,REFERRED TO FINANCE
133192,4/16/2009,READ THE FIRST TIME - REFERRALS
133192,4/16/2009,STA JUD FIN
133192,4/16/2009,REFERRED TO STATE AFFAIRS
133193,4/17/2009,READ THE FIRST TIME - REFERRALS
133193,4/17/2009,EDC STA TRA L&C JUD RLS FIN
133193,4/17/2009,REFERRED TO EDUCATION
133194,4/17/2009,READ THE FIRST TIME - REFERRALS
133194,4/17/2009,L&C JUD
133194,2/17/2010,L&C RPT 6DP 1NR
133194,2/17/2010,DP: BUCH NEUMAN CHENAULT HOLMES T.WILSON OLSON
133194,2/17/2010,NR: LYNN
133194,2/17/2010,FN1: ZERO(CED)
133194,3/10/2010,JUD RPT 5DP 1NR
133194,3/10/2010,DP: GRUENBERG HERRON DAHLSTROM HOLMES RAMRAS
133194,3/10/2010,NR: GATTO
133194,3/10/2010,FN1: ZERO(CED)
133194,3/10/2010,COSPONSOR(S): RAMRAS
133194,4/14/2010,RULES TO CALENDAR 4/14/2010
133194,4/14/2010,READ THE SECOND TIME
133194,4/14/2010,ADVANCED TO THIRD READING UNAN CONSENT
133194,4/14/2010,READ THE THIRD TIME HB 238
133194,4/14/2010,PASSED Y38 A2
133194,4/14/2010,COSPONSOR(S): LYNN TUCK
133194,4/14/2010,TRANSMITTED TO (S)
133194,4/14/2010,VERSION: HB 238
133194,4/15/2010,READ THE FIRST TIME - REFERRALS
133194,4/15/2010,L&C JUD
133194,4/15/2010,REFERRED TO LABOR & COMMERCE
133195,4/18/2009,READ THE FIRST TIME - REFERRALS
133195,4/18/2009,ENE RES FIN
133195,4/18/2009,REFERRED TO ENERGY
133196,4/18/2009,READ THE FIRST TIME - REFERRALS
133196,4/18/2009,L&C JUD
133196,4/18/2009,REFERRED TO LABOR & COMMERCE
133197,4/18/2009,READ THE FIRST TIME - REFERRALS
133197,4/18/2009,STA FIN
133197,2/8/2010,COSPONSOR(S): KELLER
133197,2/10/2010,COSPONSOR(S): LYNN
133197,3/31/2010,STA RPT CS(STA) NT 2DP 2DNP 3NR
133197,3/31/2010,DP: GATTO LYNN
133197,3/31/2010,DNP: JOHNSON SEATON
133197,3/31/2010,NR: GRUENBERG P.WILSON PETERSEN
133197,3/31/2010,FN1: ZERO(REV)
133197,3/31/2010,REFERRED TO FINANCE
133198,4/18/2009,READ THE FIRST TIME - REFERRALS
133198,4/18/2009,FSH RES
133198,4/18/2009,REFERRED TO FISHERIES
133199,4/18/2009,READ THE FIRST TIME - REFERRALS
133199,4/18/2009,CRA L&C
133199,4/18/2009,REFERRED TO COMMUNITY & REGIONAL AFFAIRS
133200,4/18/2009,READ THE FIRST TIME - REFERRALS
133200,4/18/2009,CRA TRA
133200,4/18/2009,REFERRED TO COMMUNITY & REGIONAL AFFAIRS
133201,4/18/2009,READ THE FIRST TIME - REFERRALS
133201,4/18/2009,L&C FIN
133201,3/1/2010,L&C RPT 3DP 3NR
133201,3/1/2010,DP: LYNN NEUMAN OLSON
133201,3/1/2010,NR: BUCH CHENAULT T.WILSON
133201,3/1/2010,FN1: ZERO(CED)
133201,3/17/2010,FIN RPT 9DP 1NR
133201,3/17/2010,DP: THOMAS AUSTERMAN GARA DOOGAN JOULE KELLY N.FOSTER FAIRCLOUGH
133201,3/17/2010,STOLTZE
133201,3/17/2010,NR: HAWKER
133201,3/17/2010,FN1: ZERO(CED)
133201,3/22/2010,RULES TO CALENDAR 3/22/2010
133201,3/22/2010,READ THE SECOND TIME
133201,3/22/2010,ADVANCED TO THIRD READING UNAN CONSENT
133201,3/22/2010,READ THE THIRD TIME HB 245
133201,3/22/2010,PASSED Y40
133201,3/22/2010,EFFECTIVE DATE(S) SAME AS PASSAGE
133201,3/22/2010,TRANSMITTED TO (S)
133201,3/22/2010,VERSION: HB 245
133201,3/23/2010,READ THE FIRST TIME - REFERRALS
133201,3/23/2010,L&C
133201,4/9/2010,L&C RPT 4DP
133201,4/9/2010,DP: PASKVAN BUNDE THOMAS MEYER
133201,4/9/2010,FN1: ZERO(CED)
133201,4/12/2010,RULES TO CALENDAR 4/12/2010
133201,4/12/2010,READ THE SECOND TIME
133201,4/12/2010,ADVANCED TO THIRD READING UNAN CONSENT
133201,4/12/2010,READ THE THIRD TIME HB 245
133201,4/12/2010,CROSS SPONSOR(S): MENARD MEYER
133201,4/12/2010,PASSED Y20 N-
133201,4/12/2010,EFFECTIVE DATE(S) SAME AS PASSAGE
133201,4/12/2010,RETURN TO (H) TRANSMIT TO GOV NEXT
133201,4/12/2010,VERSION: HB 245
133201,7/9/2010,MANIFEST ERROR(S)
133201,7/9/2010,2:06 PM 5/27/10 TRANSMITTED TO GOVERNOR
133201,7/9/2010,SIGNED INTO LAW 6/1 CHAPTER 27 SLA 10
133201,7/9/2010,EFFECTIVE DATE(S) OF LAW 6/2/10
133202,4/19/2009,READ THE FIRST TIME - REFERRALS
133202,4/19/2009,FSH RES
133202,3/19/2010,FSH RPT 3DP 2NR
133202,3/19/2010,DP: KELLER BUCH EDGMON
133202,3/19/2010,NR: JOHNSON MUNOZ
133202,3/19/2010,FN1: (DFG)
133202,3/19/2010,FIN REFERRAL ADDED AFTER RES
133202,4/14/2010,RES RPT CS(RES) NT 4DP 1DNP 2NR 2AM
133202,4/14/2010,DP: TUCK GUTTENBERG SEATON P.WILSON
133202,4/14/2010,DNP: KAWASAKI
133202,4/14/2010,NR: OLSON EDGMON
133202,4/14/2010,AM: NEUMAN JOHNSON
133202,4/14/2010,FN1: (DFG)
133202,4/14/2010,REFERRED TO FINANCE
133203,1/19/2010,PREFILE RELEASED 1/8/10
133203,1/19/2010,READ THE FIRST TIME - REFERRALS
133203,1/19/2010,TRA FIN
133203,1/19/2010,REFERRED TO TRANSPORTATION
133204,1/19/2010,PREFILE RELEASED 1/8/10
133204,1/19/2010,READ THE FIRST TIME - REFERRALS
133204,1/19/2010,STA FIN
133204,1/19/2010,REFERRED TO STATE AFFAIRS
133205,1/19/2010,PREFILE RELEASED 1/8/10
133205,1/19/2010,READ THE FIRST TIME - REFERRALS
133205,1/19/2010,RES
133205,1/19/2010,REFERRED TO RESOURCES
133206,1/19/2010,PREFILE RELEASED 1/8/10
133206,1/19/2010,READ THE FIRST TIME - REFERRALS
133206,1/19/2010,RES
133206,1/19/2010,REFERRED TO RESOURCES
133206,3/23/2010,COSPONSOR(S): KAWASAKI
133207,1/19/2010,PREFILE RELEASED 1/8/10
133207,1/19/2010,READ THE FIRST TIME - REFERRALS
133207,1/19/2010,STA JUD
133207,3/11/2010,STA RPT 1DP 4NR
133207,3/11/2010,DP: LYNN
133207,3/11/2010,NR: JOHNSON GATTO GRUENBERG PETERSEN
133207,3/11/2010,FN1: ZERO(CED)
133207,3/11/2010,FN2: ZERO(DOT)
133207,3/26/2010,JUD RPT CS(JUD) NT 2DP 3NR 1AM
133207,3/26/2010,DP: LYNN RAMRAS
133207,3/26/2010,NR: HERRON DAHLSTROM HOLMES
133207,3/26/2010,AM: GATTO
133207,3/26/2010,FN1: ZERO(CED)
133207,3/26/2010,FN2: ZERO(DOT)
133207,4/1/2010,RULES TO CALENDAR 4/1/2010
133207,4/1/2010,READ THE SECOND TIME
133207,4/1/2010,JUD CS ADOPTED UNAN CONSENT
133207,4/1/2010,ADVANCED TO THIRD READING UNAN CONSENT
133207,4/1/2010,READ THE THIRD TIME CSHB 251(JUD)
133207,4/1/2010,PASSED Y35 E2 A3
133207,4/1/2010,EFFECTIVE DATE(S) SAME AS PASSAGE
133207,4/1/2010,TRANSMITTED TO (S)
133207,4/1/2010,VERSION: CSHB 251(JUD)
133207,4/2/2010,READ THE FIRST TIME - REFERRALS
133207,4/2/2010,STA JUD
133207,4/8/2010,STA RPT 4DP 1NR
133207,4/8/2010,DP: MENARD MEYER PASKVAN KOOKESH
133207,4/8/2010,NR: FRENCH
133207,4/8/2010,FN1: ZERO(CED)
133207,4/8/2010,FN2: ZERO(DOT)
133207,4/14/2010,JUD RPT 5DP
133207,4/14/2010,DP: FRENCH MCGUIRE EGAN COGHILL WIELECHOWSKI
133207,4/14/2010,FN1: ZERO(CED)
133207,4/14/2010,FN2: ZERO(DOT)
133207,4/17/2010,RULES TO CALENDAR 4/17/2010
133207,4/17/2010,READ THE SECOND TIME
133207,4/17/2010,ADVANCED TO THIRD READING UNAN CONSENT
133207,4/17/2010,READ THE THIRD TIME CSHB 251(JUD)
133207,4/17/2010,PASSED Y19 N- A1
133207,4/17/2010,EFFECTIVE DATE(S) SAME AS PASSAGE
133207,4/17/2010,RETURN TO (H) TRANSMIT TO GOV NEXT
133207,4/17/2010,VERSION: CSHB 251(JUD)
133207,7/9/2010,2:19 PM 6/7/10 TRANSMITTED TO GOVERNOR
133207,7/9/2010,SIGNED INTO LAW 6/28 CHAPTER 113 SLA 10
133207,7/9/2010,EFFECTIVE DATE(S) OF LAW 6/29/10
133208,1/19/2010,PREFILE RELEASED 1/8/10
133208,1/19/2010,READ THE FIRST TIME - REFERRALS
133208,1/19/2010,FSH RES
133208,1/19/2010,REFERRED TO FISHERIES
133209,1/19/2010,PREFILE RELEASED 1/8/10
133209,1/19/2010,READ THE FIRST TIME - REFERRALS
133209,1/19/2010,L&C JUD
133209,3/4/2010,L&C RPT 5DP
133209,3/4/2010,DP: LYNN BUCH CHENAULT T.WILSON OLSON
133209,3/4/2010,FN1: ZERO(CED)
133209,3/15/2010,JUD RPT 6DP
133209,3/15/2010,DP: LYNN GRUENBERG HERRON DAHLSTROM GATTO RAMRAS
133209,3/15/2010,FN1: ZERO(CED)
133209,3/26/2010,RULES TO CALENDAR 3/26/2010
133209,3/26/2010,READ THE SECOND TIME
133209,3/26/2010,ADVANCED TO THIRD READING UNAN CONSENT
133209,3/26/2010,READ THE THIRD TIME HB 253
133209,3/26/2010,PASSED Y36 E4
133209,3/26/2010,TRANSMITTED TO (S)
133209,3/26/2010,VERSION: HB 253
133209,3/29/2010,READ THE FIRST TIME - REFERRALS
133209,3/29/2010,L&C JUD
133209,4/7/2010,L&C RPT 4DP
133209,4/7/2010,DP: PASKVAN MEYER THOMAS BUNDE
133209,4/7/2010,FN1: ZERO(CED)
133209,4/14/2010,JUD RPT 4DP
133209,4/14/2010,DP: FRENCH COGHILL MCGUIRE EGAN
133209,4/14/2010,FN1: ZERO(CED)
133209,4/16/2010,RULES TO CALENDAR 4/16/2010
133209,4/16/2010,READ THE SECOND TIME
133209,4/16/2010,ADVANCED TO THIRD READING UNAN CONSENT
133209,4/16/2010,READ THE THIRD TIME HB 253
133209,4/16/2010,PASSED Y19 N- E1
133209,4/16/2010,RETURN TO (H) TRANSMIT TO GOV NEXT
133209,4/16/2010,VERSION: HB 253
133209,7/9/2010,2:19 PM 6/7/10 TRANSMITTED TO GOVERNOR
133209,7/9/2010,SIGNED INTO LAW 6/9 CHAPTER 51 SLA 10
133209,7/9/2010,EFFECTIVE DATE(S) OF LAW 9/7/10
133210,1/19/2010,PREFILE RELEASED 1/8/10
133210,1/19/2010,READ THE FIRST TIME - REFERRALS
133210,1/19/2010,STA JUD
133210,1/19/2010,REFERRED TO STATE AFFAIRS
133210,1/27/2010,COSPONSOR(S): DOOGAN
133211,1/19/2010,PREFILE RELEASED 1/8/10
133211,1/19/2010,READ THE FIRST TIME - REFERRALS
133211,1/19/2010,STA FIN
133211,1/19/2010,REFERRED TO STATE AFFAIRS
133212,1/19/2010,PREFILE RELEASED 1/8/10
133212,1/19/2010,READ THE FIRST TIME - REFERRALS
133212,1/19/2010,TRA FIN
133212,1/19/2010,REFERRED TO TRANSPORTATION
133213,1/19/2010,PREFILE RELEASED 1/8/10
133213,1/19/2010,READ THE FIRST TIME - REFERRALS
133213,1/19/2010,TRA JUD
133213,1/25/2010,FIN REFERRAL ADDED AFTER JUD
133213,3/19/2010,TRA RPT CS(TRA) NT 2DP 1DNP 1NR 2AM
133213,3/19/2010,DP: MUNOZ GRUENBERG
133213,3/19/2010,DNP: T.WILSON
133213,3/19/2010,NR: JOHANSEN
133213,3/19/2010,AM: PETERSEN P.WILSON
133213,3/19/2010,FN1: ZERO(LAW)
133213,3/19/2010,REFERRED TO JUDICIARY
133214,1/19/2010,PREFILE RELEASED 1/8/10
133214,1/19/2010,READ THE FIRST TIME - REFERRALS
133214,1/19/2010,JUD FIN
133214,1/19/2010,REFERRED TO JUDICIARY
133215,1/19/2010,PREFILE RELEASED 1/8/10
133215,1/19/2010,READ THE FIRST TIME - REFERRALS
133215,1/19/2010,HSS JUD FIN
133215,1/19/2010,REFERRED TO HEALTH & SOCIAL SERVICES
133216,1/19/2010,PREFILE RELEASED 1/8/10
133216,1/19/2010,READ THE FIRST TIME - REFERRALS
133216,1/19/2010,HSS FIN
133216,3/8/2010,COSPONSOR(S): TUCK
133216,3/24/2010,HSS RPT CS(HSS) NT 4DP 1DNP 2NR
133216,3/24/2010,DP: SEATON CISSNA HERRON KELLER
133216,3/24/2010,DNP: T.WILSON
133216,3/24/2010,NR: HOLMES LYNN
133216,3/24/2010,FN1: ZERO(DHS)
133216,3/24/2010,FN2: (DHS)
133216,3/24/2010,REFERRED TO FINANCE
133217,1/19/2010,PREFILE RELEASED 1/8/10
133217,1/19/2010,READ THE FIRST TIME - REFERRALS
133217,1/19/2010,TRA FIN
133217,3/19/2010,TRA RPT CS(TRA) NT 1DP 4NR 1AM
133217,3/19/2010,DP: P.WILSON
133217,3/19/2010,NR: JOHANSEN MUNOZ T.WILSON PETERSEN
133217,3/19/2010,AM: GRUENBERG
133217,3/19/2010,FN1: (DOT)
133217,3/19/2010,REFERRED TO FINANCE
133218,1/19/2010,PREFILE RELEASED 1/8/10
133218,1/19/2010,READ THE FIRST TIME - REFERRALS
133218,1/19/2010,TRA
133218,3/19/2010,TRA RPT CS(TRA) NT 6DP
133218,3/19/2010,DP: JOHANSEN MUNOZ T.WILSON GRUENBERG PETERSEN P.WILSON
133218,3/19/2010,FN1: ZERO(DOT)
133218,3/19/2010,COSPONSOR(S): GRUENBERG
133218,3/23/2010,RULES TO CALENDAR 3/23/2010
133218,3/23/2010,READ THE SECOND TIME
133218,3/23/2010,TRA CS ADOPTED UNAN CONSENT
133218,3/23/2010,ADVANCED TO THIRD READING UNAN CONSENT
133218,3/23/2010,READ THE THIRD TIME CSHB 262(TRA)
133218,3/23/2010,PASSED Y37 E2 A1
133218,3/23/2010,COSPONSOR(S): TUCK P.WILSON GARA JOHANSEN GUTTENBERG
133218,3/23/2010,TRANSMITTED TO (S)
133218,3/23/2010,VERSION: CSHB 262(TRA)
133218,3/24/2010,READ THE FIRST TIME - REFERRALS
133218,3/24/2010,TRA
133218,4/2/2010,TRA RPT 5DP
133218,4/2/2010,DP: KOOKESH MENARD DAVIS MEYER PASKVAN
133218,4/2/2010,FN1: ZERO(DOT)
133218,4/7/2010,RULES TO CALENDAR 4/7/2010
133218,4/7/2010,READ THE SECOND TIME
133218,4/7/2010,ADVANCED TO THIRD READING UNAN CONSENT
133218,4/7/2010,READ THE THIRD TIME CSHB 262(TRA)
133218,4/7/2010,PASSED Y20 N-
133218,4/7/2010,RETURN TO (H) TRANSMIT TO GOV NEXT
133218,4/7/2010,VERSION: CSHB 262(TRA)
133218,7/9/2010,3:54 PM 4/28/10 TRANSMITTED TO GOVERNOR
133218,7/9/2010,SIGNED INTO LAW 5/1 CHAPTER 9 SLA 10
133218,7/9/2010,EFFECTIVE DATE(S) OF LAW 7/30/10
133219,1/19/2010,PREFILE RELEASED 1/8/10
133219,1/19/2010,READ THE FIRST TIME - REFERRALS
133219,1/19/2010,STA JUD
133219,1/19/2010,REFERRED TO STATE AFFAIRS
133219,1/25/2010,COSPONSOR(S): P.WILSON
133219,1/27/2010,1ST COSPONSOR(S): LYNN
133220,1/19/2010,PREFILE RELEASED 1/8/10
133220,1/19/2010,READ THE FIRST TIME - REFERRALS
133220,1/19/2010,CRA RES FIN
133220,2/26/2010,CRA RPT 4DP 1DNP 1NR
133220,2/26/2010,DP: HARRIS MILLETT KELLER MUNOZ
133220,2/26/2010,DNP: GARDNER
133220,2/26/2010,NR: HERRON
133220,2/26/2010,FN1: INDETERMINATE(DNR)
133220,2/26/2010,FN2: INDETERMINATE(REV)
133220,2/26/2010,REFERRED TO RESOURCES
133221,1/19/2010,PREFILE RELEASED 1/8/10
133221,1/19/2010,READ THE FIRST TIME - REFERRALS
133221,1/19/2010,HSS FIN
133221,1/19/2010,REFERRED TO HEALTH & SOCIAL SERVICES
133222,1/19/2010,PREFILE RELEASED 1/8/10
133222,1/19/2010,READ THE FIRST TIME - REFERRALS
133222,1/19/2010,FSH RES
133222,1/19/2010,REFERRED TO FISHERIES
133222,1/27/2010,COSPONSOR(S): GATTO
133222,2/19/2010,COSPONSOR(S): JOHNSON
133223,1/19/2010,PREFILE RELEASED 1/8/10
133223,1/19/2010,READ THE FIRST TIME - REFERRALS
133223,1/19/2010,TRA RES
133223,1/27/2010,COSPONSOR(S): T.WILSON
133223,3/26/2010,TRA RPT CS(TRA) NT 2DP 2DNP 1AM
133223,3/26/2010,DP: T.WILSON JOHNSON
133223,3/26/2010,DNP: MUNOZ P.WILSON
133223,3/26/2010,AM: PETERSEN
133223,3/26/2010,FN1: ZERO(DNR)
133223,3/26/2010,REFERRED TO RESOURCES
133224,1/19/2010,PREFILE RELEASED 1/8/10
133224,1/19/2010,READ THE FIRST TIME - REFERRALS
133224,1/19/2010,FSH RES
133224,1/19/2010,REFERRED TO FISHERIES
133225,1/19/2010,PREFILE RELEASED 1/8/10
133225,1/19/2010,READ THE FIRST TIME - REFERRALS
133225,1/19/2010,L&C
133225,1/19/2010,REFERRED TO LABOR & COMMERCE
133226,1/19/2010,PREFILE RELEASED 1/8/10
133226,1/19/2010,READ THE FIRST TIME - REFERRALS
133226,1/19/2010,HSS FIN
133226,1/19/2010,REFERRED TO HEALTH & SOCIAL SERVICES
133227,1/19/2010,PREFILE RELEASED 1/8/10
133227,1/19/2010,READ THE FIRST TIME - REFERRALS
133227,1/19/2010,JUD FIN
133227,1/19/2010,REFERRED TO JUDICIARY
133227,2/8/2010,COSPONSOR(S): LYNN
133228,1/19/2010,NOT INTRODUCED
133229,1/19/2010,PREFILE RELEASED 1/8/10
133229,1/19/2010,READ THE FIRST TIME - REFERRALS
133229,1/19/2010,CRA FIN
133229,2/26/2010,CRA RPT CS(CRA) 5DP 1NR
133229,2/26/2010,DP: GARDNER KELLER HARRIS CISSNA MUNOZ
133229,2/26/2010,NR: HERRON
133229,2/26/2010,FN1: ZERO(DNR)
133229,3/19/2010,FIN RPT CS(FIN) NT 6DP 3NR
133229,3/19/2010,DP: THOMAS AUSTERMAN JOULE N.FOSTER FAIRCLOUGH STOLTZE
133229,3/19/2010,NR: GARA DOOGAN KELLY
133229,3/19/2010,FN1: ZERO(DNR)
133229,3/19/2010,COSPONSOR(S): THOMAS
133229,3/24/2010,RULES TO CALENDAR 3/24/2010
133229,3/24/2010,READ THE SECOND TIME
133229,3/24/2010,FIN CS ADOPTED UNAN CONSENT
133229,3/24/2010,ADVANCED TO THIRD READING UNAN CONSENT
133229,3/24/2010,READ THE THIRD TIME CSHB 273(FIN)
133229,3/24/2010,PASSED Y38 E2
133229,3/24/2010,EFFECTIVE DATE(S) SAME AS PASSAGE
133229,3/24/2010,TRANSMITTED TO (S)
133229,3/24/2010,VERSION: CSHB 273(FIN)
133229,3/25/2010,READ THE FIRST TIME - REFERRALS
133229,3/25/2010,CRA
133229,4/7/2010,CRA RPT 3DP 1NR
133229,4/7/2010,DP: THOMAS KOOKESH MENARD
133229,4/7/2010,NR: OLSON
133229,4/7/2010,FN1: ZERO(DNR)
133229,4/13/2010,RULES TO CALENDAR 4/13/2010
133229,4/13/2010,READ THE SECOND TIME
133229,4/13/2010,ADVANCED TO THIRD READING UNAN CONSENT
133229,4/13/2010,READ THE THIRD TIME CSHB 273(FIN)
133229,4/13/2010,PASSED Y18 N- A2
133229,4/13/2010,EFFECTIVE DATE(S) SAME AS PASSAGE
133229,4/13/2010,RETURN TO (H) TRANSMIT TO GOV NEXT
133229,4/13/2010,VERSION: CSHB 273(FIN)
133229,7/9/2010,2:35 PM 6/14/10 TRANSMITTED TO GOVERNOR
133229,7/9/2010,SIGNED INTO LAW 6/25 CHAPTER 104 SLA 10
133229,7/9/2010,EFFECTIVE DATE(S) OF LAW 6/26/10
133230,1/19/2010,PREFILE RELEASED 1/8/10
133230,1/19/2010,READ THE FIRST TIME - REFERRALS
133230,1/19/2010,MLV STA
133230,1/21/2010,COSPONSOR(S): CHENAULT
133230,2/3/2010,MLV RPT 6DP
133230,2/3/2010,DP: KAWASAKI LYNN T.WILSON BUCH RAMRAS GATTO
133230,2/3/2010,FN1: ZERO(H.MLV)
133230,2/3/2010,COSPONSOR(S): T.WILSON SEATON CISSNA KAWASAKI EDGMON KERTTULA GARA
133230,2/3/2010,HARRIS N.FOSTER HOLMES
133230,2/5/2010,STA REFERRAL WAIVED
133230,2/5/2010,COSPONSOR(S): OLSON SALMON KELLY CRAWFORD JOHANSEN
133230,2/8/2010,RULES TO CALENDAR 2/8/2010
133230,2/8/2010,READ THE SECOND TIME
133230,2/8/2010,ADVANCED TO THIRD READING UNAN CONSENT
133230,2/8/2010,READ THE THIRD TIME HB 274
133230,2/8/2010,PASSED Y36 E4
133230,2/8/2010,COSPONSOR(S): GRUENBERG STOLTZE
133230,2/8/2010,TRANSMITTED TO (S)
133230,2/8/2010,VERSION: HB 274
133230,2/10/2010,READ THE FIRST TIME - REFERRALS
133230,2/10/2010,STA
133230,2/10/2010,CROSS SPONSOR(S): WIELECHOWSKI DYSON DAVIS FRENCH KOOKESH ELLIS
133230,2/10/2010,MENARD EGAN MEYER MCGUIRE HOFFMAN STEDMAN HUGGINS
133230,2/10/2010,COGHILL THOMAS STEVENS PASKVAN
133230,2/24/2010,STA RPT 4DP
133230,2/24/2010,DP: MENARD FRENCH MEYER PASKVAN
133230,2/24/2010,FN1: ZERO(H.MLV)
133230,2/24/2010,CROSS SPONSOR(S): OLSON BUNDE WAGONER
133230,3/1/2010,RULES TO CALENDAR 3/1/2010
133230,3/1/2010,READ THE SECOND TIME
133230,3/1/2010,ADVANCED TO THIRD READING UNAN CONSENT
133230,3/1/2010,READ THE THIRD TIME HB 274
133230,3/1/2010,PASSED Y16 N- E4
133230,3/1/2010,RETURN TO (H) TRANSMIT TO GOV NEXT
133230,3/1/2010,VERSION: HB 274
133230,3/1/2010,COSPONSOR(S): NEUMAN JOULE
133230,3/10/2010,2:25 PM 3/9/10 TRANSMITTED TO GOVERNOR
133230,3/23/2010,SIGNED INTO LAW 3/22 CHAPTER 2 SLA 10
133230,3/23/2010,EFFECTIVE DATE(S) OF LAW 6/20/10
133231,1/19/2010,PREFILE RELEASED 1/15/10
133231,1/19/2010,READ THE FIRST TIME - REFERRALS
133231,1/19/2010,L&C JUD
133231,1/19/2010,REFERRED TO LABOR & COMMERCE
133231,2/1/2010,COSPONSOR(S): DOOGAN
133232,1/19/2010,PREFILE RELEASED 1/15/10
133232,1/19/2010,READ THE FIRST TIME - REFERRALS
133232,1/19/2010,CRA
133232,2/3/2010,CRA RPT CS(CRA) 2DP 2NR
133232,2/3/2010,DP: KELLER MUNOZ
133232,2/3/2010,NR: GARDNER HERRON
133232,2/3/2010,FN1: ZERO(DOT)
133232,2/10/2010,RULES TO CALENDAR 2/10/2010
133232,2/10/2010,READ THE SECOND TIME
133232,2/10/2010,CRA CS ADOPTED UNAN CONSENT
133232,2/10/2010,ADVANCED TO THIRD READING UNAN CONSENT
133232,2/10/2010,READ THE THIRD TIME CSHB 276(CRA)
133232,2/10/2010,PASSED Y38 E2
133232,2/10/2010,EFFECTIVE DATE(S) SAME AS PASSAGE
133232,2/10/2010,COSPONSOR(S): CISSNA
133232,2/10/2010,TRANSMITTED TO (S)
133232,2/10/2010,VERSION: CSHB 276(CRA)
133232,2/12/2010,READ THE FIRST TIME - REFERRALS
133232,2/12/2010,CRA
133232,2/24/2010,CRA RPT 2DP 2NR
133232,2/24/2010,DP: MENARD THOMAS
133232,2/24/2010,NR: OLSON FRENCH
133232,2/24/2010,FN1: ZERO(DOT)
133232,3/10/2010,RULES TO CALENDAR 3/10/2010
133232,3/10/2010,READ THE SECOND TIME
133232,3/10/2010,ADVANCED TO THIRD READING UNAN CONSENT
133232,3/10/2010,READ THE THIRD TIME CSHB 276(CRA)
133232,3/10/2010,PASSED Y20 N-
133232,3/10/2010,EFFECTIVE DATE(S) SAME AS PASSAGE
133232,3/10/2010,RETURN TO (H) TRANSMIT TO GOV NEXT
133232,3/10/2010,VERSION: CSHB 276(CRA)
133232,3/15/2010,3:51 PM 3/12/10 TRANSMITTED TO GOVERNOR
133232,3/31/2010,SIGNED INTO LAW 3/30 CHAPTER 3 SLA 10
133232,3/31/2010,EFFECTIVE DATE(S) OF LAW 3/31/10
133233,1/19/2010,PREFILE RELEASED 1/15/10
133233,1/19/2010,READ THE FIRST TIME - REFERRALS
133233,1/19/2010,HSS
133233,3/31/2010,HSS RPT CS(HSS) NT 4DP 3NR
133233,3/31/2010,DP: HOLMES SEATON LYNN CISSNA
133233,3/31/2010,NR: T.WILSON KELLER HERRON
133233,3/31/2010,FN1: ZERO(DHS)
133233,3/31/2010,FN2: ZERO(DHS)
133233,4/5/2010,RULES TO CALENDAR 4/5/2010
133233,4/5/2010,READ THE SECOND TIME
133233,4/5/2010,HSS CS ADOPTED UNAN CONSENT
133233,4/5/2010,ADVANCED TO THIRD READING UNAN CONSENT
133233,4/5/2010,READ THE THIRD TIME CSHB 277(HSS)
133233,4/5/2010,PASSED Y37 E3
133233,4/5/2010,TRANSMITTED TO (S)
133233,4/5/2010,VERSION: CSHB 277(HSS)
133233,4/6/2010,READ THE FIRST TIME - REFERRALS
133233,4/6/2010,HSS
133233,4/13/2010,HSS RPT 3DP
133233,4/13/2010,DP: DAVIS PASKVAN DYSON
133233,4/13/2010,FN1: ZERO(DHS)
133233,4/13/2010,FN2: ZERO(DHS)
133233,4/14/2010,RULES TO CALENDAR 4/14/2010
133233,4/14/2010,READ THE SECOND TIME
133233,4/14/2010,ADVANCED TO THIRD READING UNAN CONSENT
133233,4/14/2010,READ THE THIRD TIME CSHB 277(HSS)
133233,4/14/2010,PASSED Y19 N- A1
133233,4/14/2010,RETURN TO (H) TRANSMIT TO GOV NEXT
133233,4/14/2010,VERSION: CSHB 277(HSS)
133233,7/9/2010,MANIFEST ERROR(S)
133233,7/9/2010,2:19 PM 6/7/10 TRANSMITTED TO GOVERNOR
133233,7/9/2010,SIGNED INTO LAW 6/9 CHAPTER 52 SLA 10
133233,7/9/2010,EFFECTIVE DATE(S) OF LAW 9/7/10
133234,1/19/2010,PREFILE RELEASED 1/15/10
133234,1/19/2010,READ THE FIRST TIME - REFERRALS
133234,1/19/2010,ENE FIN
133234,1/19/2010,REFERRED TO ENERGY
133234,1/25/2010,COSPONSOR(S): GARA
133235,1/19/2010,PREFILE RELEASED 1/15/10
133235,1/19/2010,READ THE FIRST TIME - REFERRALS
133235,1/19/2010,L&C JUD
133235,1/19/2010,REFERRED TO LABOR & COMMERCE
133236,1/19/2010,PREFILE RELEASED 1/15/10
133236,1/19/2010,READ THE FIRST TIME - REFERRALS
133236,1/19/2010,L&C RES FIN
133236,2/10/2010,COSPONSOR(S): LYNN
133236,2/17/2010,L&C RPT CS(L&C) NT 4DP 2NR 1AM
133236,2/17/2010,DP: LYNN NEUMAN CHENAULT OLSON
133236,2/17/2010,NR: HOLMES T.WILSON
133236,2/17/2010,AM: BUCH
133236,2/17/2010,FN1: ZERO(ADM)
133236,2/17/2010,FN2: ZERO(CED)
133236,3/17/2010,RES RPT CS(RES) NT 5DP
133236,3/17/2010,DP: EDGMON OLSON P.WILSON SEATON JOHNSON
133236,3/17/2010,FN1: ZERO(ADM)
133236,3/17/2010,FN2: ZERO(CED)
133236,3/17/2010,FN3: INDETERMINATE(DNR)
133236,3/17/2010,FN4: (REV)
133236,3/22/2010,FIN RPT CS(FIN) NT 9DP 1AM
133236,3/22/2010,DP: AUSTERMAN FAIRCLOUGH KELLY N.FOSTER DOOGAN THOMAS JOULE STOLTZE
133236,3/22/2010,HAWKER
133236,3/22/2010,AM: GARA
133236,3/22/2010,FN1: ZERO(ADM)
133236,3/22/2010,FN2: ZERO(CED)
133236,3/22/2010,FN3: INDETERMINATE(DNR)
133236,3/22/2010,FN(S) FORTHCOMING
133236,3/23/2010,RULES TO CALENDAR 3/23/2010
133236,3/23/2010,READ THE SECOND TIME
133236,3/23/2010,FIN CS ADOPTED UNAN CONSENT
133236,3/23/2010,ADVANCED TO THIRD READING 3/24 CALENDAR
133236,3/23/2010,COSPONSOR(S): NEUMAN
133236,3/24/2010,READ THE THIRD TIME CSHB 280(FIN)
133236,3/24/2010,FN5: ZERO(H.FIN/REV)
133236,3/24/2010,RETURN TO SECOND FOR AM 1 UNAN CONSENT
133236,3/24/2010,AM NO 1 FAILED Y14 N23 E2 A1
133236,3/24/2010,RETURN TO SECOND FOR AM 2 UNAN CONSENT
133236,3/24/2010,AM NO 2 ADOPTED UNAN CONSENT
133236,3/24/2010,AUTOMATICALLY IN THIRD READING
133236,3/24/2010,PASSED Y38 E2
133236,3/24/2010,EFFECTIVE DATE(S) SAME AS PASSAGE
133236,3/24/2010,COSPONSOR(S): TUCK STOLTZE
133236,3/24/2010,TRANSMITTED TO (S)
133236,3/24/2010,VERSION: CSHB 280(FIN) AM
133236,3/25/2010,READ THE FIRST TIME - REFERRALS
133236,3/25/2010,RES FIN
133236,4/8/2010,CROSS SPONSOR(S): MCGUIRE DYSON WAGONER
133236,4/10/2010,RES RPT SCS 3DP 2NR SAME TITLE
133236,4/10/2010,DP: MCGUIRE WIELECHOWSKI WAGONER
133236,4/10/2010,NR: STEVENS FRENCH
133236,4/10/2010,FN1: ZERO(ADM)
133236,4/10/2010,FN2: ZERO(CED)
133236,4/10/2010,FN3: INDETERMINATE(DNR)
133236,4/10/2010,FN5: ZERO(H.FIN/REV)
133236,4/18/2010,RULES TO CALENDAR 4/18/2010
133236,4/18/2010,MOVED TO BOTTOM OF CALENDAR
133236,4/18/2010,FIN RPT SCS 5DP 2NR SAME TITLE
133236,4/18/2010,DP: HOFFMAN HUGGINS THOMAS EGAN ELLIS
133236,4/18/2010,NR: STEDMAN OLSON
133236,4/18/2010,FN1: ZERO(ADM)
133236,4/18/2010,FN2: ZERO(CED)
133236,4/18/2010,FN5: ZERO(H.FIN/REV)
133236,4/18/2010,FN6: INDETERMINATE(DNR)
133236,4/18/2010,READ THE SECOND TIME
133236,4/18/2010,FIN SCS ADOPTED UNAN CONSENT
133236,4/18/2010,ADVANCED TO THIRD READING UNAN CONSENT
133236,4/18/2010,READ THE THIRD TIME SCS CSHB 280(FIN)
133236,4/18/2010,CROSS SPONSOR(S): MENARD WIELECHOWSKI MEYER ELLIS FRENCH
133236,4/18/2010,PASSED Y20 N-
133236,4/18/2010,EFFECTIVE DATE(S) SAME AS PASSAGE
133236,4/18/2010,TRANSMITTED TO (H) AS AMENDED
133236,4/18/2010,VERSION: SCS CSHB 280(FIN)
133236,4/18/2010,HELD UNDER UNFINISHED BUSINESS
133236,4/18/2010,TAKE UP CONCUR
133236,4/18/2010,CONCUR AM OF (S) Y40
133236,4/18/2010,EFFECTIVE DATE(S) SAME AS PASSAGE
133236,7/9/2010,MANIFEST ERROR(S)
133236,7/9/2010,3:54 PM 4/28/10 TRANSMITTED TO GOVERNOR
133236,7/9/2010,SIGNED INTO LAW 5/12 CHAPTER 16 SLA 10
133236,7/9/2010,EFFECTIVE DATE(S) OF LAW 5/13/10
133237,1/19/2010,PREFILE RELEASED 1/15/10
133237,1/19/2010,READ THE FIRST TIME - REFERRALS
133237,1/19/2010,CRA RES
133237,1/19/2010,REFERRED TO COMMUNITY & REGIONAL AFFAIRS
133238,1/19/2010,PREFILE RELEASED 1/15/10
133238,1/19/2010,READ THE FIRST TIME - REFERRALS
133238,1/19/2010,L&C HSS JUD FIN
133238,1/25/2010,JUD REFERRAL REMOVED
133238,2/17/2010,COSPONSOR(S): AUSTERMAN
133238,3/22/2010,L&C RPT CS(L&C) 1DP 1DNP 3NR
133238,3/22/2010,DP: BUCH
133238,3/22/2010,DNP: LYNN
133238,3/22/2010,NR: T.WILSON HOLMES OLSON
133238,3/22/2010,FN1: (CED)
133238,3/22/2010,FN2: (DHS)
133238,4/9/2010,HSS RPT CS(HSS) 2DP 3NR
133238,4/9/2010,DP: SEATON KELLER
133238,4/9/2010,NR: HOLMES CISSNA HERRON
133238,4/9/2010,FN2: (DHS)
133238,4/9/2010,FN3: (CED)
133238,4/9/2010,REFERRED TO FINANCE
133239,1/19/2010,PREFILE RELEASED 1/15/10
133239,1/19/2010,READ THE FIRST TIME - REFERRALS
133239,1/19/2010,L&C JUD
133239,1/29/2010,L&C RPT 5DP 1DNP
133239,1/29/2010,DP: LYNN BUCH HOLMES T.WILSON OLSON
133239,1/29/2010,DNP: NEUMAN
133239,1/29/2010,FN1: ZERO(LAW)
133239,1/29/2010,FN2: (ADM)
133239,1/29/2010,FN3: (DHS)
133239,1/29/2010,FIN REFERRAL ADDED AFTER JUD
133239,1/29/2010,COSPONSOR(S): LYNN
133239,3/4/2010,JUD RPT CS(JUD) 4DP 1NR
133239,3/4/2010,DP: LYNN GRUENBERG DAHLSTROM RAMRAS
133239,3/4/2010,NR: HERRON
133239,3/4/2010,FN1: ZERO(LAW)
133239,3/4/2010,FN2: (ADM)
133239,3/4/2010,FN3: (DHS)
133239,4/12/2010,FIN RPT CS(FIN) 7DP 4NR
133239,4/12/2010,DP: THOMAS DOOGAN JOULE N.FOSTER GARA SALMON AUSTERMAN
133239,4/12/2010,NR: KELLY FAIRCLOUGH STOLTZE HAWKER
133239,4/12/2010,FN3: (DHS)
133239,4/12/2010,FN4: ZERO(LAW)
133239,4/12/2010,FN5: (ADM)
133239,4/12/2010,REFERRED TO RULES
133240,1/19/2010,PREFILE RELEASED 1/15/10
133240,1/19/2010,READ THE FIRST TIME - REFERRALS
133240,1/19/2010,HSS STA
133240,1/21/2010,SPONSOR SUBSTITUTE INTRODUCED
133240,1/21/2010,READ THE FIRST TIME - REFERRALS
133240,1/21/2010,HSS STA
133240,3/10/2010,COSPONSOR(S): LYNN
133240,3/17/2010,HSS RPT 4DP 2NR
133240,3/17/2010,DP: HOLMES LYNN CISSNA HERRON
133240,3/17/2010,NR: SEATON KELLER
133240,3/17/2010,FN1: ZERO(DHS)
133240,3/17/2010,REFERRED TO STATE AFFAIRS
133240,3/17/2010,COSPONSOR(S): PETERSEN
133240,4/14/2010,COSPONSOR(S): TUCK
133241,1/19/2010,PREFILE RELEASED 1/15/10
133241,1/19/2010,READ THE FIRST TIME - REFERRALS
133241,1/19/2010,EDC FIN
133241,1/19/2010,REFERRED TO EDUCATION
133242,1/19/2010,PREFILE RELEASED 1/15/10
133242,1/19/2010,READ THE FIRST TIME - REFERRALS
133242,1/19/2010,HSS FIN
133242,1/19/2010,REFERRED TO HEALTH & SOCIAL SERVICES
133243,1/19/2010,PREFILE RELEASED 1/15/10
133243,1/19/2010,READ THE FIRST TIME - REFERRALS
133243,1/19/2010,L&C JUD
133243,3/4/2010,L&C RPT 1DP 4NR
133243,3/4/2010,DP: LYNN
133243,3/4/2010,NR: BUCH CHENAULT T.WILSON OLSON
133243,3/4/2010,FN1: ZERO(LAW)
133243,3/19/2010,JUD RPT CS(JUD) 7DP
133243,3/19/2010,DP: LYNN GRUENBERG HERRON DAHLSTROM HOLMES GATTO RAMRAS
133243,3/19/2010,FN1: ZERO(LAW)
133243,3/23/2010,RULES TO CALENDAR 3/23/2010
133243,3/23/2010,READ THE SECOND TIME
133243,3/23/2010,JUD CS ADOPTED UNAN CONSENT
133243,3/23/2010,ADVANCED TO THIRD READING UNAN CONSENT
133243,3/23/2010,READ THE THIRD TIME CSHB 287(JUD)
133243,3/23/2010,PASSED Y37 E3
133243,3/23/2010,TRANSMITTED TO (S)
133243,3/23/2010,VERSION: CSHB 287(JUD)
133243,3/24/2010,READ THE FIRST TIME - REFERRALS
133243,3/24/2010,L&C JUD
133243,4/7/2010,L&C RPT 4DP
133243,4/7/2010,DP: PASKVAN BUNDE THOMAS MEYER
133243,4/7/2010,FN1: ZERO(LAW)
133243,4/13/2010,JUD RPT 4NR
133243,4/13/2010,NR: WIELECHOWSKI COGHILL EGAN MCGUIRE
133243,4/13/2010,FN1: ZERO(LAW)
133243,4/17/2010,RULES TO CALENDAR 4/17/2010
133243,4/17/2010,READ THE SECOND TIME
133243,4/17/2010,ADVANCED TO THIRD READING UNAN CONSENT
133243,4/17/2010,READ THE THIRD TIME CSHB 287(JUD)
133243,4/17/2010,PASSED Y20 N-
133243,4/17/2010,RETURN TO (H) TRANSMIT TO GOV NEXT
133243,4/17/2010,VERSION: CSHB 287(JUD)
133243,7/9/2010,2:19 PM 6/7/10 TRANSMITTED TO GOVERNOR
133243,7/9/2010,SIGNED INTO LAW 6/9 CHAPTER 63 SLA 10
133243,7/9/2010,EFFECTIVE DATE(S) OF LAW 9/7/10
133244,1/19/2010,PREFILE RELEASED 1/15/10
133244,1/19/2010,READ THE FIRST TIME - REFERRALS
133244,1/19/2010,STA FIN
133244,2/5/2010,SPONSOR SUBSTITUTE INTRODUCED
133244,2/5/2010,READ THE FIRST TIME - REFERRALS
133244,2/5/2010,STA FIN
133244,2/23/2010,2D SPONSOR SUBSTITUTE INTRODUCED
133244,2/23/2010,READ THE FIRST TIME - REFERRALS
133244,2/23/2010,STA FIN
133244,2/23/2010,REFERRED TO STATE AFFAIRS
133245,1/19/2010,PREFILE RELEASED 1/15/10
133245,1/19/2010,READ THE FIRST TIME - REFERRALS
133245,1/19/2010,STA JUD FIN
133245,2/24/2010,COSPONSOR(S): LYNN
133245,2/26/2010,STA RPT CS(STA) 4DP 1NR
133245,2/26/2010,DP: SEATON GRUENBERG PETERSEN LYNN
133245,2/26/2010,NR: JOHNSON
133245,2/26/2010,FN1: INDETERMINATE(GOV)
133245,4/11/2010,JUD REFERRAL WAIVED
133245,4/11/2010,REFERRED TO FINANCE
133246,1/19/2010,READ THE FIRST TIME - REFERRALS
133246,1/19/2010,TRA FIN
133246,1/19/2010,FN1: (REV)
133246,1/19/2010,GOVERNOR'S TRANSMITTAL LETTER
133246,1/19/2010,REFERRED TO TRANSPORTATION
133247,1/19/2010,READ THE FIRST TIME - REFERRALS
133247,1/19/2010,MLV STA FIN
133247,1/19/2010,FN1: (GOV)
133247,1/19/2010,GOVERNOR'S TRANSMITTAL LETTER
133247,2/5/2010,MLV RPT 4DP 1NR
133247,2/5/2010,DP: LYNN T.WILSON BUCH GATTO
133247,2/5/2010,NR: KAWASAKI
133247,2/5/2010,FN1: (GOV)
133247,2/23/2010,STA RPT 4DP 1AM
133247,2/23/2010,DP: SEATON GRUENBERG PETERSEN LYNN
133247,2/23/2010,AM: P.WILSON
133247,2/23/2010,FN1: (GOV)
133247,2/23/2010,FN2: (REV)
133247,3/24/2010,FIN RPT 11DP
133247,3/24/2010,DP: THOMAS GARA DOOGAN JOULE KELLY AUSTERMAN SALMON N.FOSTER
133247,3/24/2010,FAIRCLOUGH STOLTZE HAWKER
133247,3/24/2010,FN1: (GOV)
133247,3/24/2010,FN2: (REV)
133247,3/24/2010,REFERRED TO RULES
133248,1/19/2010,READ THE FIRST TIME - REFERRALS
133248,1/19/2010,MLV STA FIN
133248,1/19/2010,FN1: (MVA)
133248,1/19/2010,GOVERNOR'S TRANSMITTAL LETTER
133248,2/5/2010,MLV RPT 5DP 1AM
133248,2/5/2010,DP: LYNN T.WILSON HARRIS BUCH GATTO
133248,2/5/2010,AM: KAWASAKI
133248,2/5/2010,FN1: (MVA)
133248,2/19/2010,STA RPT 5DP 1NR
133248,2/19/2010,DP: GRUENBERG P.WILSON PETERSEN SEATON LYNN
133248,2/19/2010,NR: GATTO
133248,2/19/2010,FN1: (MVA)
133248,3/24/2010,FIN RPT 10DP 1NR
133248,3/24/2010,DP: FAIRCLOUGH THOMAS AUSTERMAN GARA JOULE KELLY SALMON N.FOSTER
133248,3/24/2010,STOLTZE HAWKER
133248,3/24/2010,NR: DOOGAN
133248,3/24/2010,FN2: ZERO(MVA)
133248,3/30/2010,RULES TO CALENDAR 3/30/2010
133248,3/30/2010,READ THE SECOND TIME
133248,3/30/2010,ADVANCED TO THIRD READING UNAN CONSENT
133248,3/30/2010,READ THE THIRD TIME HB 292
133248,3/30/2010,PASSED Y39 A1
133248,3/30/2010,EFFECTIVE DATE(S) SAME AS PASSAGE
133248,3/30/2010,TRANSMITTED TO (S)
133248,3/30/2010,VERSION: HB 292
133248,3/31/2010,READ THE FIRST TIME - REFERRALS
133248,3/31/2010,FIN
133248,4/11/2010,FIN RPT 6DP 1NR
133248,4/11/2010,DP: HOFFMAN STEDMAN HUGGINS THOMAS EGAN ELLIS
133248,4/11/2010,NR: OLSON
133248,4/11/2010,FN2: ZERO(MVA)
133248,4/13/2010,RULES TO CALENDAR 4/13/2010
133248,4/13/2010,READ THE SECOND TIME
133248,4/13/2010,ADVANCED TO THIRD READING UNAN CONSENT
133248,4/13/2010,READ THE THIRD TIME HB 292
133248,4/13/2010,PASSED Y20 N-
133248,4/13/2010,EFFECTIVE DATE(S) SAME AS PASSAGE
133248,4/13/2010,RETURN TO (H) TRANSMIT TO GOV NEXT
133248,4/13/2010,VERSION: HB 292
133248,7/9/2010,3:44 PM 5/25/10 TRANSMITTED TO GOVERNOR
133248,7/9/2010,SIGNED INTO LAW 6/2 CHAPTER 39 SLA 10
133248,7/9/2010,EFFECTIVE DATE(S) OF LAW 6/3/10
133249,1/19/2010,READ THE FIRST TIME - REFERRALS
133249,1/19/2010,L&C
133249,1/19/2010,REFERRED TO LABOR & COMMERCE
133250,1/19/2010,READ THE FIRST TIME - REFERRALS
133250,1/19/2010,L&C FIN
133250,2/3/2010,L&C RPT 7DP
133250,2/3/2010,DP: LYNN BUCH NEUMAN CHENAULT HOLMES T.WILSON OLSON
133250,2/3/2010,FN1: (DNR)
133250,2/3/2010,COSPONSOR(S): BUCH OLSON CHENAULT HOLMES T.WILSON
133250,3/25/2010,COSPONSOR(S): AUSTERMAN
133250,4/12/2010,FIN RPT CS(FIN) NT 8DP 1NR
133250,4/12/2010,DP: THOMAS GARA DOOGAN AUSTERMAN N.FOSTER SALMON FAIRCLOUGH STOLTZE
133250,4/12/2010,NR: KELLY
133250,4/12/2010,FN1: (DNR)
133250,4/12/2010,COSPONSOR(S): THOMAS
133250,4/13/2010,RULES TO CALENDAR 4/13/2010
133250,4/13/2010,READ THE SECOND TIME
133250,4/13/2010,FIN CS ADOPTED UNAN CONSENT
133250,4/13/2010,ADVANCED TO THIRD READING UNAN CONSENT
133250,4/13/2010,READ THE THIRD TIME CSHB 294(FIN)
133250,4/13/2010,PASSED Y40
133250,4/13/2010,EFFECTIVE DATE(S) SAME AS PASSAGE
133250,4/13/2010,T.WILSON NOTICE OF RECONSIDERATION
133250,4/13/2010,RECON TAKEN UP SAME DAY UC
133250,4/13/2010,PASSED ON RECONSIDERATION Y37 A3
133250,4/13/2010,EFFECTIVE DATE(S) SAME AS PASSAGE
133250,4/13/2010,COSPONSOR(S): CRAWFORD P.WILSON TUCK JOHNSON GARDNER
133250,4/13/2010,TRANSMITTED TO (S)
133250,4/13/2010,VERSION: CSHB 294(FIN)
133250,4/14/2010,READ THE FIRST TIME - REFERRALS
133250,4/14/2010,FIN
133250,4/16/2010,FIN RPT SCS 7DP NEW TITLE
133250,4/16/2010,TITLE CHANGE: SCR 23
133250,4/16/2010,DP: HOFFMAN STEDMAN HUGGINS THOMAS EGAN OLSON ELLIS
133250,4/16/2010,FN1: (DNR)
133250,4/17/2010,RULES TO CALENDAR 4/17/2010
133250,4/17/2010,READ THE SECOND TIME
133250,4/17/2010,FIN SCS ADOPTED UNAN CONSENT
133250,4/17/2010,ADVANCED TO THIRD READING UNAN CONSENT
133250,4/17/2010,READ THE THIRD TIME SCS CSHB 294(FIN)
133250,4/17/2010,PASSED Y20 N-
133250,4/17/2010,EFFECTIVE DATE(S) SAME AS PASSAGE
133250,4/17/2010,TRANSMITTED TO (H) AS AMENDED
133250,4/17/2010,VERSION: SCS CSHB 294(FIN)
133250,4/17/2010,HELD UNDER UNFINISHED BUSINESS
133250,4/18/2010,REQUESTED RETURN OF BILL FROM HOUSE
133250,4/18/2010,RETURNED TO SENATE PER REQUEST UC
133250,4/18/2010,BILL RECEIVED IN SENATE
133250,4/18/2010,RESCIND PASSING SCS CSHB 294(FIN) Y20 N-
133250,4/18/2010,AUTOMATICALLY IN THIRD READING
133250,4/18/2010,RET 2ND/RESCIND ACTION ADOPTING FIN SCS UC
133250,4/18/2010,RESCIND ACTION ADOPTING FIN SCS UC
133250,4/18/2010,WITHDRAW MOTION TO ADOPT FIN SCS UC
133250,4/18/2010,AUTOMATICALLY IN 3RD READING CSHB 294(FIN)
133250,4/18/2010,PASSED Y20 N-
133250,4/18/2010,EFFECTIVE DATE(S) SAME AS PASSAGE
133250,4/18/2010,RETURN TO (H) TRANSMIT TO GOV NEXT
133250,4/18/2010,VERSION: CSHB 294(FIN)
133250,7/9/2010,2:06 PM 5/27/10 TRANSMITTED TO GOVERNOR
133250,7/9/2010,SIGNED INTO LAW 6/4 CHAPTER 47 SLA 10
133250,7/9/2010,EFFECTIVE DATE(S) OF LAW 6/5/10
133251,1/19/2010,READ THE FIRST TIME - REFERRALS
133251,1/19/2010,EDC RES FIN
133251,1/19/2010,FN1: ZERO(REV)
133251,1/19/2010,FN2: INDETERMINATE(DNR)
133251,1/19/2010,FN3: (UA)
133251,1/19/2010,GOVERNOR'S TRANSMITTAL LETTER
133251,1/27/2010,CRA REFERRAL ADDED AFTER EDC
133251,2/8/2010,EDC RPT CS(EDC) 1DP 3NR
133251,2/8/2010,DP: P.WILSON
133251,2/8/2010,NR: BUCH EDGMON MUNOZ
133251,2/8/2010,FN1: ZERO(REV)
133251,2/8/2010,FN2: INDETERMINATE(DNR)
133251,2/8/2010,FN3: (UA)
133251,3/10/2010,CRA RPT CS(CRA) 4NR
133251,3/10/2010,NR: HARRIS KELLER MUNOZ HERRON
133251,3/10/2010,FN1: ZERO(REV)
133251,3/10/2010,FN2: INDETERMINATE(DNR)
133251,3/10/2010,FN3: (UA)
133251,3/10/2010,REFERRED TO RESOURCES
133252,1/19/2010,READ THE FIRST TIME - REFERRALS
133252,1/19/2010,ENE FIN
133252,1/19/2010,FN1: ZERO(REV)
133252,1/19/2010,FN2: ZERO(DOT)
133252,1/19/2010,GOVERNOR'S TRANSMITTAL LETTER
133252,2/26/2010,ENE RPT CS(ENE) NT 3DP 2NR 1AM
133252,2/26/2010,DP: PETERSEN EDGMON MILLETT
133252,2/26/2010,NR: DAHLSTROM JOHANSEN
133252,2/26/2010,AM: TUCK
133252,2/26/2010,FN1: ZERO(REV)
133252,2/26/2010,FN2: ZERO(DOT)
133252,4/11/2010,FIN RPT CS(ENE) NT 8DP 2NR
133252,4/11/2010,DP: THOMAS GARA JOULE AUSTERMAN KELLY N.FOSTER SALMON FAIRCLOUGH
133252,4/11/2010,NR: DOOGAN HAWKER
133252,4/11/2010,FN1: ZERO(REV)
133252,4/11/2010,FN2: ZERO(DOT)
133252,4/11/2010,RULES TO CALENDAR 4/11/2010
133252,4/11/2010,READ THE SECOND TIME
133252,4/11/2010,ENE CS ADOPTED UNAN CONSENT
133252,4/11/2010,ADVANCED TO THIRD READING UNAN CONSENT
133252,4/11/2010,READ THE THIRD TIME CSHB 296(ENE)
133252,4/11/2010,PASSED Y40
133252,4/11/2010,EFFECTIVE DATE(S) SAME AS PASSAGE
133252,4/11/2010,TRANSMITTED TO (S)
133252,4/11/2010,VERSION: CSHB 296(ENE)
133252,4/12/2010,READ THE FIRST TIME - REFERRALS
133252,4/12/2010,FIN
133252,4/12/2010,REFERRED TO FINANCE
133253,1/19/2010,READ THE FIRST TIME - REFERRALS
133253,1/19/2010,EDC FIN
133253,1/19/2010,FN1: (EED)
133253,1/19/2010,FN2: (EED)
133253,1/19/2010,FN3: (LWF)
133253,1/19/2010,FN4: (REV)
133253,1/19/2010,GOVERNOR'S TRANSMITTAL LETTER
133253,3/15/2010,EDC RPT CS(EDC) 6DP
133253,3/15/2010,DP: KELLER MUNOZ P.WILSON GARDNER BUCH SEATON
133253,3/15/2010,FN3: (LWF)
133253,3/15/2010,FN4: (REV)
133253,3/15/2010,FN5: (EED)
133253,3/15/2010,FN6: (EED)
133253,3/15/2010,REFERRED TO FINANCE
133254,1/19/2010,READ THE FIRST TIME - REFERRALS
133254,1/19/2010,JUD FIN
133254,1/19/2010,FN1: ZERO(ADM)
133254,1/19/2010,FN2: ZERO(ADM)
133254,1/19/2010,FN3: ZERO(LAW)
133254,1/19/2010,FN4: (COR)
133254,1/19/2010,GOVERNOR'S TRANSMITTAL LETTER
133254,2/12/2010,JUD RPT CS(JUD) NT 4DP 1NR 2AM
133254,2/12/2010,DP: LYNN GATTO DAHLSTROM RAMRAS
133254,2/12/2010,NR: HERRON
133254,2/12/2010,AM: HOLMES GRUENBERG
133254,2/12/2010,FN1: ZERO(ADM)
133254,2/12/2010,FN2: ZERO(ADM)
133254,2/12/2010,FN3: ZERO(LAW)
133254,2/12/2010,FN4: (COR)
133254,2/12/2010,FN5: ZERO(CRT)
133254,2/12/2010,FN6: (DPS)
133254,2/12/2010,REFERRED TO FINANCE
133255,1/19/2010,READ THE FIRST TIME - REFERRALS
133255,1/19/2010,FIN
133255,1/19/2010,FN1: (REV)
133255,1/19/2010,GOVERNOR'S TRANSMITTAL LETTER
133255,1/19/2010,REFERRED TO FINANCE
133256,1/19/2010,READ THE FIRST TIME - REFERRALS
133256,1/19/2010,FIN
133256,1/19/2010,GOVERNOR'S TRANSMITTAL LETTER
133256,3/10/2010,FIN RPT CS(FIN) NT 10DP
133256,3/10/2010,DP: KELLY THOMAS GARA DOOGAN JOULE N.FOSTER FAIRCLOUGH SALMON STOLTZE
133256,3/10/2010,HAWKER
133256,3/11/2010,RULES TO CALENDAR 3/11/2010
133256,3/11/2010,READ THE SECOND TIME
133256,3/11/2010,FIN CS ADOPTED UNAN CONSENT
133256,3/11/2010,AM NO 1 FAILED Y14 N26
133256,3/11/2010,AM NO 2 FAILED Y13 N27
133256,3/11/2010,ADVANCED TO THIRD READING UNAN CONSENT
133256,3/11/2010,READ THE THIRD TIME CSHB 300(FIN)
133256,3/11/2010,PASSED Y34 N6
133256,3/11/2010,EFFECTIVE DATE(S) SAME AS PASSAGE
133256,3/11/2010,TRANSMITTED TO (S)
133256,3/11/2010,VERSION: CSHB 300(FIN)
133256,3/12/2010,READ THE FIRST TIME - REFERRALS
133256,3/12/2010,FIN
133256,3/26/2010,FIN RPT SCS 7DP SAME TITLE
133256,3/26/2010,DP: STEDMAN HOFFMAN HUGGINS THOMAS EGAN ELLIS OLSON
133256,3/29/2010,RULES TO CALENDAR 3/29/2010
133256,3/29/2010,READ THE SECOND TIME
133256,3/29/2010,FIN SCS ADOPTED UNAN CONSENT
133256,3/29/2010,ADVANCED TO THIRD READING UNAN CONSENT
133256,3/29/2010,READ THE THIRD TIME SCS CSHB 300(FIN)
133256,3/29/2010,HELD IN THIRD READING TO 3/30 CALENDAR
133256,3/30/2010,RETURN TO SECOND FOR AM 1 UNAN CONSENT
133256,3/30/2010,AM NO 1 FAILED Y4 N16
133256,3/30/2010,RETURN TO SECOND FOR AM 2 UNAN CONSENT
133256,3/30/2010,AM NO 2 FAILED Y2 N18
133256,3/30/2010,RETURN TO SECOND FOR AM 3 UNAN CONSENT
133256,3/30/2010,AM NO 3 FAILED Y4 N16
133256,3/30/2010,RETURN TO SECOND FOR AM 4 UNAN CONSENT
133256,3/30/2010,AM NO 4 ADOPTED UNAN CONSENT
133256,3/30/2010,RETURN TO SECOND FOR AM 5 UNAN CONSENT
133256,3/30/2010,AM NO 5 ADOPTED Y19 N1
133256,3/30/2010,AUTOMATICALLY IN THIRD READING
133256,3/30/2010,PASSED Y19 N1
133256,3/30/2010,EFFECTIVE DATE(S) SAME AS PASSAGE
133256,3/30/2010,ENGROSSED
133256,4/1/2010,TRANSMITTED TO (H) AS AMENDED
133256,4/1/2010,VERSION: SCS CSHB 300(FIN) AM S
133256,4/5/2010,HELD UNDER UNFINISHED BUSINESS
133256,4/5/2010,FAILED CONCUR (S) AM N37 E3
133256,4/5/2010,CONFERENCE COMMITTEE APPOINTED
133256,4/5/2010,HAWKER (CHAIR) STOLTZE GARA
133256,4/6/2010,RECEDE MESSAGE READ AND HELD
133256,4/7/2010,RECEDE MESSAGE TAKEN UP
133256,4/7/2010,FAILED RECEDE (S) AM Y- N20
133256,4/7/2010,CONFERENCE COMMITTEE APPOINTED
133256,4/7/2010,HOFFMAN (CHAIR) STEDMAN THOMAS
133256,4/8/2010,LIMITED POWERS FREE CONFERENCE GRANTED
133256,4/8/2010,LIMITED POWERS FREE CONFERENCE GRANTED
133256,4/18/2010,CC REPORT: CCS HB 300
133256,4/18/2010,CC RPT ADPTD Y39 A1 CCS HB 300
133256,4/18/2010,EFFECTIVE DATE(S) SAME AS PASSAGE
133256,4/18/2010,CC REPORT READ AND TAKEN UP
133256,4/18/2010,CC RPT ADPTD Y18 N1 A1 CCS HB 300
133256,4/18/2010,EFFECTIVE DATE(S) SAME AS PASSAGE
133256,7/9/2010,MANIFEST ERROR(S)
133256,7/9/2010,2:51 PM 5/12/10 TRANSMITTED TO GOVERNOR
133256,7/9/2010,SIGNED INTO LAW 6/3 CHAPTER 41 SLA 10
133256,7/9/2010,PARTIAL VETO AND REDUCTIONS
133256,7/9/2010,EFFECTIVE DATE(S) OF LAW SEE CHAPTER
133257,1/19/2010,READ THE FIRST TIME - REFERRALS
133257,1/19/2010,FIN
133257,1/19/2010,GOVERNOR'S TRANSMITTAL LETTER
133257,1/19/2010,REFERRED TO FINANCE
133258,1/19/2010,READ THE FIRST TIME - REFERRALS
133258,1/19/2010,FIN
133258,1/19/2010,OMB ATTACHMENT PER AS 37.14.003
133258,1/19/2010,GOVERNOR'S TRANSMITTAL LETTER
133258,3/10/2010,FIN RPT CS(FIN) 10DP
133258,3/10/2010,DP: KELLY N.FOSTER FAIRCLOUGH DOOGAN GARA JOULE SALMON THOMAS STOLTZE
133258,3/10/2010,HAWKER
133258,3/11/2010,RULES TO CALENDAR 3/11/2010
133258,3/11/2010,READ THE SECOND TIME
133258,3/11/2010,FIN CS ADOPTED UNAN CONSENT
133258,3/11/2010,ADVANCED TO THIRD READING UNAN CONSENT
133258,3/11/2010,READ THE THIRD TIME CSHB 302(FIN)
133258,3/11/2010,PASSED Y40
133258,3/11/2010,EFFECTIVE DATE(S) SAME AS PASSAGE
133258,3/11/2010,TRANSMITTED TO (S)
133258,3/11/2010,VERSION: CSHB 302(FIN)
133258,3/12/2010,READ THE FIRST TIME - REFERRALS
133258,3/12/2010,FIN
133258,3/26/2010,FIN RPT SCS 7DP SAME TITLE
133258,3/26/2010,DP: STEDMAN HOFFMAN HUGGINS THOMAS EGAN OLSON ELLIS
133258,3/29/2010,RULES TO CALENDAR 3/29/2010
133258,3/29/2010,READ THE SECOND TIME
133258,3/29/2010,FIN SCS ADOPTED UNAN CONSENT
133258,3/29/2010,ADVANCED TO THIRD READING UNAN CONSENT
133258,3/29/2010,READ THE THIRD TIME SCS CSHB 302(FIN)
133258,3/29/2010,HELD IN THIRD READING TO 3/30 CALENDAR
133258,3/30/2010,BEFORE THE SENATE ON FINAL PASSAGE
133258,3/30/2010,PASSED Y20 N-
133258,3/30/2010,EFFECTIVE DATE(S) SAME AS PASSAGE
133258,3/30/2010,ENGROSSED
133258,4/1/2010,TRANSMITTED TO (H) AS AMENDED
133258,4/1/2010,VERSION: SCS CSHB 302(FIN)
133258,4/5/2010,HELD UNDER UNFINISHED BUSINESS
133258,4/5/2010,FAILED CONCUR (S) AM N37 E3
133258,4/5/2010,CONFERENCE COMMITTEE APPOINTED
133258,4/5/2010,HAWKER (CHAIR) STOLTZE GARA
133258,4/6/2010,RECEDE MESSAGE READ AND HELD
133258,4/7/2010,RECEDE MESSAGE TAKEN UP
133258,4/7/2010,FAILED RECEDE (S) AM Y- N20
133258,4/7/2010,CONFERENCE COMMITTEE APPOINTED
133258,4/7/2010,HOFFMAN(CHAIR) STEDMAN THOMAS
133258,4/8/2010,LIMITED POWERS FREE CONFERENCE GRANTED
133258,4/8/2010,LIMITED POWERS FREE CONFERENCE GRANTED
133258,4/18/2010,CC REPORT: CCS HB 302
133258,4/18/2010,CC RPT ADPTD Y39 A1 CCS HB 302
133258,4/18/2010,EFFECTIVE DATE(S) SAME AS PASSAGE
133258,4/18/2010,CC REPORT READ AND TAKEN UP
133258,4/18/2010,CC RPT ADPTD Y20 N- CCS HB 302
133258,4/18/2010,EFFECTIVE DATE(S) SAME AS PASSAGE
133258,7/9/2010,MANIFEST ERROR(S)
133258,7/9/2010,2:51 PM 5/12/10 TRANSMITTED TO GOVERNOR
133258,7/9/2010,LETTER TO AMHTA PER AS 37.14.005(C)
133258,7/9/2010,SIGNED INTO LAW 6/3 CHAPTER 42 SLA 10
133258,7/9/2010,EFFECTIVE DATE(S) OF LAW 7/1/10
133259,1/19/2010,READ THE FIRST TIME - REFERRALS
133259,1/19/2010,ENE L&C FIN
133259,1/19/2010,REFERRED TO ENERGY
133259,2/24/2010,COSPONSOR(S): RAMRAS
133259,3/22/2010,COSPONSOR(S): KERTTULA
133260,1/19/2010,READ THE FIRST TIME - REFERRALS
133260,1/19/2010,STA JUD
133260,1/19/2010,REFERRED TO STATE AFFAIRS
133261,1/19/2010,READ THE FIRST TIME - REFERRALS
133261,1/19/2010,ENE RES FIN
133261,1/19/2010,REFERRED TO ENERGY
133262,1/19/2010,READ THE FIRST TIME - REFERRALS
133262,1/19/2010,ENE RES
133262,2/5/2010,ENE RPT CS(ENE) 7DP
133262,2/5/2010,DP: RAMRAS DAHLSTROM PETERSEN TUCK JOHANSEN EDGMON MILLETT
133262,2/5/2010,FN1: ZERO(H.ENE)
133262,3/15/2010,RES RPT CS(RES) 8DP 1NR
133262,3/15/2010,DP: GUTTENBERG EDGMON TUCK KAWASAKI SEATON P.WILSON JOHNSON NEUMAN
133262,3/15/2010,NR: OLSON
133262,3/15/2010,FN1: ZERO(H.ENE)
133262,3/15/2010,RULES TO 1ST SUP CALENDAR 3/15/2010
133262,3/15/2010,READ THE SECOND TIME
133262,3/15/2010,RES CS ADOPTED UNAN CONSENT
133262,3/15/2010,ADVANCED TO THIRD READING 3/17 CALENDAR
133262,3/17/2010,READ THE THIRD TIME CSHB 306(RES)
133262,3/17/2010,PASSED Y38 E1 A1
133262,3/17/2010,TRANSMITTED TO (S)
133262,3/17/2010,VERSION: CSHB 306(RES)
133262,3/18/2010,READ THE FIRST TIME - REFERRALS
133262,3/18/2010,RES FIN
133262,4/10/2010,RES RPT SCS 2DP 3NR SAME TITLE
133262,4/10/2010,DP: MCGUIRE WIELECHOWSKI
133262,4/10/2010,NR: FRENCH WAGONER STEVENS
133262,4/10/2010,FN1: ZERO(H.ENE)
133262,4/17/2010,FIN RPT SCS 6DP 1NR SAME TITLE
133262,4/17/2010,DP: HOFFMAN STEDMAN HUGGINS THOMAS EGAN ELLIS
133262,4/17/2010,NR: OLSON
133262,4/17/2010,FN1: ZERO(H.ENE)
133262,4/18/2010,RULES TO CALENDAR 4/18/2010
133262,4/18/2010,MOVED TO TOP OF CALENDAR
133262,4/18/2010,READ THE SECOND TIME
133262,4/18/2010,FIN SCS ADOPTED UNAN CONSENT
133262,4/18/2010,ADVANCED TO THIRD READING UNAN CONSENT
133262,4/18/2010,READ THE THIRD TIME SCS CSHB 306(FIN)
133262,4/18/2010,RETURN TO SECOND FOR AM 1 UNAN CONSENT
133262,4/18/2010,AM NO 1 ADOPTED UNAN CONSENT
133262,4/18/2010,AUTOMATICALLY IN THIRD READING
133262,4/18/2010,PASSED Y18 N- A2
133262,4/18/2010,TRANSMITTED TO (H) AS AMENDED
133262,4/18/2010,VERSION: SCS CSHB 306(FIN) AM S
133262,4/18/2010,HELD UNDER UNFINISHED BUSINESS
133262,4/18/2010,TAKE UP CONCUR
133262,4/18/2010,CONCUR AM OF (S) Y38 A2
133262,7/9/2010,MANIFEST ERROR(S)
133262,7/9/2010,3:44 PM 5/25/10 TRANSMITTED TO GOVERNOR
133262,7/9/2010,SIGNED INTO LAW 6/16 CHAPTER 82 SLA 10
133262,7/9/2010,EFFECTIVE DATE(S) OF LAW 9/14/10
133263,1/19/2010,READ THE FIRST TIME - REFERRALS
133263,1/19/2010,JUD
133263,1/27/2010,COSPONSOR(S): KERTTULA GATTO LYNN GRUENBERG RAMRAS
133263,1/29/2010,JUD RPT 7DP
133263,1/29/2010,DP: LYNN GRUENBERG HERRON DAHLSTROM HOLMES GATTO RAMRAS
133263,1/29/2010,FN1: ZERO(LAW)
133263,2/1/2010,RULES TO CALENDAR 2/1/2010
133263,2/1/2010,READ THE SECOND TIME
133263,2/1/2010,ADVANCED TO THIRD READING UNAN CONSENT
133263,2/1/2010,READ THE THIRD TIME HB 307
133263,2/1/2010,PASSED Y39 E1
133263,2/1/2010,COSPONSOR(S): DOOGAN TUCK GUTTENBERG
133263,2/1/2010,TRANSMITTED TO (S)
133263,2/1/2010,VERSION: HB 307
133263,2/3/2010,READ THE FIRST TIME - REFERRALS
133263,2/3/2010,JUD
133263,2/3/2010,CROSS SPONSOR(S): DAVIS MCGUIRE WIELECHOWSKI MEYER EGAN DYSON KOOKESH
133263,2/3/2010,THOMAS WAGONER FRENCH MENARD STEDMAN ELLIS STEVENS PASKVAN
133263,2/15/2010,JUD RPT 3DP
133263,2/15/2010,DP: FRENCH WIELECHOWSKI EGAN
133263,2/15/2010,FN1: ZERO(LAW)
133263,2/24/2010,RULES TO CALENDAR 2/24/2010
133263,2/24/2010,READ THE SECOND TIME
133263,2/24/2010,ADVANCED TO THIRD READING UNAN CONSENT
133263,2/24/2010,READ THE THIRD TIME HB 307
133263,2/24/2010,PASSED Y20 N-
133263,2/24/2010,RETURN TO (H) TRANSMIT TO GOV NEXT
133263,2/24/2010,VERSION: HB 307
133263,3/19/2010,10:02 AM 3/19/10 TRANSMITTED TO GOVERNOR
133263,3/31/2010,SIGNED INTO LAW 3/31 CHAPTER 4 SLA 10
133263,3/31/2010,EFFECTIVE DATE(S) OF LAW 6/29/10
133264,1/19/2010,READ THE FIRST TIME - REFERRALS
133264,1/19/2010,RES FIN
133264,1/19/2010,REFERRED TO RESOURCES
133265,1/19/2010,READ THE FIRST TIME - REFERRALS
133265,1/19/2010,HSS FIN
133265,3/29/2010,HSS RPT CS(HSS) NT 1DP 5NR
133265,3/29/2010,DP: LYNN
133265,3/29/2010,NR: HOLMES T.WILSON SEATON KELLER HERRON
133265,3/29/2010,FN1: ZERO(CED)
133265,3/29/2010,REFERRED TO FINANCE
133266,1/19/2010,READ THE FIRST TIME - REFERRALS
133266,1/19/2010,EDC FIN
133266,2/17/2010,EDC RPT 6DP
133266,2/17/2010,DP: MUNOZ P.WILSON EDGMON GARDNER BUCH SEATON
133266,2/17/2010,FN1: (EED)
133266,2/17/2010,REFERRED TO FINANCE
133267,1/21/2010,READ THE FIRST TIME - REFERRALS
133267,1/21/2010,EDC
133267,1/25/2010,COSPONSOR(S): GATTO
133267,2/17/2010,COSPONSOR(S): P.WILSON
133267,2/19/2010,EDC RPT 6DP 1NR
133267,2/19/2010,DP: MUNOZ P.WILSON EDGMON GARDNER BUCH SEATON
133267,2/19/2010,NR: KELLER
133267,2/19/2010,FN1: ZERO(EED)
133267,2/19/2010,REFERRED TO RULES
133268,1/25/2010,READ THE FIRST TIME - REFERRALS
133268,1/25/2010,RES FIN
133268,2/3/2010,COSPONSOR(S): P.WILSON NEUMAN OLSON JOHNSON
133268,2/5/2010,RES RPT CS(RES) 4DP 1DNP 2NR 1AM
133268,2/5/2010,DP: OLSON P.WILSON NEUMAN JOHNSON
133268,2/5/2010,DNP: KAWASAKI
133268,2/5/2010,NR: TUCK SEATON
133268,2/5/2010,AM: GUTTENBERG
133268,2/5/2010,FN1: ZERO(REV)
133268,2/5/2010,FN2: ZERO(REV)
133268,2/5/2010,REFERRED TO FINANCE
133269,1/25/2010,READ THE FIRST TIME - REFERRALS
133269,1/25/2010,TRA FIN
133269,1/25/2010,REFERRED TO TRANSPORTATION
133269,2/26/2010,COSPONSOR(S): T.WILSON
133270,1/27/2010,READ THE FIRST TIME - REFERRALS
133270,1/27/2010,L&C JUD
133270,2/5/2010,L&C RPT 2DP 3NR
133270,2/5/2010,DP: BUCH OLSON
133270,2/5/2010,NR: LYNN HOLMES T.WILSON
133270,2/5/2010,FN1: ZERO(LAW)
133270,2/5/2010,FN2: (LWF)
133270,2/5/2010,FIN REFERRAL ADDED AFTER JUD
133270,2/26/2010,JUD RPT CS(JUD) NT 4NR
133270,2/26/2010,NR: LYNN HERRON HOLMES RAMRAS
133270,2/26/2010,FN1: ZERO(LAW)
133270,2/26/2010,FN2: (LWF)
133270,3/23/2010,FIN RPT CS(FIN) NT 6DP 3NR
133270,3/23/2010,DP: GARA THOMAS N.FOSTER KELLY FAIRCLOUGH STOLTZE
133270,3/23/2010,NR: DOOGAN AUSTERMAN SALMON
133270,3/23/2010,FN1: ZERO(LAW)
133270,3/23/2010,FN2: (LWF)
133270,3/31/2010,RULES TO CALENDAR 3/31/2010
133270,3/31/2010,READ THE SECOND TIME
133270,3/31/2010,FIN CS ADOPTED UNAN CONSENT
133270,3/31/2010,ADVANCED TO THIRD READING UNAN CONSENT
133270,3/31/2010,READ THE THIRD TIME CSHB 314(FIN)
133270,3/31/2010,PASSED Y37 E3
133270,3/31/2010,EFFECTIVE DATE(S) SAME AS PASSAGE
133270,3/31/2010,TRANSMITTED TO (S)
133270,3/31/2010,VERSION: CSHB 314(FIN)
133270,4/1/2010,READ THE FIRST TIME - REFERRALS
133270,4/1/2010,L&C FIN
133270,4/9/2010,L&C RPT 4DP 1DNP
133270,4/9/2010,DP: PASKVAN MEYER BUNDE DAVIS
133270,4/9/2010,DNP: THOMAS
133270,4/9/2010,FN1: ZERO(LAW)
133270,4/9/2010,FN2: (LWF)
133270,4/9/2010,REFERRED TO FINANCE
133271,1/27/2010,READ THE FIRST TIME - REFERRALS
133271,1/27/2010,L&C FIN
133271,2/17/2010,L&C RPT 2DP 4NR
133271,2/17/2010,DP: LYNN OLSON
133271,2/17/2010,NR: BUCH HOLMES T.WILSON CHENAULT
133271,2/17/2010,FN1: ZERO(CED)
133271,2/24/2010,FIN RPT 11DP
133271,2/24/2010,DP: THOMAS AUSTERMAN N.FOSTER GARA DOOGAN KELLY JOULE FAIRCLOUGH
133271,2/24/2010,SALMON HAWKER STOLTZE
133271,2/24/2010,FN1: ZERO(CED)
133271,3/1/2010,RULES TO CALENDAR 3/1/2010
133271,3/1/2010,READ THE SECOND TIME
133271,3/1/2010,ADVANCED TO THIRD READING UNAN CONSENT
133271,3/1/2010,READ THE THIRD TIME HB 315
133271,3/1/2010,PASSED Y34 E6
133271,3/1/2010,EFFECTIVE DATE(S) SAME AS PASSAGE
133271,3/1/2010,TRANSMITTED TO (S)
133271,3/1/2010,VERSION: HB 315
133271,3/2/2010,READ THE FIRST TIME - REFERRALS
133271,3/2/2010,FIN
133271,4/14/2010,FIN RPT SCS 6DP 1NR SAME TITLE
133271,4/14/2010,DP: HOFFMAN STEDMAN HUGGINS THOMAS EGAN ELLIS
133271,4/14/2010,NR: OLSON
133271,4/14/2010,FN2: (CED)
133271,4/16/2010,RULES TO CALENDAR 4/16/2010
133271,4/16/2010,READ THE SECOND TIME
133271,4/16/2010,FIN SCS ADOPTED UNAN CONSENT
133271,4/16/2010,ADVANCED TO THIRD READING UNAN CONSENT
133271,4/16/2010,READ THE THIRD TIME SCS HB 315(FIN)
133271,4/16/2010,PASSED Y18 N- E1 A1
133271,4/16/2010,EFFECTIVE DATE(S) SAME AS PASSAGE
133271,4/16/2010,TRANSMITTED TO (H) AS AMENDED
133271,4/16/2010,VERSION: SCS HB 315(FIN)
133271,4/16/2010,HELD UNDER UNFINISHED BUSINESS
133271,4/18/2010,TAKE UP CONCUR
133271,4/18/2010,CONCUR AM OF (S) Y38 A2
133271,4/18/2010,EFFECTIVE DATE(S) SAME AS PASSAGE
133271,7/9/2010,MANIFEST ERROR(S)
133271,7/9/2010,2:19 PM 6/7/10 TRANSMITTED TO GOVERNOR
133271,7/9/2010,SIGNED INTO LAW 6/10 CHAPTER 67 SLA 10
133271,7/9/2010,EFFECTIVE DATE(S) OF LAW SEE CHAPTER
133272,1/27/2010,READ THE FIRST TIME - REFERRALS
133272,1/27/2010,JUD FIN
133272,1/27/2010,FN1: ZERO(ADM)
133272,1/27/2010,FN2: ZERO(ADM)
133272,1/27/2010,FN3: ZERO(COR)
133272,1/27/2010,FN4: ZERO(DPS)
133272,1/27/2010,FN5: (LAW)
133272,1/27/2010,GOVERNOR'S TRANSMITTAL LETTER
133272,3/10/2010,JUD RPT CS(JUD) 2DP 3NR
133272,3/10/2010,DP: LYNN DAHLSTROM
133272,3/10/2010,NR: GRUENBERG HERRON RAMRAS
133272,3/10/2010,FN1: ZERO(ADM)
133272,3/10/2010,FN2: ZERO(ADM)
133272,3/10/2010,FN3: ZERO(COR)
133272,3/10/2010,FN4: ZERO(DPS)
133272,3/10/2010,FN5: (LAW)
133272,3/10/2010,REFERRED TO FINANCE
133273,1/27/2010,READ THE FIRST TIME - REFERRALS
133273,1/27/2010,EDC FIN
133273,2/12/2010,EDC RPT CS(EDC) 5DP 1AM
133273,2/12/2010,DP: MUNOZ P.WILSON EDGMON BUCH SEATON
133273,2/12/2010,AM: GARDNER
133273,2/12/2010,FN1: (EED)
133273,2/12/2010,FN2: (EED)
133273,4/14/2010,FIN RPT CS(FIN) 4DP 5NR 1AM
133273,4/14/2010,DP: FAIRCLOUGH SALMON STOLTZE HAWKER
133273,4/14/2010,NR: THOMAS DOOGAN N.FOSTER AUSTERMAN KELLY
133273,4/14/2010,AM: GARA
133273,4/14/2010,EDC LETTER OF INTENT WITH FIN REPORT
133273,4/14/2010,FN1: (EED)
133273,4/14/2010,FN2: (EED)
133273,4/14/2010,REFERRED TO RULES
133273,4/15/2010,CORRECTED EDUCATION RPT CS(EDC) 5DP 1 AM
133273,4/15/2010,DP: MUNOZ P.WILSON BUCH EDGMON SEATON
133273,4/15/2010,AM: GARDNER
133273,4/15/2010,LETTER OF INTENT WITH EDC REPORT
133273,4/15/2010,FN1: (EED)
133273,4/15/2010,FN2: (EED)
133274,1/29/2010,READ THE FIRST TIME - REFERRALS
133274,1/29/2010,CRA RES
133274,1/29/2010,REFERRED TO COMMUNITY & REGIONAL AFFAIRS
133274,2/10/2010,COSPONSOR(S): T.WILSON JOHNSON MUNOZ
133274,2/12/2010,COSPONSOR(S): P.WILSON
133274,2/17/2010,COSPONSOR(S): SEATON
133274,3/17/2010,COSPONSOR(S): KELLER
133275,1/29/2010,READ THE FIRST TIME - REFERRALS
133275,1/29/2010,JUD FIN
133275,2/3/2010,COSPONSOR(S): NEUMAN HARRIS KELLY GATTO
133275,2/8/2010,COSPONSOR(S): KELLER
133275,2/12/2010,JUD RPT CS(JUD) 4DP 2NR
133275,2/12/2010,DP: LYNN DAHLSTROM GATTO RAMRAS
133275,2/12/2010,NR: GRUENBERG HERRON
133275,2/12/2010,FN1: ZERO(LAW)
133275,2/12/2010,FN2: (DPS)
133275,2/12/2010,COSPONSOR(S): RAMRAS LYNN MUNOZ
133275,2/17/2010,COSPONSOR(S): N.FOSTER THOMAS STOLTZE
133275,2/19/2010,FIN RPT CS(FIN) NT 7DP
133275,2/19/2010,DP: KELLY THOMAS DOOGAN AUSTERMAN FAIRCLOUGH STOLTZE HAWKER
133275,2/19/2010,FN1: ZERO(LAW)
133275,2/19/2010,FN3: ZERO(DPS)
133275,2/24/2010,RULES TO CALENDAR 2/24/2010
133275,2/24/2010,READ THE SECOND TIME
133275,2/24/2010,FIN CS ADOPTED UNAN CONSENT
133275,2/24/2010,ADVANCED TO THIRD READING UNAN CONSENT
133275,2/24/2010,READ THE THIRD TIME CSHB 319(FIN)
133275,2/24/2010,PASSED Y39 E1
133275,2/24/2010,EFFECTIVE DATE(S) SAME AS PASSAGE
133275,2/24/2010,COSPONSOR(S): OLSON P.WILSON PETERSEN HERRON MILLETT TUCK KAWASAKI
133275,2/24/2010,T.WILSON GARA GUTTENBERG
133275,2/24/2010,TRANSMITTED TO (S)
133275,2/24/2010,VERSION: CSHB 319(FIN)
133275,2/26/2010,READ THE FIRST TIME - REFERRALS
133275,2/26/2010,JUD FIN
133275,3/30/2010,JUD RPT 5DP
133275,3/30/2010,DP: FRENCH COGHILL WIELECHOWSKI EGAN MCGUIRE
133275,3/30/2010,FN1: ZERO(LAW)
133275,3/30/2010,FN3: ZERO(DPS)
133275,4/14/2010,FIN RPT 6DP 1NR
133275,4/14/2010,DP: HOFFMAN STEDMAN HUGGINS THOMAS EGAN ELLIS
133275,4/14/2010,NR: OLSON
133275,4/14/2010,FN1: ZERO(LAW)
133275,4/14/2010,FN3: ZERO(DPS)
133275,4/15/2010,RULES TO CALENDAR 4/15/2010
133275,4/15/2010,READ THE SECOND TIME
133275,4/15/2010,ADVANCED TO THIRD READING UNAN CONSENT
133275,4/15/2010,READ THE THIRD TIME CSHB 319(FIN)
133275,4/15/2010,CROSS SPONSOR(S): WIELECHOWSKI HUGGINS EGAN MCGUIRE MEYER PASKVAN ELLIS
133275,4/15/2010,MENARD STEDMAN BUNDE OLSON WAGONER THOMAS DYSON STEVENS
133275,4/15/2010,PASSED Y20 N-
133275,4/15/2010,EFFECTIVE DATE(S) SAME AS PASSAGE
133275,4/15/2010,RETURN TO (H) TRANSMIT TO GOV NEXT
133275,4/15/2010,VERSION: CSHB 319(FIN)
133275,7/9/2010,2:27 PM 5/6/10 TRANSMITTED TO GOVERNOR
133275,7/9/2010,SIGNED INTO LAW 5/27 CHAPTER 24 SLA 10
133275,7/9/2010,EFFECTIVE DATE(S) OF LAW SEE CHAPTER
133276,1/29/2010,READ THE FIRST TIME - REFERRALS
133276,1/29/2010,RES FIN
133276,4/7/2010,RES REFERRAL WAIVED
133276,4/7/2010,REFERRED TO FINANCE
133277,1/29/2010,READ THE FIRST TIME - REFERRALS
133277,1/29/2010,RES FIN
133277,1/29/2010,REFERRED TO RESOURCES
133278,1/29/2010,READ THE FIRST TIME - REFERRALS
133278,1/29/2010,TRA FIN
133278,1/29/2010,REFERRED TO TRANSPORTATION
133279,2/3/2010,READ THE FIRST TIME - REFERRALS
133279,2/3/2010,JUD FIN
133279,3/1/2010,JUD RPT 4DP 1NR
133279,3/1/2010,DP: LYNN GRUENBERG DAHLSTROM RAMRAS
133279,3/1/2010,NR: HERRON
133279,3/1/2010,FN1: ZERO(CRT)
133279,3/1/2010,FN2: (CRT)
133279,3/1/2010,REFERRED TO FINANCE
133280,2/3/2010,READ THE FIRST TIME - REFERRALS
133280,2/3/2010,JUD FIN
133280,2/3/2010,FN1: ZERO(ADM)
133280,2/3/2010,FN2: ZERO(ADM)
133280,2/3/2010,FN3: ZERO(COR)
133280,2/3/2010,FN4: ZERO(LAW)
133280,2/3/2010,GOVERNOR'S TRANSMITTAL LETTER
133280,3/29/2010,JUD RPT CS(JUD) 4DP 1NR 1AM
133280,3/29/2010,DP: LYNN DAHLSTROM GATTO RAMRAS
133280,3/29/2010,NR: HERRON
133280,3/29/2010,AM: HOLMES
133280,3/29/2010,FN1: ZERO(ADM)
133280,3/29/2010,FN2: ZERO(ADM)
133280,3/29/2010,FN3: ZERO(COR)
133280,3/29/2010,FN4: ZERO(LAW)
133280,3/29/2010,FN5: ZERO(DPS)
133280,3/29/2010,FN6: (CRT)
133280,4/13/2010,FIN RPT CS(FIN) 8DP 2NR
133280,4/13/2010,DP: THOMAS DOOGAN JOULE FAIRCLOUGH KELLY SALMON STOLTZE HAWKER
133280,4/13/2010,NR: GARA N.FOSTER
133280,4/13/2010,FN1: ZERO(ADM)
133280,4/13/2010,FN3: ZERO(COR)
133280,4/13/2010,FN4: ZERO(LAW)
133280,4/13/2010,FN5: ZERO(DPS)
133280,4/13/2010,FN7: ZERO(ADM)
133280,4/13/2010,FN8: ZERO(H.FIN/CRT)
133280,4/13/2010,RULES TO CALENDAR 4/13/2010
133280,4/13/2010,READ THE SECOND TIME
133280,4/13/2010,FIN CS ADOPTED UNAN CONSENT
133280,4/13/2010,ADVANCED TO THIRD READING 4/14 CALENDAR
133280,4/14/2010,READ THE THIRD TIME CSHB 324(FIN)
133280,4/14/2010,PASSED Y40
133280,4/14/2010,COURT RULE(S) SAME AS PASSAGE
133280,4/14/2010,EFFECTIVE DATE(S) SAME AS PASSAGE
133280,4/14/2010,RAMRAS NOTICE OF RECONSIDERATION
133280,4/14/2010,RECON TAKEN UP SAME DAY FLD Y25 N15
133280,4/14/2010,NOTICE OF RECONSIDERATION WITHDRAWN
133280,4/14/2010,TRANSMITTED TO (S)
133280,4/14/2010,VERSION: CSHB 324(FIN)
133280,4/15/2010,READ THE FIRST TIME - REFERRALS
133280,4/15/2010,JUD
133280,4/16/2010,JUD RPT SCS 3DP 2NR NEW TITLE
133280,4/16/2010,TITLE CHANGE: SCR 22
133280,4/16/2010,DP: FRENCH EGAN MCGUIRE
133280,4/16/2010,NR: COGHILL WIELECHOWSKI
133280,4/16/2010,FN1: ZERO(ADM)
133280,4/16/2010,FN3: ZERO(COR)
133280,4/16/2010,FN4: ZERO(LAW)
133280,4/16/2010,FN5: ZERO(DPS)
133280,4/16/2010,FN7: ZERO(ADM)
133280,4/16/2010,FN8: ZERO(H.FIN/CRT)
133280,4/17/2010,RULES TO CALENDAR 4/17/2010
133280,4/17/2010,READ THE SECOND TIME
133280,4/17/2010,JUD SCS ADOPTED UNAN CONSENT
133280,4/17/2010,ADVANCED TO THIRD READING UNAN CONSENT
133280,4/17/2010,READ THE THIRD TIME SCS CSHB 324(JUD)
133280,4/17/2010,PASSED Y20 N-
133280,4/17/2010,COURT RULE(S) SAME AS PASSAGE
133280,4/17/2010,EFFECTIVE DATE(S) SAME AS PASSAGE
133280,4/17/2010,TRANSMITTED TO (H) AS AMENDED
133280,4/17/2010,VERSION: SCS CSHB 324(JUD)
133280,4/17/2010,HELD UNDER UNFINISHED BUSINESS
133280,4/18/2010,TAKE UP CONCUR
133280,4/18/2010,CONCUR AM OF (S) Y38 N1 A1
133280,4/18/2010,COURT RULE(S) SAME AS PASSAGE
133280,4/18/2010,EFFECTIVE DATE(S) SAME AS PASSAGE
133280,7/9/2010,MANIFEST ERROR(S)
133280,7/9/2010,11:24 AM 5/10/10 TRANSMITTED TO GOVERNOR
133280,7/9/2010,SIGNED INTO LAW 5/14 CHAPTER 19 SLA 10
133280,7/9/2010,EFFECTIVE DATE(S) OF LAW 7/1/10
133281,2/3/2010,READ THE FIRST TIME - REFERRALS
133281,2/3/2010,FIN
133281,2/3/2010,GOVERNOR'S TRANSMITTAL LETTER
133281,2/3/2010,REFERRED TO FINANCE
133282,2/3/2010,READ THE FIRST TIME - REFERRALS
133282,2/3/2010,FIN
133282,2/3/2010,GOVERNOR'S TRANSMITTAL LETTER
133282,3/29/2010,FIN RPT CS(FIN) NT 11DP
133282,3/29/2010,DP: THOMAS GARA DOOGAN JOULE KELLY AUSTERMAN SALMON N.FOSTER
133282,3/29/2010,FAIRCLOUGH STOLTZE HAWKER
133282,3/29/2010,RULES TO CALENDAR 3/29/2010
133282,3/29/2010,READ THE SECOND TIME
133282,3/29/2010,FIN CS ADOPTED UNAN CONSENT
133282,3/29/2010,ADVANCED TO THIRD READING UNAN CONSENT
133282,3/29/2010,READ THE THIRD TIME CSHB 326(FIN)
133282,3/29/2010,PASSED Y40
133282,3/29/2010,EFFECTIVE DATE(S) SAME AS PASSAGE
133282,3/29/2010,TRANSMITTED TO (S)
133282,3/29/2010,VERSION: CSHB 326(FIN)
133282,3/30/2010,READ THE FIRST TIME - REFERRALS
133282,3/30/2010,FIN
133282,4/18/2010,RULES TO CALENDAR 4/18/2010
133282,4/18/2010,MOVED TO BOTTOM OF CALENDAR
133282,4/18/2010,FIN RPT 7DP
133282,4/18/2010,DP: HOFFMAN STEDMAN HUGGINS THOMAS EGAN ELLIS OLSON
133282,4/18/2010,READ THE SECOND TIME
133282,4/18/2010,ADVANCED TO THIRD READING UNAN CONSENT
133282,4/18/2010,READ THE THIRD TIME CSHB 326(FIN)
133282,4/18/2010,PASSED Y19 N1
133282,4/18/2010,EFFECTIVE DATE(S) SAME AS PASSAGE
133282,4/18/2010,RETURN TO (H) TRANSMIT TO GOV NEXT
133282,4/18/2010,VERSION: CSHB 326(FIN)
133282,7/9/2010,10:51 AM 4/29/10 TRANSMITTED TO GOVERNOR
133282,7/9/2010,SIGNED INTO LAW 5/8 CHAPTER 13 SLA 10
133282,7/9/2010,EFFECTIVE DATE(S) OF LAW SEE CHAPTER
133283,2/5/2010,READ THE FIRST TIME - REFERRALS
133283,2/5/2010,JUD
133283,3/12/2010,JUD RPT CS(JUD) 5DP 2NR
133283,3/12/2010,DP: LYNN GRUENBERG HERRON GATTO RAMRAS
133283,3/12/2010,NR: DAHLSTROM HOLMES
133283,3/12/2010,FN1: ZERO(DPS)
133283,3/12/2010,FN2: INDETERMINATE(LAW)
133283,3/12/2010,FIN REFERRAL ADDED AFTER JUD
133283,3/12/2010,REFERRED TO FINANCE
133284,2/5/2010,READ THE FIRST TIME - REFERRALS
133284,2/5/2010,HSS FIN
133284,2/15/2010,COSPONSOR(S): TUCK
133284,2/19/2010,COSPONSOR(S): MUNOZ
133284,3/19/2010,HSS RPT CS(HSS) 7NR
133284,3/19/2010,NR: HOLMES T.WILSON LYNN SEATON CISSNA KELLER HERRON
133284,3/19/2010,FN1: ZERO(DHS)
133284,3/19/2010,FN2: (DHS)
133284,3/19/2010,REFERRED TO FINANCE
133285,2/5/2010,READ THE FIRST TIME - REFERRALS
133285,2/5/2010,TRA FIN
133285,3/10/2010,TRA RPT CS(TRA) NT 4DP 1NR 2AM
133285,3/10/2010,DP: MUNOZ JOHNSON T.WILSON P.WILSON
133285,3/10/2010,NR: GRUENBERG
133285,3/10/2010,AM: JOHANSEN PETERSEN
133285,3/10/2010,FN1: (ADM)
133285,3/10/2010,FN2: (REV)
133285,3/10/2010,FN3: (DOT)
133285,3/10/2010,REFERRED TO FINANCE
133286,2/5/2010,READ THE FIRST TIME - REFERRALS
133286,2/5/2010,TRA FIN
133286,2/5/2010,REFERRED TO TRANSPORTATION
133287,2/8/2010,READ THE FIRST TIME - REFERRALS
133287,2/8/2010,JUD FIN
133287,2/15/2010,COSPONSOR(S): RAMRAS
133287,2/17/2010,COSPONSOR(S): P.WILSON GATTO SEATON N.FOSTER
133287,2/26/2010,COSPONSOR(S): HOLMES
133287,3/1/2010,JUD RPT CS(JUD) 5DP
133287,3/1/2010,DP: LYNN GRUENBERG HERRON DAHLSTROM RAMRAS
133287,3/1/2010,FN1: ZERO(DHS)
133287,3/1/2010,REFERRED TO FINANCE
133287,3/1/2010,COSPONSOR(S): DAHLSTROM
133288,2/10/2010,READ THE FIRST TIME - REFERRALS
133288,2/10/2010,RES FIN
133288,2/10/2010,REFERRED TO RESOURCES
133289,2/10/2010,READ THE FIRST TIME - REFERRALS
133289,2/10/2010,TRA FIN
133289,3/31/2010,TRA RPT CS(TRA) NT 4DP 3NR
133289,3/31/2010,DP: JOHNSON T.WILSON PETERSEN P.WILSON
133289,3/31/2010,NR: JOHANSEN MUNOZ GRUENBERG
133289,3/31/2010,FN1: ZERO(LWF)
133289,3/31/2010,FN2: (DEC)
133289,3/31/2010,FN3: (DHS)
133289,3/31/2010,FN4: (DOT)
133289,3/31/2010,REFERRED TO FINANCE
133290,2/10/2010,READ THE FIRST TIME - REFERRALS
133290,2/10/2010,MLV JUD
133290,2/17/2010,COSPONSOR(S): GATTO
133290,2/23/2010,COSPONSOR(S): T.WILSON LYNN RAMRAS BUCH
133290,2/24/2010,MLV RPT CS(MLV) NT 6DP
133290,2/24/2010,DP: T.WILSON LYNN KAWASAKI BUCH RAMRAS HARRIS
133290,2/24/2010,FN1: ZERO(CRT)
133290,3/11/2010,JUD RPT CS(JUD) NT 4DP 2AM
133290,3/11/2010,DP: LYNN HERRON DAHLSTROM RAMRAS
133290,3/11/2010,AM: GRUENBERG HOLMES
133290,3/11/2010,FN1: ZERO(CRT)
133290,3/11/2010,COSPONSOR(S): HERRON
133290,3/23/2010,RLS RPT CS(RLS) NT 6DP 1AM
133290,3/23/2010,DP: MILLETT KERTTULA OLSON HERRON NEUMAN DAHLSTROM
133290,3/23/2010,AM: GARDNER
133290,3/23/2010,FN1: ZERO(CRT)
133290,3/25/2010,RULES TO CALENDAR 3/25/2010
133290,3/25/2010,READ THE SECOND TIME
133290,3/25/2010,RLS CS ADOPTED UNAN CONSENT
133290,3/25/2010,ADVANCED TO THIRD READING UNAN CONSENT
133290,3/25/2010,READ THE THIRD TIME CSHB 334(RLS)
133290,3/25/2010,PASSED Y38 E2
133290,3/25/2010,COURT RULE(S) SAME AS PASSAGE
133290,3/25/2010,COSPONSOR(S): MILLETT JOHNSON PETERSEN GARA GARDNER CHENAULT KAWASAKI
133290,3/25/2010,HAWKER
133290,3/25/2010,TRANSMITTED TO (S)
133290,3/25/2010,VERSION: CSHB 334(RLS)
133290,3/26/2010,READ THE FIRST TIME - REFERRALS
133290,3/26/2010,FIN
133290,4/9/2010,FIN RPT 6DP 1NR
133290,4/9/2010,DP: HOFFMAN STEDMAN HUGGINS THOMAS EGAN ELLIS
133290,4/9/2010,NR: OLSON
133290,4/9/2010,FN1: ZERO(CRT)
133290,4/10/2010,RULES TO CALENDAR 4/10/2010
133290,4/10/2010,READ THE SECOND TIME
133290,4/10/2010,AM NO 1 ADOPTED Y19 N- A1
133290,4/10/2010,TECH TITLE CHANGE
133290,4/10/2010,ADVANCED TO THIRD READING UNAN CONSENT
133290,4/10/2010,READ THIRD TIME CSHB 334(RLS)(EFD ADD S)
133290,4/10/2010,CROSS SPONSOR(S): WIELECHOWSKI HUGGINS STEDMAN EGAN MCGUIRE MEYER ELLIS
133290,4/10/2010,PASKVAN MENARD KOOKESH DAVIS FRENCH WAGONER COGHILL THOMAS DYSON
133290,4/10/2010,STEVENS
133290,4/10/2010,PASSED Y19 N- A1
133290,4/10/2010,COURT RULE(S) SAME AS PASSAGE
133290,4/10/2010,EFFECTIVE DATE(S) SAME AS PASSAGE
133290,4/10/2010,TRANSMITTED TO (H) AS AMENDED
133290,4/10/2010,VERSION: CSHB 334(RLS)(EFD ADD S)
133290,4/11/2010,HELD UNDER UNFINISHED BUSINESS
133290,4/18/2010,TAKE UP CONCUR
133290,4/18/2010,CONCUR AM OF (S) Y40
133290,4/18/2010,COSPONSOR(S): TUCK
133290,7/9/2010,MANIFEST ERROR(S)
133290,7/9/2010,2:15 PM 5/14/10 TRANSMITTED TO GOVERNOR
133290,7/9/2010,SIGNED INTO LAW 6/4 CHAPTER 44 SLA 10
133290,7/9/2010,EFFECTIVE DATE(S) OF LAW 6/5/10
133291,2/10/2010,READ THE FIRST TIME - REFERRALS
133291,2/10/2010,HSS FIN
133291,2/10/2010,REFERRED TO HEALTH & SOCIAL SERVICES
133292,2/10/2010,READ THE FIRST TIME - REFERRALS
133292,2/10/2010,CRA STA
133292,3/10/2010,CRA RPT 3DP 1NR
133292,3/10/2010,DP: HARRIS KELLER MUNOZ
133292,3/10/2010,NR: HERRON
133292,3/10/2010,FN1: ZERO(CED)
133292,3/11/2010,STA RPT CS(STA) 5DP 2NR
133292,3/11/2010,DP: SEATON PETERSEN P.WILSON GRUENBERG LYNN
133292,3/11/2010,NR: JOHNSON GATTO
133292,3/11/2010,FN1: ZERO(CED)
133292,3/23/2010,RULES TO CALENDAR 3/23/2010
133292,3/23/2010,READ THE SECOND TIME
133292,3/23/2010,STA CS ADOPTED UNAN CONSENT
133292,3/23/2010,ADVANCED TO THIRD READING 3/24 CALENDAR
133292,3/24/2010,READ THE THIRD TIME CSHB 336(STA)
133292,3/24/2010,PASSED Y32 N6 E2
133292,3/24/2010,EFFECTIVE DATE(S) SAME AS PASSAGE
133292,3/24/2010,STOLTZE NOTICE OF RECONSIDERATION
133292,3/25/2010,RECON TAKEN UP - IN THIRD READING
133292,3/25/2010,PASSED ON RECONSIDERATION Y24 N8 E5 A3
133292,3/25/2010,EFFECTIVE DATE(S) ADOPTED Y33 E5 A2
133292,3/25/2010,TRANSMITTED TO (S)
133292,3/25/2010,VERSION: CSHB 336(STA)
133292,3/26/2010,READ THE FIRST TIME - REFERRALS
133292,3/26/2010,JUD
133292,4/8/2010,JUD REFERRAL WAIVED
133292,4/8/2010,SIMILAR BILL (SB 260) REPORTED OUT OF JUDICIARY
133292,4/10/2010,RULES TO CALENDAR 4/10/2010
133292,4/10/2010,READ THE SECOND TIME
133292,4/10/2010,ADVANCED TO THIRD READING UNAN CONSENT
133292,4/10/2010,READ THE THIRD TIME CSHB 336(STA)
133292,4/10/2010,PASSED Y19 N- A1
133292,4/10/2010,EFFECTIVE DATE(S) SAME AS PASSAGE
133292,4/10/2010,RETURN TO (H) TRANSMIT TO GOV NEXT
133292,4/10/2010,VERSION: CSHB 336(STA)
133292,7/9/2010,2:06 PM 5/27/10 TRANSMITTED TO GOVERNOR
133292,7/9/2010,SIGNED INTO LAW 6/1 CHAPTER 28 SLA 10
133292,7/9/2010,EFFECTIVE DATE(S) OF LAW 6/2/10
133293,2/10/2010,READ THE FIRST TIME - REFERRALS
133293,2/10/2010,RES FIN
133293,2/10/2010,FN1: ZERO(ADM)
133293,2/10/2010,FN2: ZERO(DNR)
133293,2/10/2010,FN3: (REV)
133293,2/10/2010,GOVERNOR'S TRANSMITTAL LETTER
133293,3/10/2010,FN3: INDETERMINATE(REV) CORRECTED
133293,4/9/2010,RES RPT CS(RES) NT 4DP 2DNP 3NR
133293,4/9/2010,DP: P.WILSON OLSON JOHNSON NEUMAN
133293,4/9/2010,DNP: GUTTENBERG KAWASAKI
133293,4/9/2010,NR: EDGMON TUCK SEATON
133293,4/9/2010,FN1: ZERO(ADM)
133293,4/9/2010,FN2: ZERO(DNR)
133293,4/9/2010,FN3: INDETERMINATE(REV)
133293,4/9/2010,FN(S) FORTHCOMING
133293,4/9/2010,REFERRED TO FINANCE
133293,4/10/2010,FN4: (REV) RECEIVED
133294,2/10/2010,READ THE FIRST TIME - REFERRALS
133294,2/10/2010,L&C FIN
133294,2/10/2010,FN1: ZERO(CED)
133294,2/10/2010,FN2: (REV)
133294,2/10/2010,GOVERNOR'S TRANSMITTAL LETTER
133294,2/10/2010,REFERRED TO LABOR & COMMERCE
133295,2/10/2010,READ THE FIRST TIME - REFERRALS
133295,2/10/2010,FIN
133295,2/10/2010,FN1: ZERO(REV)
133295,2/10/2010,GOVERNOR'S TRANSMITTAL LETTER
133295,2/10/2010,REFERRED TO FINANCE
133296,2/10/2010,READ THE FIRST TIME - REFERRALS
133296,2/10/2010,L&C FIN
133296,2/10/2010,REFERRED TO LABOR & COMMERCE
133297,2/10/2010,READ THE FIRST TIME - REFERRALS
133297,2/10/2010,FSH RES
133297,2/10/2010,REFERRED TO FISHERIES
133297,2/15/2010,COSPONSOR(S): KERTTULA
133298,2/12/2010,READ THE FIRST TIME - REFERRALS
133298,2/12/2010,L&C FIN
133298,2/26/2010,L&C RPT 6DP 1NR
133298,2/26/2010,DP: LYNN NEUMAN CHENAULT HOLMES T.WILSON OLSON
133298,2/26/2010,NR: BUCH
133298,2/26/2010,FN1: (CED)
133298,3/11/2010,FIN RPT 6DP 5NR
133298,3/11/2010,DP: THOMAS GARA JOULE KELLY AUSTERMAN N.FOSTER
133298,3/11/2010,NR: DOOGAN SALMON FAIRCLOUGH HAWKER STOLTZE
133298,3/11/2010,FN1: (CED)
133298,3/12/2010,RULES TO CALENDAR 3/12/2010
133298,3/12/2010,READ THE SECOND TIME
133298,3/12/2010,ADVANCED TO THIRD READING UNAN CONSENT
133298,3/12/2010,READ THE THIRD TIME HB 342
133298,3/12/2010,PASSED Y36 E3 A1
133298,3/12/2010,EFFECTIVE DATE(S) SAME AS PASSAGE
133298,3/12/2010,COSPONSOR(S): CHENAULT
133298,3/12/2010,TRANSMITTED TO (S)
133298,3/12/2010,VERSION: HB 342
133298,3/15/2010,READ THE FIRST TIME - REFERRALS
133298,3/15/2010,L&C FIN
133298,4/11/2010,L&C RPT 4DP
133298,4/11/2010,DP: PASKVAN MEYER DAVIS BUNDE
133298,4/11/2010,FN1: (CED)
133298,4/16/2010,FIN RPT 6DP 1NR
133298,4/16/2010,DP: HOFFMAN STEDMAN HUGGINS THOMAS EGAN ELLIS
133298,4/16/2010,NR: OLSON
133298,4/16/2010,FN1: (CED)
133298,4/17/2010,RULES TO CALENDAR 4/17/2010
133298,4/17/2010,READ THE SECOND TIME
133298,4/17/2010,ADVANCED TO THIRD READING UNAN CONSENT
133298,4/17/2010,READ THE THIRD TIME HB 342
133298,4/17/2010,PASSED Y20 N-
133298,4/17/2010,EFFECTIVE DATE(S) SAME AS PASSAGE
133298,4/17/2010,RETURN TO (H) TRANSMIT TO GOV NEXT
133298,4/17/2010,VERSION: HB 342
133298,7/9/2010,2:13 PM 6/1/10 TRANSMITTED TO GOVERNOR
133298,7/9/2010,SIGNED INTO LAW 6/9 CHAPTER 53 SLA 10
133298,7/9/2010,EFFECTIVE DATE(S) OF LAW 6/10/10
133299,2/12/2010,READ THE FIRST TIME - REFERRALS
133299,2/12/2010,RES JUD
133299,2/12/2010,REFERRED TO RESOURCES
133299,2/15/2010,COSPONSOR(S): LYNN
133300,2/12/2010,READ THE FIRST TIME - REFERRALS
133300,2/12/2010,FSH FIN
133300,2/17/2010,COSPONSOR(S): AUSTERMAN
133300,2/23/2010,FSH RPT CS(FSH) 4DP 2NR
133300,2/23/2010,DP: MILLETT BUCH MUNOZ EDGMON
133300,2/23/2010,NR: JOHNSON KELLER
133300,2/23/2010,FN1: (REV)
133300,4/5/2010,COSPONSOR(S): EDGMON
133300,4/6/2010,FIN RPT CS(FIN) 6DP 2NR
133300,4/6/2010,DP: THOMAS GARA DOOGAN AUSTERMAN N.FOSTER FAIRCLOUGH
133300,4/6/2010,NR: KELLY STOLTZE
133300,4/6/2010,FN2: (REV)
133300,4/7/2010,RULES TO CALENDAR 4/7/2010
133300,4/7/2010,READ THE SECOND TIME
133300,4/7/2010,FIN CS ADOPTED UNAN CONSENT
133300,4/7/2010,ADVANCED TO THIRD READING UNAN CONSENT
133300,4/7/2010,READ THE THIRD TIME CSHB 344(FIN)
133300,4/7/2010,PASSED Y39 E1
133300,4/7/2010,EFFECTIVE DATE(S) SAME AS PASSAGE
133300,4/7/2010,COSPONSOR(S): N.FOSTER MUNOZ GARA HARRIS HERRON KERTTULA TUCK PETERSEN
133300,4/7/2010,MILLET CRAWFORD JOHNSON JOHANSEN
133300,4/7/2010,TRANSMITTED TO (S)
133300,4/7/2010,VERSION: CSHB 344(FIN)
133300,4/8/2010,READ THE FIRST TIME - REFERRALS
133300,4/8/2010,FIN
133300,4/13/2010,FIN RPT 4DP 3NR
133300,4/13/2010,DP: HOFFMAN STEDMAN THOMAS EGAN
133300,4/13/2010,NR: HUGGINS OLSON ELLIS
133300,4/13/2010,FN2: (REV)
133300,4/13/2010,CROSS SPONSOR(S): HOFFMAN STEDMAN DYSON MENARD
133300,4/14/2010,CROSS SPONSOR(S): FRENCH
133300,4/16/2010,RULES TO CALENDAR 4/16/2010
133300,4/16/2010,READ THE SECOND TIME
133300,4/16/2010,ADVANCED TO THIRD READING UNAN CONSENT
133300,4/16/2010,READ THE THIRD TIME CSHB 344(FIN)
133300,4/16/2010,PASSED Y19 N- E1
133300,4/16/2010,EFFECTIVE DATE(S) SAME AS PASSAGE
133300,4/16/2010,RETURN TO (H) TRANSMIT TO GOV NEXT
133300,4/16/2010,VERSION: CSHB 344(FIN)
133300,7/9/2010,2:19 PM 6/7/10 TRANSMITTED TO GOVERNOR
133300,7/9/2010,SIGNED INTO LAW 6/25 CHAPTER 102 SLA 10
133300,7/9/2010,EFFECTIVE DATE(S) OF LAW 9/23/10
133301,2/15/2010,READ THE FIRST TIME - REFERRALS
133301,2/15/2010,TRA
133301,2/24/2010,TRA RPT 6DP
133301,2/24/2010,DP: PETERSEN GRUENBERG JOHNSON MUNOZ JOHANSEN P.WILSON
133301,2/24/2010,FN1: ZERO(DOT)
133301,3/1/2010,RULES TO CALENDAR 3/1/2010
133301,3/1/2010,READ THE SECOND TIME
133301,3/1/2010,ADVANCED TO THIRD READING UNAN CONSENT
133301,3/1/2010,READ THE THIRD TIME HB 345
133301,3/1/2010,PASSED Y33 E6 A1
133301,3/1/2010,TRANSMITTED TO (S)
133301,3/1/2010,VERSION: HB 345
133301,3/2/2010,READ THE FIRST TIME - REFERRALS
133301,3/2/2010,FIN
133301,4/18/2010,RULES TO CALENDAR 4/18/2010
133301,4/18/2010,MOVED TO BOTTOM OF CALENDAR
133301,4/18/2010,FIN RPT 7DP
133301,4/18/2010,DP: HOFFMAN STEDMAN HUGGINS THOMAS EGAN OLSON ELLIS
133301,4/18/2010,FN1: ZERO(DOT)
133301,4/18/2010,READ THE SECOND TIME
133301,4/18/2010,ADVANCED TO THIRD READING UNAN CONSENT
133301,4/18/2010,READ THE THIRD TIME HB 345
133301,4/18/2010,PASSED Y20 N-
133301,4/18/2010,RETURN TO (H) TRANSMIT TO GOV NEXT
133301,4/18/2010,VERSION: HB 345
133301,7/9/2010,2:35 PM 6/14/10 TRANSMITTED TO GOVERNOR
133301,7/9/2010,SIGNED INTO LAW 6/25 CHAPTER 107 SLA 10
133301,7/9/2010,EFFECTIVE DATE(S) OF LAW 9/23/10
133302,2/15/2010,READ THE FIRST TIME - REFERRALS
133302,2/15/2010,L&C FIN
133302,2/26/2010,L&C RPT CS(L&C) NT 3DP 2NR
133302,2/26/2010,DP: CHENAULT T.WILSON OLSON
133302,2/26/2010,NR: BUCH HOLMES
133302,2/26/2010,FN1: (LWF)
133302,2/26/2010,REFERRED TO FINANCE
133303,2/15/2010,READ THE FIRST TIME - REFERRALS
133303,2/15/2010,EDC FIN
133303,2/15/2010,REFERRED TO EDUCATION
133304,2/17/2010,READ THE FIRST TIME - REFERRALS
133304,2/17/2010,STA JUD
133304,3/17/2010,STA RPT CS(STA) 3DP 1NR 2AM
133304,3/17/2010,DP: PETERSEN SEATON LYNN
133304,3/17/2010,NR: GATTO
133304,3/17/2010,AM: GRUENBERG P.WILSON
133304,3/17/2010,FN1: ZERO(ADM)
133304,3/31/2010,JUD RPT CS(JUD) 4DP 2NR
133304,3/31/2010,DP: LYNN GRUENBERG GATTO HOLMES
133304,3/31/2010,NR: HERRON RAMRAS
133304,3/31/2010,FN1: ZERO(ADM)
133304,4/1/2010,RULES TO CALENDAR 4/1/2010
133304,4/1/2010,READ THE SECOND TIME
133304,4/1/2010,JUD CS ADOPTED UNAN CONSENT
133304,4/1/2010,AM NO 1 FAILED Y14 N23 E2 A1
133304,4/1/2010,AM NO 2 FAILED Y14 N23 E2 A1
133304,4/1/2010,ADVANCED TO THIRD READING 4/5 CALENDAR
133304,4/5/2010,READ THE THIRD TIME CSHB 348(JUD)
133304,4/5/2010,FAILED PASSAGE Y19 N18 E3
133304,4/5/2010,HARRIS NOTICE OF RECONSIDERATION
133304,4/6/2010,RECONSIDERATION HELD TO 4/7
133304,4/7/2010,RECON TAKEN UP - IN THIRD READING
133304,4/7/2010,RET 2ND/RESCIND ACTION AM 2 UC
133304,4/7/2010,RESCIND ACTION FAILING AM 2 UC
133304,4/7/2010,AM NO 2 FAILED Y16 N22 E1 A1
133304,4/7/2010,AUTOMATICALLY IN THIRD READING
133304,4/7/2010,PASSED ON RECONSIDERATION Y29 N10 E1
133304,4/7/2010,TRANSMITTED TO (S)
133304,4/7/2010,VERSION: CSHB 348(JUD)
133304,4/8/2010,READ THE FIRST TIME - REFERRALS
133304,4/8/2010,STA JUD
133304,4/14/2010,STA RPT 4NR
133304,4/14/2010,NR: MENARD FRENCH MEYER KOOKESH
133304,4/14/2010,FN1: ZERO(ADM)
133304,4/15/2010,JUD RPT 2DP 1DNP
133304,4/15/2010,DP: FRENCH WIELECHOWSKI
133304,4/15/2010,DNP: COGHILL
133304,4/15/2010,FN1: ZERO(ADM)
133304,4/15/2010,REFERRED TO RULES
133305,2/17/2010,READ THE FIRST TIME - REFERRALS
133305,2/17/2010,STA
133305,3/11/2010,STA RPT 5DP
133305,3/11/2010,DP: JOHNSON GATTO GRUENBERG PETERSEN LYNN
133305,3/11/2010,FN1: ZERO(DHS)
133305,3/12/2010,RULES TO CALENDAR 3/12/2010
133305,3/12/2010,READ THE SECOND TIME
133305,3/12/2010,ADVANCED TO THIRD READING UNAN CONSENT
133305,3/12/2010,READ THE THIRD TIME HB 349
133305,3/12/2010,PASSED Y37 E3
133305,3/12/2010,COSPONSOR(S): CISSNA DAHLSTROM TUCK KERTTULA JOHNSON CHENAULT
133305,3/12/2010,TRANSMITTED TO (S)
133305,3/12/2010,VERSION: HB 349
133305,3/15/2010,READ THE FIRST TIME - REFERRALS
133305,3/15/2010,HSS
133305,3/23/2010,HSS RPT 4DP
133305,3/23/2010,DP: DAVIS THOMAS PASKVAN DYSON
133305,3/23/2010,FN1: ZERO(DHS)
133305,3/24/2010,RULES TO CALENDAR 3/24/2010
133305,3/24/2010,READ THE SECOND TIME
133305,3/24/2010,ADVANCED TO THIRD READING UNAN CONSENT
133305,3/24/2010,READ THE THIRD TIME HB 349
133305,3/24/2010,CROSS SPONSOR(S): MENARD EGAN MEYER MCGUIRE DYSON DAVIS
133305,3/24/2010,PASSED Y20 N-
133305,3/24/2010,RETURN TO (H) TRANSMIT TO GOV NEXT
133305,3/24/2010,VERSION: HB 349
133305,3/30/2010,10:58 AM 3/30/10 TRANSMITTED TO GOVERNOR
133305,4/14/2010,SIGNED INTO LAW 4/14 CHAPTER 5 SLA 10
133305,4/14/2010,EFFECTIVE DATE(S) OF LAW 7/13/10
133306,2/17/2010,READ THE FIRST TIME - REFERRALS
133306,2/17/2010,EDC FIN
133306,3/15/2010,EDC RPT 6DP 1DNP
133306,3/15/2010,DP: MUNOZ P.WILSON EDGMON GARDNER BUCH SEATON
133306,3/15/2010,DNP: KELLER
133306,3/15/2010,FN1: (EED)
133306,3/15/2010,REFERRED TO FINANCE
133307,2/17/2010,READ THE FIRST TIME - REFERRALS
133307,2/17/2010,RES FIN
133307,2/17/2010,REFERRED TO RESOURCES
133308,2/19/2010,READ THE FIRST TIME - REFERRALS
133308,2/19/2010,TRA FIN
133308,2/19/2010,REFERRED TO TRANSPORTATION
133308,2/23/2010,COSPONSOR(S): GARDNER
133309,2/19/2010,READ THE FIRST TIME - REFERRALS
133309,2/19/2010,STA JUD
133309,2/19/2010,REFERRED TO STATE AFFAIRS
133310,2/19/2010,READ THE FIRST TIME - REFERRALS
133310,2/19/2010,L&C
133310,2/23/2010,TRA REFERRAL ADDED AFTER L&C
133310,3/10/2010,L&C RPT 4DP
133310,3/10/2010,DP: BUCH NEUMAN CHENAULT OLSON
133310,3/10/2010,FN1: ZERO(CED)
133310,3/12/2010,TRA RPT 7DP
133310,3/12/2010,DP: JOHANSEN MUNOZ JOHNSON T.WILSON GRUENBERG PETERSEN P.WILSON
133310,3/12/2010,FN1: ZERO(CED)
133310,3/25/2010,RULES TO CALENDAR 3/25/2010
133310,3/25/2010,READ THE SECOND TIME
133310,3/25/2010,ADVANCED TO THIRD READING UNAN CONSENT
133310,3/25/2010,READ THE THIRD TIME HB 354
133310,3/25/2010,PASSED Y31 E5 A4
133310,3/25/2010,COSPONSOR(S): JOHANSEN
133310,3/25/2010,TRANSMITTED TO (S)
133310,3/25/2010,VERSION: HB 354
133310,3/26/2010,READ THE FIRST TIME - REFERRALS
133310,3/26/2010,L&C
133310,4/7/2010,L&C RPT 4DP
133310,4/7/2010,DP: PASKVAN BUNDE THOMAS MEYER
133310,4/7/2010,FN1: ZERO(CED)
133310,4/8/2010,CROSS SPONSOR(S): MCGUIRE DYSON HUGGINS
133310,4/10/2010,FIN REFERRAL ADDED AFTER L&C
133310,4/13/2010,FIN RPT 7DP
133310,4/13/2010,DP: HOFFMAN STEDMAN HUGGINS THOMAS EGAN OLSON ELLIS
133310,4/13/2010,FN1: ZERO(CED)
133310,4/16/2010,RULES TO CALENDAR 4/16/2010
133310,4/16/2010,READ THE SECOND TIME
133310,4/16/2010,ADVANCED TO THIRD READING UNAN CONSENT
133310,4/16/2010,READ THE THIRD TIME HB 354
133310,4/16/2010,PASSED Y19 N- E1
133310,4/16/2010,CROSS SPONSOR(S): THOMAS
133310,4/16/2010,RETURN TO (H) TRANSMIT TO GOV NEXT
133310,4/16/2010,VERSION: HB 354
133310,7/9/2010,2:19 PM 6/7/10 TRANSMITTED TO GOVERNOR
133310,7/9/2010,SIGNED INTO LAW 6/15 CHAPTER 76 SLA 10
133310,7/9/2010,EFFECTIVE DATE(S) OF LAW 9/13/10
133311,2/19/2010,READ THE FIRST TIME - REFERRALS
133311,2/19/2010,JUD FIN
133311,3/15/2010,COSPONSOR(S): LYNN
133311,3/17/2010,JUD RPT CS(JUD) 6DP
133311,3/17/2010,DP: LYNN GRUENBERG DAHLSTROM HOLMES GATTO RAMRAS
133311,3/17/2010,FN1: ZERO(LAW)
133311,4/5/2010,FIN RPT CS(JUD) 4DP 3NR
133311,4/5/2010,DP: THOMAS GARA DOOGAN N.FOSTER
133311,4/5/2010,NR: KELLY FAIRCLOUGH STOLTZE
133311,4/5/2010,FN1: ZERO(LAW)
133311,4/6/2010,RULES TO CALENDAR 4/6/2010
133311,4/6/2010,READ THE SECOND TIME
133311,4/6/2010,JUD CS ADOPTED UNAN CONSENT
133311,4/6/2010,ADVANCED TO THIRD READING UNAN CONSENT
133311,4/6/2010,READ THE THIRD TIME CSHB 355(JUD)
133311,4/6/2010,PASSED Y31 N5 E4
133311,4/6/2010,JOHANSEN NOTICE OF RECONSIDERATION
133311,4/6/2010,COSPONSOR(S): PETERSEN BUCH TUCK GARDNER CISSNA
133311,4/7/2010,RECONSIDERATION NOT TAKEN UP
133311,4/7/2010,TRANSMITTED TO (S)
133311,4/7/2010,VERSION: CSHB 355(JUD)
133311,4/8/2010,READ THE FIRST TIME - REFERRALS
133311,4/8/2010,JUD
133311,4/13/2010,JUD RPT 2DP 2NR
133311,4/13/2010,DP: WIELECHOWSKI EGAN
133311,4/13/2010,NR: COGHILL MCGUIRE
133311,4/13/2010,FN1: ZERO(LAW)
133311,4/18/2010,RULES TO CALENDAR 4/18/2010
133311,4/18/2010,READ THE SECOND TIME
133311,4/18/2010,ADVANCED TO THIRD READING UNAN CONSENT
133311,4/18/2010,READ THE THIRD TIME CSHB 355(JUD)
133311,4/18/2010,CROSS SPONSOR(S): WIELECHOWSKI MEYER FRENCH DYSON DAVIS EGAN
133311,4/18/2010,PASSED Y20 N-
133311,4/18/2010,RETURN TO (H) TRANSMIT TO GOV NEXT
133311,4/18/2010,VERSION: CSHB 355(JUD)
133311,7/9/2010,MANIFEST ERROR(S)
133311,7/9/2010,2:19 PM 6/7/10 TRANSMITTED TO GOVERNOR
133311,7/9/2010,SIGNED INTO LAW 6/9 CHAPTER 54 SLA 10
133311,7/9/2010,EFFECTIVE DATE(S) OF LAW 9/7/10
133312,2/19/2010,READ THE FIRST TIME - REFERRALS
133312,2/19/2010,FIN
133312,2/19/2010,REFERRED TO FINANCE
133313,2/19/2010,READ THE FIRST TIME - REFERRALS
133313,2/19/2010,TRA
133313,3/12/2010,COSPONSOR(S): T.WILSON
133313,3/24/2010,TRA RPT CS(TRA) NT 5DP
133313,3/24/2010,DP: MUNOZ T.WILSON GRUENBERG PETERSEN P.WILSON
133313,3/24/2010,FN1: INDETERMINATE(CED)
133313,3/24/2010,FIN REFERRAL ADDED AFTER TRA
133313,4/5/2010,FIN RPT CS(FIN) NT 4DP 4NR
133313,4/5/2010,DP: THOMAS AUSTERMAN FAIRCLOUGH STOLTZE
133313,4/5/2010,NR: GARA DOOGAN KELLY N.FOSTER
133313,4/5/2010,LETTER OF INTENT WITH FIN REPORT
133313,4/5/2010,FN1: INDETERMINATE(CED)
133313,4/6/2010,RULES TO CALENDAR 4/6/2010
133313,4/6/2010,READ THE SECOND TIME
133313,4/6/2010,FIN CS ADOPTED UNAN CONSENT
133313,4/6/2010,ADVANCED TO THIRD READING 4/7 CALENDAR
133313,4/7/2010,READ THE THIRD TIME CSHB 357(FIN)
133313,4/7/2010,PASSED Y34 N3 E2 A1
133313,4/7/2010,ADOPTED FIN LETTER OF INTENT UC
133313,4/7/2010,TRANSMITTED TO (S)
133313,4/7/2010,VERSION: CSHB 357(FIN)
133313,4/8/2010,READ THE FIRST TIME - REFERRALS
133313,4/8/2010,TRA FIN
133313,4/14/2010,TRA RPT 5DP
133313,4/14/2010,HOUSE LETTER OF INTENT WITH TRA REPORT
133313,4/14/2010,DP: KOOKESH MENARD DAVIS MEYER PASKVAN
133313,4/14/2010,FN1: INDETERMINATE(CED)
133313,4/18/2010,FIN RPT 6DP 1NR
133313,4/18/2010,HOUSE LETTER OF INTENT WITH FIN REPORT
133313,4/18/2010,DP: HOFFMAN STEDMAN HUGGINS THOMAS EGAN ELLIS
133313,4/18/2010,NR: OLSON
133313,4/18/2010,FN1: INDETERMINATE(CED)
133313,4/18/2010,RULES TO CALENDAR 4/18/2010
133313,4/18/2010,READ THE SECOND TIME
133313,4/18/2010,ADVANCED TO THIRD READING UNAN CONSENT
133313,4/18/2010,READ THE THIRD TIME CSHB 357(FIN)
133313,4/18/2010,PASSED Y20 N-
133313,4/18/2010,ADOPTED HOUSE LETTER OF INTENT Y18 N- A2
133313,4/18/2010,RETURN TO (H) TRANSMIT TO GOV NEXT
133313,4/18/2010,VERSION: CSHB 357(FIN)
133313,7/9/2010,MANIFEST ERROR(S)
133313,7/9/2010,2:35 PM 6/14/10 TRANSMITTED TO GOVERNOR
133313,7/9/2010,SIGNED INTO LAW 6/15 CHAPTER 78 SLA 10
133313,7/9/2010,EFFECTIVE DATE(S) OF LAW 9/13/10
133314,2/19/2010,READ THE FIRST TIME - REFERRALS
133314,2/19/2010,STA JUD
133314,2/19/2010,REFERRED TO STATE AFFAIRS
133314,2/23/2010,COSPONSOR(S): KERTTULA
133315,2/19/2010,READ THE FIRST TIME - REFERRALS
133315,2/19/2010,STA JUD
133315,2/19/2010,REFERRED TO STATE AFFAIRS
133316,2/19/2010,READ THE FIRST TIME - REFERRALS
133316,2/19/2010,EDC
133316,3/10/2010,EDC RPT CS(EDC) 4DP 2NR
133316,3/10/2010,DP: KELLER MUNOZ P.WILSON SEATON
133316,3/10/2010,NR: GARDNER EDGMON
133316,3/10/2010,FN1: ZERO(EED)
133316,3/12/2010,RULES TO CALENDAR 3/12/2010
133316,3/12/2010,READ THE SECOND TIME
133316,3/12/2010,EDC CS ADOPTED UNAN CONSENT
133316,3/12/2010,ADVANCED TO THIRD READING UNAN CONSENT
133316,3/12/2010,READ THE THIRD TIME CSHB 360(EDC)
133316,3/12/2010,PASSED Y34 N3 E3
133316,3/12/2010,COSPONSOR(S): LYNN CHENAULT
133316,3/12/2010,TRANSMITTED TO (S)
133316,3/12/2010,VERSION: CSHB 360(EDC)
133316,3/15/2010,READ THE FIRST TIME - REFERRALS
133316,3/15/2010,EDC
133316,4/5/2010,EDC RPT SCS 4DP 1NR SAME TITLE
133316,4/5/2010,DP: MEYER THOMAS HUGGINS DAVIS
133316,4/5/2010,NR: OLSON
133316,4/5/2010,FN1: ZERO(EED)
133316,4/6/2010,RULES TO CALENDAR 4/6/2010
133316,4/6/2010,READ THE SECOND TIME
133316,4/6/2010,EDC SCS ADOPTED UNAN CONSENT
133316,4/6/2010,ADVANCED TO THIRD READING UNAN CONSENT
133316,4/6/2010,READ THE THIRD TIME SCS CSHB 360(EDC)
133316,4/6/2010,PASSED Y19 N- E1
133316,4/6/2010,TRANSMITTED TO (H) AS AMENDED
133316,4/6/2010,VERSION: SCS CSHB 360(EDC)
133316,4/7/2010,HELD UNDER UNFINISHED BUSINESS
133316,4/18/2010,TAKE UP CONCUR
133316,4/18/2010,CONCUR AM OF (S) Y35 N3 A2
133316,7/9/2010,2:35 PM 6/14/10 TRANSMITTED TO GOVERNOR
133316,7/9/2010,SIGNED INTO LAW 6/25 CHAPTER 108 SLA 10
133316,7/9/2010,EFFECTIVE DATE(S) OF LAW 9/23/10
133317,2/23/2010,READ THE FIRST TIME - REFERRALS
133317,2/23/2010,CRA HSS
133317,3/10/2010,CRA RPT 5NR
133317,3/10/2010,NR: GARDNER KELLER HARRIS MUNOZ HERRON
133317,3/10/2010,FN1: (DPS)
133317,3/10/2010,FIN REFERRAL ADDED AFTER HSS
133317,3/31/2010,HSS RPT 5DP 2NR
133317,3/31/2010,DP: T.WILSON SEATON CISSNA LYNN HERRON
133317,3/31/2010,NR: HOLMES KELLER
133317,3/31/2010,FN1: (DPS)
133317,3/31/2010,REFERRED TO FINANCE
133318,2/23/2010,READ THE FIRST TIME - REFERRALS
133318,2/23/2010,RES FIN
133318,2/23/2010,REFERRED TO RESOURCES
133319,2/23/2010,READ THE FIRST TIME - REFERRALS
133319,2/23/2010,L&C
133319,3/23/2010,L&C RPT CS(L&C) 5DP 1NR
133319,3/23/2010,DP: NEUMAN LYNN BUCH T.WILSON OLSON
133319,3/23/2010,NR: HOLMES
133319,3/23/2010,FN1: (CED)
133319,3/23/2010,FIN REFERRAL ADDED
133319,4/8/2010,FIN RPT CS(FIN) 6DP 4NR
133319,4/8/2010,DP: THOMAS GARA AUSTERMAN KELLY N.FOSTER JOULE
133319,4/8/2010,NR: DOOGAN SALMON STOLTZE HAWKER
133319,4/8/2010,FN2: (CED)
133319,4/9/2010,RLS RPT CS(FIN) 4DP 2NR
133319,4/9/2010,DP: HERRON NEUMAN OLSON DAHLSTROM
133319,4/9/2010,NR: KERTTULA GARDNER
133319,4/9/2010,FN2: (CED)
133319,4/10/2010,RULES TO CALENDAR 4/10/2010
133319,4/10/2010,READ THE SECOND TIME
133319,4/10/2010,FIN CS ADOPTED UNAN CONSENT
133319,4/10/2010,ADVANCED TO THIRD READING UNAN CONSENT
133319,4/10/2010,READ THE THIRD TIME CSHB 363(FIN)
133319,4/10/2010,PASSED Y40
133319,4/10/2010,TRANSMITTED TO (S)
133319,4/10/2010,VERSION: CSHB 363(FIN)
133319,4/11/2010,READ THE FIRST TIME - REFERRALS
133319,4/11/2010,L&C FIN
133319,4/15/2010,L&C RPT 3DP
133319,4/15/2010,DP: PASKVAN MEYER DAVIS
133319,4/15/2010,FN2: (CED)
133319,4/18/2010,RULES TO CALENDAR 4/18/2010
133319,4/18/2010,MOVED TO BOTTOM OF CALENDAR
133319,4/18/2010,FIN RPT 6DP 1NR
133319,4/18/2010,DP: HOFFMAN STEDMAN HUGGINS THOMAS EGAN ELLIS
133319,4/18/2010,NR: OLSON
133319,4/18/2010,FN2: (CED)
133319,4/18/2010,READ THE SECOND TIME
133319,4/18/2010,ADVANCED TO THIRD READING UNAN CONSENT
133319,4/18/2010,READ THE THIRD TIME CSHB 363(FIN)
133319,4/18/2010,PASSED Y20 N-
133319,4/18/2010,RETURN TO (H) TRANSMIT TO GOV NEXT
133319,4/18/2010,VERSION: CSHB 363(FIN)
133319,7/9/2010,MANIFEST ERROR(S)
133319,7/9/2010,2:19 PM 6/7/10 TRANSMITTED TO GOVERNOR
133319,7/9/2010,SIGNED INTO LAW 6/11 CHAPTER 72 SLA 10
133319,7/9/2010,EFFECTIVE DATE(S) OF LAW 9/9/10
133320,2/23/2010,READ THE FIRST TIME - REFERRALS
133320,2/23/2010,TRA FIN
133320,2/23/2010,REFERRED TO TRANSPORTATION
133321,2/23/2010,READ THE FIRST TIME - REFERRALS
133321,2/23/2010,FSH RES
133321,3/1/2010,COSPONSOR(S): MUNOZ
133321,3/8/2010,COSPONSOR REMOVED: P. WILSON
133321,3/8/2010,COSPONSOR(S): JOHANSEN
133321,3/10/2010,COSPONSOR(S): KERTTULA
133321,3/17/2010,FSH RPT 3DP 3NR
133321,3/17/2010,DP: MILLETT BUCH EDGMON
133321,3/17/2010,NR: KAWASAKI KELLER MUNOZ
133321,3/17/2010,FN1: ZERO(DFG)
133321,3/17/2010,FN2: ZERO(REV)
133321,4/11/2010,RES RPT 4DP 1NR 2AM
133321,4/11/2010,DP: TUCK EDGMON P.WILSON JOHNSON
133321,4/11/2010,NR: OLSON
133321,4/11/2010,AM: KAWASAKI SEATON
133321,4/11/2010,LETTER OF INTENT WITH RES REPORT
133321,4/11/2010,FN1: ZERO(DFG)
133321,4/11/2010,FN2: ZERO(REV)
133321,4/12/2010,RULES TO CALENDAR 4/12/2010
133321,4/12/2010,READ THE SECOND TIME
133321,4/12/2010,ADVANCED TO THIRD READING UNAN CONSENT
133321,4/12/2010,READ THE THIRD TIME HB 365
133321,4/12/2010,PASSED Y34 A6
133321,4/12/2010,EFFECTIVE DATE(S) SAME AS PASSAGE
133321,4/12/2010,ADOPTED HOUSE LETTER OF INTENT UC
133321,4/12/2010,COSPONSOR(S): P.WILSON TUCK
133321,4/12/2010,TRANSMITTED TO (S)
133321,4/12/2010,VERSION: HB 365
133321,4/13/2010,READ THE FIRST TIME - REFERRALS
133321,4/13/2010,FIN
133321,4/18/2010,FIN RPT 3DP 4NR
133321,4/18/2010,HOUSE LETTER OF INTENT WITH FIN REPORT
133321,4/18/2010,DP: HOFFMAN STEDMAN EGAN
133321,4/18/2010,NR: HUGGINS THOMAS OLSON ELLIS
133321,4/18/2010,FN1: ZERO(DFG)
133321,4/18/2010,FN2: ZERO(REV)
133321,4/18/2010,RULES TO CALENDAR 4/18/2010
133321,4/18/2010,READ THE SECOND TIME
133321,4/18/2010,ADVANCED TO THIRD READING UNAN CONSENT
133321,4/18/2010,READ THE THIRD TIME HB 365
133321,4/18/2010,PASSED Y20 N-
133321,4/18/2010,EFFECTIVE DATE(S) SAME AS PASSAGE
133321,4/18/2010,ADOPTED HOUSE LETTER OF INTENT Y20 N-
133321,4/18/2010,RETURN TO (H) TRANSMIT TO GOV NEXT
133321,4/18/2010,VERSION: HB 365
133321,7/9/2010,2:19 PM 6/7/10 TRANSMITTED TO GOVERNOR
133321,7/9/2010,SIGNED INTO LAW 6/11 CHAPTER 74 SLA 10
133321,7/9/2010,EFFECTIVE DATE(S) OF LAW 6/12/10
133322,2/23/2010,READ THE FIRST TIME - REFERRALS
133322,2/23/2010,TRA JUD
133322,3/12/2010,TRA RPT CS(TRA) 5DP 1NR
133322,3/12/2010,DP: JOHNSON T.WILSON GRUENBERG PETERSEN P.WILSON
133322,3/12/2010,NR: JOHANSEN
133322,3/12/2010,FN1: ZERO(DOT)
133322,3/19/2010,COSPONSOR(S): GRUENBERG
133322,3/22/2010,JUD RPT CS(JUD) 7DP
133322,3/22/2010,DP: LYNN GRUENBERG HERRON DAHLSTROM HOLMES GATTO RAMRAS
133322,3/22/2010,FN1: ZERO(DOT)
133322,3/26/2010,RULES TO CALENDAR 3/26/2010
133322,3/26/2010,READ THE SECOND TIME
133322,3/26/2010,JUD CS ADOPTED UNAN CONSENT
133322,3/26/2010,ADVANCED TO THIRD READING UNAN CONSENT
133322,3/26/2010,READ THE THIRD TIME CSHB 366(JUD)
133322,3/26/2010,PASSED Y36 E4
133322,3/26/2010,TRANSMITTED TO (S)
133322,3/26/2010,VERSION: CSHB 366(JUD)
133322,3/29/2010,READ THE FIRST TIME - REFERRALS
133322,3/29/2010,TRA
133322,4/9/2010,TRA RPT 5DP
133322,4/9/2010,DP: KOOKESH MENARD DAVIS PASKVAN MEYER
133322,4/9/2010,FN1: ZERO(DOT)
133322,4/13/2010,RULES TO CALENDAR 4/13/2010
133322,4/13/2010,READ THE SECOND TIME
133322,4/13/2010,ADVANCED TO THIRD READING UNAN CONSENT
133322,4/13/2010,READ THE THIRD TIME CSHB 366(JUD)
133322,4/13/2010,PASSED Y20 N-
133322,4/13/2010,RETURN TO (H) TRANSMIT TO GOV NEXT
133322,4/13/2010,VERSION: CSHB 366(JUD)
133322,7/9/2010,MANIFEST ERROR(S)
133322,7/9/2010,2:15 PM 5/14/10 TRANSMITTED TO GOVERNOR
133322,7/9/2010,SIGNED INTO LAW 5/27 CHAPTER 21 SLA 10
133322,7/9/2010,EFFECTIVE DATE(S) OF LAW 8/25/10
133323,2/23/2010,READ THE FIRST TIME - REFERRALS
133323,2/23/2010,EDC FIN
133323,2/26/2010,COSPONSOR(S): RAMRAS
133323,3/29/2010,EDC RPT CS(EDC) 4DP 1NR 1AM
133323,3/29/2010,DP: MUNOZ EDGMON BUCH SEATON
133323,3/29/2010,NR: KELLER
133323,3/29/2010,AM: P.WILSON
133323,3/29/2010,FN1: INDETERMINATE(CED)
133323,3/29/2010,FN2: INDETERMINATE(REV)
133323,3/29/2010,REFERRED TO FINANCE
133324,2/23/2010,READ THE FIRST TIME - REFERRALS
133324,2/23/2010,EDC FIN
133324,2/23/2010,REFERRED TO EDUCATION
133325,2/23/2010,READ THE FIRST TIME - REFERRALS
133325,2/23/2010,RES FIN
133325,2/24/2010,COSPONSOR(S): RAMRAS
133325,2/26/2010,COSPONSOR(S): OLSON
133325,3/10/2010,COSPONSOR(S): JOHNSON
133325,3/11/2010,RES RPT CS(RES) NT 4DP 1NR 1AM
133325,3/11/2010,DP: OLSON P.WILSON JOHNSON NEUMAN
133325,3/11/2010,NR: SEATON
133325,3/11/2010,AM: KAWASAKI
133325,3/11/2010,FN1: INDETERMINATE(GOV)
133325,3/11/2010,FN2: (DOT)
133325,3/15/2010,COSPONSOR(S): AUSTERMAN
133325,3/24/2010,FIN RPT CS(FIN) NT 10DP
133325,3/24/2010,DP: THOMAS GARA DOOGAN JOULE KELLY AUSTERMAN N.FOSTER FAIRCLOUGH
133325,3/24/2010,STOLTZE HAWKER
133325,3/24/2010,FN3: (GOV)
133325,3/24/2010,RULES TO CALENDAR 3/24/2010
133325,3/24/2010,READ THE SECOND TIME
133325,3/24/2010,FIN CS ADOPTED UNAN CONSENT
133325,3/24/2010,AM NO 1 ADOPTED UNAN CONSENT
133325,3/24/2010,ADVANCED TO THIRD READING UNAN CONSENT
133325,3/24/2010,READ THE THIRD TIME CSHB 369(FIN) AM
133325,3/24/2010,PASSED Y38 E2
133325,3/24/2010,EFFECTIVE DATE(S) SAME AS PASSAGE
133325,3/24/2010,COSPONSOR(S): HAWKER PETERSEN LYNN NEUMAN MILLETT MUNOZ
133325,3/24/2010,TRANSMITTED TO (S)
133325,3/24/2010,VERSION: CSHB 369(FIN) AM
133325,3/25/2010,READ THE FIRST TIME - REFERRALS
133325,3/25/2010,RES FIN
133325,4/13/2010,RES RPT SCS 2DP 4NR NEW TITLE
133325,4/13/2010,TITLE CHANGE: SCR 21
133325,4/13/2010,DP: MCGUIRE HUGGINS
133325,4/13/2010,NR: WIELECHOWSKI STEVENS FRENCH WAGONER
133325,4/13/2010,FN4: (GOV)
133325,4/13/2010,CROSS SPONSOR(S): MCGUIRE HUGGINS PASKVAN MEYER THOMAS
133325,4/18/2010,RULES TO CALENDAR 4/18/2010
133325,4/18/2010,MOVED TO BOTTOM OF CALENDAR
133325,4/18/2010,FIN RPT SCS 6DP 1AM NEW TITLE
133325,4/18/2010,DP: HOFFMAN STEDMAN HUGGINS THOMAS EGAN ELLIS
133325,4/18/2010,AM: OLSON
133325,4/18/2010,FN4: (GOV)
133325,4/18/2010,FN5: (REV)
133325,4/18/2010,READ THE SECOND TIME
133325,4/18/2010,FIN SCS ADOPTED UNAN CONSENT
133325,4/18/2010,AM NO 1 FAILED Y9 N11
133325,4/18/2010,ADVANCED TO THIRD READING UNAN CONSENT
133325,4/18/2010,READ THE THIRD TIME SCS CSHB 369(FIN)
133325,4/18/2010,CROSS SPONSOR(S): WIELECHOWSKI MENARD
133325,4/18/2010,PASSED Y16 N4
133325,4/18/2010,EFFECTIVE DATE(S) SAME AS PASSAGE
133325,4/18/2010,TRANSMITTED TO (H) AS AMENDED
133325,4/18/2010,VERSION: SCS CSHB 369(FIN)
133325,4/18/2010,HELD UNDER UNFINISHED BUSINESS
133325,4/18/2010,TAKE UP CONCUR
133325,4/18/2010,CONCUR AM OF (S) Y40
133325,4/18/2010,EFFECTIVE DATE(S) SAME AS PASSAGE
133325,7/9/2010,MANIFEST ERROR(S)
133325,7/9/2010,1:48 PM 4/21/10 TRANSMITTED TO GOVERNOR
133325,7/9/2010,SIGNED INTO LAW 4/26 CHAPTER 7 SLA 10
133325,7/9/2010,EFFECTIVE DATE(S) OF LAW 4/27/10
133325,7/25/2011,REPORT RECEIVED 7/2011
133326,2/23/2010,READ THE FIRST TIME - REFERRALS
133326,2/23/2010,HSS FIN
133326,2/23/2010,REFERRED TO HEALTH & SOCIAL SERVICES
133327,2/23/2010,READ THE FIRST TIME - REFERRALS
133327,2/23/2010,HSS FIN
133327,2/23/2010,REFERRED TO HEALTH & SOCIAL SERVICES
133328,2/23/2010,READ THE FIRST TIME - REFERRALS
133328,2/23/2010,HSS FIN
133328,2/23/2010,REFERRED TO HEALTH & SOCIAL SERVICES
133329,2/23/2010,READ THE FIRST TIME - REFERRALS
133329,2/23/2010,HSS FIN
133329,2/23/2010,REFERRED TO HEALTH & SOCIAL SERVICES
133330,2/23/2010,READ THE FIRST TIME - REFERRALS
133330,2/23/2010,HSS FIN
133330,2/23/2010,REFERRED TO HEALTH & SOCIAL SERVICES
133331,2/23/2010,READ THE FIRST TIME - REFERRALS
133331,2/23/2010,HSS FIN
133331,2/23/2010,REFERRED TO HEALTH & SOCIAL SERVICES
133332,2/23/2010,READ THE FIRST TIME - REFERRALS
133332,2/23/2010,L&C FIN
133332,3/17/2010,L&C RPT 4DP 1NR
133332,3/17/2010,DP: LYNN HOLMES T.WILSON OLSON
133332,3/17/2010,NR: BUCH
133332,3/17/2010,FN1: (CED)
133332,3/29/2010,FIN RPT 8DP
133332,3/29/2010,DP: THOMAS N.FOSTER GARA JOULE FAIRCLOUGH KELLY STOLTZE HAWKER
133332,3/29/2010,FN1: (CED)
133332,3/30/2010,RULES TO CALENDAR 3/30/2010
133332,3/30/2010,READ THE SECOND TIME
133332,3/30/2010,ADVANCED TO THIRD READING UNAN CONSENT
133332,3/30/2010,READ THE THIRD TIME HB 376
133332,3/30/2010,PASSED Y39 A1
133332,3/30/2010,EFFECTIVE DATE(S) SAME AS PASSAGE
133332,3/30/2010,TRANSMITTED TO (S)
133332,3/30/2010,VERSION: HB 376
133332,3/31/2010,READ THE FIRST TIME - REFERRALS
133332,3/31/2010,L&C FIN
133332,4/11/2010,L&C RPT 4DP
133332,4/11/2010,DP: PASKVAN MEYER DAVIS BUNDE
133332,4/11/2010,FN1: (CED)
133332,4/16/2010,FIN RPT 6DP 1NR
133332,4/16/2010,DP: HOFFMAN STEDMAN HUGGINS THOMAS EGAN ELLIS
133332,4/16/2010,NR: OLSON
133332,4/16/2010,FN1: (CED)
133332,4/17/2010,RULES TO CALENDAR 4/17/2010
133332,4/17/2010,READ THE SECOND TIME
133332,4/17/2010,ADVANCED TO THIRD READING UNAN CONSENT
133332,4/17/2010,READ THE THIRD TIME HB 376
133332,4/17/2010,PASSED Y20 N-
133332,4/17/2010,EFFECTIVE DATE(S) SAME AS PASSAGE
133332,4/17/2010,RETURN TO (H) TRANSMIT TO GOV NEXT
133332,4/17/2010,VERSION: HB 376
133332,7/9/2010,2:13 PM 6/1/10 TRANSMITTED TO GOVERNOR
133332,7/9/2010,SIGNED INTO LAW 6/9 CHAPTER 55 SLA 10
133332,7/9/2010,EFFECTIVE DATE(S) OF LAW 6/10/10
133333,2/23/2010,READ THE FIRST TIME - REFERRALS
133333,2/23/2010,L&C
133333,3/22/2010,COSPONSOR(S): T.WILSON BUCH LYNN HOLMES
133333,3/23/2010,L&C RPT 5DP
133333,3/23/2010,DP: BUCH LYNN HOLMES T.WILSON OLSON
133333,3/23/2010,FN1: ZERO(LWF)
133333,3/24/2010,RULES TO CALENDAR 3/24/2010
133333,3/24/2010,READ THE SECOND TIME
133333,3/24/2010,ADVANCED TO THIRD READING UNAN CONSENT
133333,3/24/2010,READ THE THIRD TIME HB 377
133333,3/24/2010,PASSED Y37 E2 A1
133333,3/24/2010,COSPONSOR(S): KAWASAKI GARA JOULE NEUMAN HERRON RAMRAS THOMAS CHENAULT
133333,3/24/2010,PETERSEN
133333,3/24/2010,TRANSMITTED TO (S)
133333,3/24/2010,VERSION: HB 377
133333,3/25/2010,READ THE FIRST TIME - REFERRALS
133333,3/25/2010,L&C
133333,3/25/2010,CROSS SPONSOR(S): HUGGINS MEYER MCGUIRE EGAN ELLIS MENARD KOOKESH
133333,3/25/2010,PASKVAN
133333,3/31/2010,L&C RPT 5DP
133333,3/31/2010,DP: PASKVAN BUNDE DAVIS THOMAS MEYER
133333,3/31/2010,FN1: ZERO(LWF)
133333,4/2/2010,RULES TO CALENDAR 4/2/2010
133333,4/2/2010,READ THE SECOND TIME
133333,4/2/2010,ADVANCED TO THIRD READING UNAN CONSENT
133333,4/2/2010,READ THE THIRD TIME HB 377
133333,4/2/2010,PASSED Y19 N- E1
133333,4/2/2010,RETURN TO (H) TRANSMIT TO GOV NEXT
133333,4/2/2010,VERSION: HB 377
133333,4/14/2010,2:30 PM 4/14/10 TRANSMITTED TO GOVERNOR
133333,7/9/2010,SIGNED INTO LAW 4/30 CHAPTER 8 SLA 10
133333,7/9/2010,EFFECTIVE DATE(S) OF LAW 7/29/10
133334,2/23/2010,READ THE FIRST TIME - REFERRALS
133334,2/23/2010,RES FIN
133334,2/23/2010,REFERRED TO RESOURCES
133334,2/24/2010,COSPONSOR(S): RAMRAS
133335,2/23/2010,READ THE FIRST TIME - REFERRALS
133335,2/23/2010,RES
133335,2/23/2010,REFERRED TO RESOURCES
133336,2/23/2010,READ THE FIRST TIME - REFERRALS
133336,2/23/2010,TRA JUD FIN
133336,2/23/2010,REFERRED TO TRANSPORTATION
133337,2/23/2010,READ THE FIRST TIME - REFERRALS
133337,2/23/2010,JUD FIN
133337,2/24/2010,1ST COSPONSOR(S): STOLTZE
133337,3/8/2010,COSPONSOR(S): RAMRAS
133337,3/12/2010,COSPONSOR(S): T.WILSON OLSON
133337,3/17/2010,COSPONSOR(S): KELLY
133337,3/29/2010,JUD RPT CS(JUD) NT 3DP 1DNP 2NR
133337,3/29/2010,DP: LYNN GATTO RAMRAS
133337,3/29/2010,DNP: HOLMES
133337,3/29/2010,NR: GRUENBERG HERRON
133337,3/29/2010,FN1: ZERO(DPS)
133337,3/29/2010,FN2: (LAW)
133337,3/31/2010,COSPONSOR(S): MILLETT
133337,4/6/2010,COSPONSOR(S): HAWKER
133337,4/9/2010,FIN RPT CS(JUD) NT 6DP 1DNP 2NR
133337,4/9/2010,DP: THOMAS N.FOSTER KELLY SALMON STOLTZE HAWKER
133337,4/9/2010,DNP: DOOGAN
133337,4/9/2010,NR: GARA JOULE
133337,4/9/2010,FN1: ZERO(DPS)
133337,4/9/2010,FN3: INDETERMINATE(H.FIN/LAW)
133337,4/10/2010,RULES TO CALENDAR 4/10/2010
133337,4/10/2010,READ THE SECOND TIME
133337,4/10/2010,JUD CS ADOPTED UNAN CONSENT
133337,4/10/2010,ADVANCED TO THIRD READING 4/11 CALENDAR
133337,4/10/2010,COSPONSOR(S): JOHNSON DAHLSTROM LYNN CHENAULT
133337,4/11/2010,READ THE THIRD TIME CSHB 381(JUD)
133337,4/11/2010,PASSED Y33 N7
133337,4/11/2010,NEUMAN NOTICE OF RECONSIDERATION
133337,4/11/2010,RECON TAKEN UP SAME DAY FLD Y25 N15
133337,4/12/2010,RECON TAKEN UP - IN THIRD READING
133337,4/12/2010,PASSED ON RECONSIDERATION Y32 N8
133337,4/12/2010,TRANSMITTED TO (S)
133337,4/12/2010,VERSION: CSHB 381(JUD)
133337,4/13/2010,READ THE FIRST TIME - REFERRALS
133337,4/13/2010,JUD FIN
133337,4/17/2010,JUD RPT SCS FORTHCOMING 1DP 3NR
133337,4/17/2010,DP: MCGUIRE
133337,4/17/2010,NR: FRENCH WIELECHOWSKI EGAN
133337,4/17/2010,FN1: ZERO(DPS)
133337,4/17/2010,FN3: INDETERMINATE(H.FIN/LAW)
133337,4/17/2010,RETURNED TO JUD COMMITTEE
133337,4/18/2010,JUD RPT RESCINDED
133337,4/18/2010,JUD 2D RPT 4NR
133337,4/18/2010,NR: FRENCH COGHILL WIELECHOWSKI EGAN
133337,4/18/2010,FN1: ZERO(DPS)
133337,4/18/2010,FN3: INDETERMINATE(H.FIN/LAW)
133337,4/18/2010,REFERRED TO FINANCE
133337,4/18/2010,RULES TO CALENDAR PENDING REFERRAL
133337,4/18/2010,MOVED TO BOTTOM OF CALENDAR
133337,4/18/2010,IN FINANCE
133338,2/23/2010,READ THE FIRST TIME - REFERRALS
133338,2/23/2010,EDC FIN
133338,2/23/2010,REFERRED TO EDUCATION
133339,2/23/2010,READ THE FIRST TIME - REFERRALS
133339,2/23/2010,L&C RES FIN
133339,3/23/2010,L&C RPT 1DP 4NR 1AM
133339,3/23/2010,DP: T.WILSON
133339,3/23/2010,NR: LYNN BUCH HOLMES OLSON
133339,3/23/2010,AM: NEUMAN
133339,3/23/2010,FN1: (CED)
133339,3/23/2010,FN2: (DNR)
133339,3/23/2010,REFERRED TO RESOURCES
133340,2/23/2010,READ THE FIRST TIME - REFERRALS
133340,2/23/2010,L&C FIN
133340,2/23/2010,REFERRED TO LABOR & COMMERCE
133341,2/23/2010,READ THE FIRST TIME - REFERRALS
133341,2/23/2010,L&C FIN
133341,2/23/2010,REFERRED TO LABOR & COMMERCE
133342,2/23/2010,READ THE FIRST TIME - REFERRALS
133342,2/23/2010,JUD FIN
133342,3/19/2010,JUD RPT CS(JUD) 1DP 6NR
133342,3/19/2010,DP: GRUENBERG
133342,3/19/2010,NR: LYNN HERRON DAHLSTROM HOLMES GATTO RAMRAS
133342,3/19/2010,FN1: ZERO(CED)
133342,3/19/2010,FN2: ZERO(LAW)
133342,3/19/2010,FN3: ZERO(DPS)
133342,3/30/2010,FIN RPT CS(FIN) 9DP 1NR
133342,3/30/2010,DP: FAIRCLOUGH N.FOSTER THOMAS GARA DOOGAN JOULE KELLY STOLTZE HAWKER
133342,3/30/2010,NR: SALMON
133342,3/30/2010,FN1: ZERO(CED)
133342,3/30/2010,FN2: ZERO(LAW)
133342,3/30/2010,FN3: ZERO(DPS)
133342,3/31/2010,RULES TO CALENDAR 3/31/2010
133342,3/31/2010,READ THE SECOND TIME
133342,3/31/2010,FIN CS ADOPTED UNAN CONSENT
133342,3/31/2010,ADVANCED TO THIRD READING UNAN CONSENT
133342,3/31/2010,READ THE THIRD TIME CSHB 386(FIN)
133342,3/31/2010,PASSED Y37 E3
133342,3/31/2010,EFFECTIVE DATE(S) SAME AS PASSAGE
133342,3/31/2010,TRANSMITTED TO (S)
133342,3/31/2010,VERSION: CSHB 386(FIN)
133342,4/1/2010,READ THE FIRST TIME - REFERRALS
133342,4/1/2010,JUD
133342,4/9/2010,JUD RPT 1DP 3NR
133342,4/9/2010,DP: EGAN
133342,4/9/2010,NR: FRENCH COGHILL WIELECHOWSKI
133342,4/9/2010,FN1: ZERO(CED)
133342,4/9/2010,FN2: ZERO(LAW)
133342,4/9/2010,FN3: ZERO(DPS)
133342,4/13/2010,RULES TO CALENDAR 4/13/2010
133342,4/13/2010,READ THE SECOND TIME
133342,4/13/2010,ADVANCED TO THIRD READING UNAN CONSENT
133342,4/13/2010,READ THE THIRD TIME CSHB 386(FIN)
133342,4/13/2010,PASSED Y20 N-
133342,4/13/2010,EFFECTIVE DATE(S) SAME AS PASSAGE
133342,4/13/2010,RETURN TO (H) TRANSMIT TO GOV NEXT
133342,4/13/2010,VERSION: CSHB 386(FIN)
133342,7/9/2010,2:06 PM 5/27/10 TRANSMITTED TO GOVERNOR
133342,7/9/2010,SIGNED INTO LAW 6/1 CHAPTER 29 SLA 10
133342,7/9/2010,EFFECTIVE DATE(S) OF LAW SEE CHAPTER
133343,2/23/2010,READ THE FIRST TIME - REFERRALS
133343,2/23/2010,L&C FIN
133343,2/23/2010,REFERRED TO LABOR & COMMERCE
133343,2/24/2010,COSPONSOR(S): BUCH
133344,2/23/2010,READ THE FIRST TIME - REFERRALS
133344,2/23/2010,TRA STA
133344,2/23/2010,REFERRED TO TRANSPORTATION
133345,2/23/2010,READ THE FIRST TIME - REFERRALS
133345,2/23/2010,FSH RES
133345,3/23/2010,FSH RPT CS(FSH) NT 3DP 2NR
133345,3/23/2010,DP: MUNOZ BUCH EDGMON
133345,3/23/2010,NR: KAWASAKI KELLER
133345,3/23/2010,FN1: ZERO(CED)
133345,3/23/2010,RES REFERRAL REMOVED
133345,3/23/2010,L&C REFERRAL ADDED
133345,3/23/2010,REFERRED TO LABOR & COMMERCE
133346,2/23/2010,READ THE FIRST TIME - REFERRALS
133346,2/23/2010,ENE RES FIN
133346,2/23/2010,REFERRED TO ENERGY
133347,2/23/2010,READ THE FIRST TIME - REFERRALS
133347,2/23/2010,RES FIN
133347,2/23/2010,REFERRED TO RESOURCES
133348,2/23/2010,READ THE FIRST TIME - REFERRALS
133348,2/23/2010,HSS FIN
133348,3/30/2010,HSS RPT CS(HSS) 3DP 3NR
133348,3/30/2010,DP: SEATON LYNN HERRON
133348,3/30/2010,NR: HOLMES T.WILSON KELLER
133348,3/30/2010,FN1: (DHS)
133348,3/30/2010,REFERRED TO FINANCE
133348,4/8/2010,COSPONSOR(S): GARA
133348,4/12/2010,COSPONSOR(S): KAWASAKI
133349,2/23/2010,READ THE FIRST TIME - REFERRALS
133349,2/23/2010,EDC FIN
133349,4/1/2010,EDC RPT CS(EDC) 3DP 3NR
133349,4/1/2010,DP: KELLER MUNOZ SEATON
133349,4/1/2010,NR: P.WILSON GARDNER BUCH
133349,4/1/2010,FN1: (EED)
133349,4/1/2010,REFERRED TO FINANCE
133350,2/23/2010,READ THE FIRST TIME - REFERRALS
133350,2/23/2010,STA FIN
133350,3/19/2010,STA RPT CS(STA) 2DP 2NR 2AM
133350,3/19/2010,DP: GRUENBERG LYNN
133350,3/19/2010,NR: JOHNSON GATTO
133350,3/19/2010,AM: SEATON PETERSEN
133350,3/19/2010,FN1: ZERO(ADM)
133350,3/19/2010,FN2: INDETERMINATE(EED)
133350,3/19/2010,FN3: INDETERMINATE(LWF)
133350,3/19/2010,REFERRED TO FINANCE
133351,2/23/2010,READ THE FIRST TIME - REFERRALS
133351,2/23/2010,L&C JUD
133351,2/23/2010,REFERRED TO LABOR & COMMERCE
133352,2/23/2010,READ THE FIRST TIME - REFERRALS
133352,2/23/2010,STA JUD
133352,2/23/2010,REFERRED TO STATE AFFAIRS
133352,2/26/2010,COSPONSOR(S): GARDNER
133353,2/23/2010,READ THE FIRST TIME - REFERRALS
133353,2/23/2010,JUD FIN
133353,2/23/2010,REFERRED TO JUDICIARY
133354,2/23/2010,READ THE FIRST TIME - REFERRALS
133354,2/23/2010,RES FIN
133354,2/23/2010,REFERRED TO RESOURCES
133355,2/23/2010,READ THE FIRST TIME - REFERRALS
133355,2/23/2010,HSS FIN
133355,2/23/2010,REFERRED TO HEALTH & SOCIAL SERVICES
133356,2/23/2010,READ THE FIRST TIME - REFERRALS
133356,2/23/2010,STA FIN
133356,3/11/2010,STA RPT 7DP
133356,3/11/2010,DP: JOHNSON GATTO SEATON GRUENBERG P.WILSON PETERSEN LYNN
133356,3/11/2010,FN1: ZERO(ADM)
133356,3/11/2010,REFERRED TO FINANCE
133357,2/23/2010,READ THE FIRST TIME - REFERRALS
133357,2/23/2010,STA JUD
133357,2/23/2010,REFERRED TO STATE AFFAIRS
133358,2/23/2010,READ THE FIRST TIME - REFERRALS
133358,2/23/2010,HSS FIN
133358,2/23/2010,REFERRED TO HEALTH & SOCIAL SERVICES
133359,2/23/2010,READ THE FIRST TIME - REFERRALS
133359,2/23/2010,L&C JUD
133359,2/23/2010,REFERRED TO LABOR & COMMERCE
133360,2/23/2010,READ THE FIRST TIME - REFERRALS
133360,2/23/2010,CRA
133360,2/23/2010,REFERRED TO COMMUNITY & REGIONAL AFFAIRS
133361,2/23/2010,READ THE FIRST TIME - REFERRALS
133361,2/23/2010,HSS FIN
133361,2/23/2010,REFERRED TO HEALTH & SOCIAL SERVICES
133361,2/26/2010,COSPONSOR(S): GARDNER
133362,2/23/2010,READ THE FIRST TIME - REFERRALS
133362,2/23/2010,RES FIN
133362,2/23/2010,REFERRED TO RESOURCES
133363,2/23/2010,READ THE FIRST TIME - REFERRALS
133363,2/23/2010,RES FIN
133363,2/23/2010,REFERRED TO RESOURCES
133364,2/26/2010,READ THE FIRST TIME - REFERRALS
133364,2/26/2010,JUD FIN
133364,3/26/2010,JUD RPT CS(JUD) 2DP 2NR
133364,3/26/2010,DP: LYNN RAMRAS
133364,3/26/2010,NR: HERRON GATTO
133364,3/26/2010,FN1: ZERO(LAW)
133364,3/26/2010,FN2: ZERO(DPS)
133364,4/9/2010,FIN RPT CS(JUD) 9DP
133364,4/9/2010,DP: THOMAS GARA DOOGAN JOULE N.FOSTER KELLY SALMON STOLTZE HAWKER
133364,4/9/2010,FN1: ZERO(LAW)
133364,4/9/2010,FN2: ZERO(DPS)
133364,4/10/2010,RULES TO CALENDAR 4/10/2010
133364,4/10/2010,READ THE SECOND TIME
133364,4/10/2010,JUD CS ADOPTED UNAN CONSENT
133364,4/10/2010,ADVANCED TO THIRD READING UNAN CONSENT
133364,4/10/2010,READ THE THIRD TIME CSHB 408(JUD)
133364,4/10/2010,PASSED Y38 A2
133364,4/10/2010,TRANSMITTED TO (S)
133364,4/10/2010,VERSION: CSHB 408(JUD)
133364,4/11/2010,READ THE FIRST TIME - REFERRALS
133364,4/11/2010,JUD
133364,4/14/2010,JUD RPT 2DP 1NR
133364,4/14/2010,DP: FRENCH WIELECHOWSKI
133364,4/14/2010,NR: COGHILL
133364,4/14/2010,FN1: ZERO(LAW)
133364,4/14/2010,FN2: ZERO(DPS)
133364,4/15/2010,RULES TO CALENDAR 4/15/2010
133364,4/15/2010,READ THE SECOND TIME
133364,4/15/2010,ADVANCED TO THIRD READING UNAN CONSENT
133364,4/15/2010,READ THE THIRD TIME CSHB 408(JUD)
133364,4/15/2010,PASSED Y20 N-
133364,4/15/2010,RETURN TO (H) TRANSMIT TO GOV NEXT
133364,4/15/2010,VERSION: CSHB 408(JUD)
133364,7/9/2010,2:13 PM 6/1/10 TRANSMITTED TO GOVERNOR
133364,7/9/2010,SIGNED INTO LAW 6/22 CHAPTER 100 SLA 10
133364,7/9/2010,EFFECTIVE DATE(S) OF LAW 9/20/10
133365,2/26/2010,READ THE FIRST TIME - REFERRALS
133365,2/26/2010,STA JUD
133365,3/12/2010,STA RPT CS(STA) NT 4DP 3AM
133365,3/12/2010,DP: SEATON GRUENBERG PETERSEN LYNN
133365,3/12/2010,AM: JOHNSON GATTO P.WILSON
133365,3/12/2010,FN1: (ADM)
133365,3/12/2010,REFERRED TO JUDICIARY
133365,3/12/2010,FIN REFERRAL ADDED AFTER JUD
133366,2/26/2010,READ THE FIRST TIME - REFERRALS
133366,2/26/2010,L&C FIN
133366,2/26/2010,FN1: ZERO(CED)
133366,2/26/2010,FN2: ZERO(REV)
133366,2/26/2010,FN3: ZERO(DOT)
133366,2/26/2010,GOVERNOR'S TRANSMITTAL LETTER
133366,3/17/2010,L&C RPT 4DP 2NR
133366,3/17/2010,DP: LYNN NEUMAN BUCH OLSON
133366,3/17/2010,NR: T.WILSON HOLMES
133366,3/17/2010,FN1: ZERO(CED)
133366,3/17/2010,FN2: ZERO(REV)
133366,3/17/2010,FN3: ZERO(DOT)
133366,3/17/2010,REFERRED TO FINANCE
133367,2/26/2010,READ THE FIRST TIME - REFERRALS
133367,2/26/2010,ENE RES FIN
133367,2/26/2010,FN1: ZERO(CED)
133367,2/26/2010,FN2: ZERO(REV)
133367,2/26/2010,FN3: ZERO(DOT)
133367,2/26/2010,FN4: INDETERMINATE(CED)
133367,2/26/2010,GOVERNOR'S TRANSMITTAL LETTER
133367,3/8/2010,FN1: ZERO(CED) CORRECTED
133367,3/8/2010,FN4: INDETERMINATE(CED) CORRECTED
133367,3/17/2010,ENE RPT 6DP
133367,3/17/2010,DP: RAMRAS DAHLSTROM PETERSEN TUCK MILLETT EDGMON
133367,3/17/2010,FN1: ZERO(CED)
133367,3/17/2010,FN2: ZERO(REV)
133367,3/17/2010,FN3: ZERO(DOT)
133367,3/17/2010,FN4: INDETERMINATE(CED)
133367,3/17/2010,REFERRED TO RESOURCES
133368,2/26/2010,READ THE FIRST TIME - REFERRALS
133368,2/26/2010,L&C FIN
133368,2/26/2010,FN1: (CED)
133368,2/26/2010,GOVERNOR'S TRANSMITTAL LETTER
133368,3/8/2010,FN1: (CED) CORRECTED
133368,3/23/2010,L&C RPT 5DP 1NR
133368,3/23/2010,DP: LYNN NEUMAN HOLMES T.WILSON OLSON
133368,3/23/2010,NR: BUCH
133368,3/23/2010,FN1: (CED)
133368,4/12/2010,FIN RPT CS(FIN) NT 5DP 5NR 1AM
133368,4/12/2010,DP: THOMAS GARA AUSTERMAN N.FOSTER FAIRCLOUGH
133368,4/12/2010,NR: JOULE KELLY SALMON HAWKER STOLTZE
133368,4/12/2010,AM: DOOGAN
133368,4/12/2010,FN1: (CED)
133368,4/13/2010,RULES TO CALENDAR 4/13/2010
133368,4/13/2010,READ THE SECOND TIME
133368,4/13/2010,FIN CS ADOPTED UNAN CONSENT
133368,4/13/2010,ADVANCED TO THIRD READING UNAN CONSENT
133368,4/13/2010,READ THE THIRD TIME CSHB 412(FIN)
133368,4/13/2010,PASSED Y40
133368,4/13/2010,EFFECTIVE DATE(S) SAME AS PASSAGE
133368,4/13/2010,TRANSMITTED TO (S)
133368,4/13/2010,VERSION: CSHB 412(FIN)
133368,4/14/2010,READ THE FIRST TIME - REFERRALS
133368,4/14/2010,FIN
133368,4/14/2010,REFERRED TO FINANCE
133368,4/18/2010,RULES TO CALENDAR PENDING REFERRAL
133368,4/18/2010,MOVED TO BOTTOM OF CALENDAR
133368,4/18/2010,NOT TAKEN UP -- IN FINANCE
133369,3/10/2010,READ THE FIRST TIME - REFERRALS
133369,3/10/2010,EDC FIN
133369,3/15/2010,EDC RPT 6DP 1NR
133369,3/15/2010,DP: P.WILSON EDGMON BUCH MUNOZ KELLER SEATON
133369,3/15/2010,NR: GARDNER
133369,3/15/2010,FN1: (EED)
133369,3/15/2010,REFERRED TO FINANCE
133370,3/10/2010,READ THE FIRST TIME - REFERRALS
133370,3/10/2010,RES FIN
133370,3/10/2010,REFERRED TO RESOURCES
133371,3/15/2010,READ THE FIRST TIME - REFERRALS
133371,3/15/2010,L&C JUD
133371,3/15/2010,REFERRED TO LABOR & COMMERCE
133372,3/17/2010,READ THE FIRST TIME - REFERRALS
133372,3/17/2010,L&C FIN
133372,4/6/2010,L&C RPT 3DP 2NR
133372,4/6/2010,DP: LYNN HOLMES OLSON
133372,4/6/2010,NR: BUCH T.WILSON
133372,4/6/2010,FN1: ZERO(LAW)
133372,4/6/2010,FN2: ZERO(UA)
133372,4/11/2010,FIN RPT 11DP
133372,4/11/2010,DP: THOMAS GARA DOOGAN AUSTERMAN JOULE N.FOSTER KELLY FAIRCLOUGH
133372,4/11/2010,SALMON STOLTZE HAWKER
133372,4/11/2010,FN1: ZERO(LAW)
133372,4/11/2010,FN2: ZERO(UA)
133372,4/12/2010,RULES TO CALENDAR 4/12/2010
133372,4/12/2010,READ THE SECOND TIME
133372,4/12/2010,ADVANCED TO THIRD READING UNAN CONSENT
133372,4/12/2010,READ THE THIRD TIME HB 416
133372,4/12/2010,PASSED Y37 A3
133372,4/12/2010,TRANSMITTED TO (S)
133372,4/12/2010,VERSION: HB 416
133372,4/13/2010,READ THE FIRST TIME - REFERRALS
133372,4/13/2010,FIN
133372,4/18/2010,FIN RPT 5DP 1NR
133372,4/18/2010,DP: HOFFMAN STEDMAN THOMAS EGAN ELLIS
133372,4/18/2010,NR: OLSON
133372,4/18/2010,FN1: ZERO(LAW)
133372,4/18/2010,FN2: ZERO(UA)
133372,4/18/2010,RULES TO CALENDAR 4/18/2010
133372,4/18/2010,READ THE SECOND TIME
133372,4/18/2010,ADVANCED TO THIRD READING UNAN CONSENT
133372,4/18/2010,READ THE THIRD TIME HB 416
133372,4/18/2010,PASSED Y20 N-
133372,4/18/2010,RETURN TO (H) TRANSMIT TO GOV NEXT
133372,4/18/2010,VERSION: HB 416
133372,7/9/2010,2:19 PM 6/7/10 TRANSMITTED TO GOVERNOR
133372,7/9/2010,SIGNED INTO LAW 6/10 CHAPTER 66 SLA 10
133372,7/9/2010,EFFECTIVE DATE(S) OF LAW 9/8/10
133373,3/19/2010,READ THE FIRST TIME - REFERRALS
133373,3/19/2010,HSS
133373,3/19/2010,REFERRED TO HEALTH & SOCIAL SERVICES
133374,3/19/2010,READ THE FIRST TIME - REFERRALS
133374,3/19/2010,CRA
133374,3/19/2010,REFERRED TO COMMUNITY & REGIONAL AFFAIRS
133374,4/7/2010,FIN REFERRAL ADDED AFTER CRA
133375,3/19/2010,READ THE FIRST TIME - REFERRALS
133375,3/19/2010,L&C
133375,3/29/2010,L&C RPT 6DP
133375,3/29/2010,DP: LYNN NEUMAN CHENAULT HOLMES T.WILSON OLSON
133375,3/29/2010,FN1: (CED)
133375,3/29/2010,FIN REFERRAL ADDED
133375,3/29/2010,REFERRED TO FINANCE
133376,3/24/2010,READ THE FIRST TIME - REFERRALS
133376,3/24/2010,STA FIN
133376,3/24/2010,REFERRED TO STATE AFFAIRS
133377,3/26/2010,READ THE FIRST TIME - REFERRALS
133377,3/26/2010,FIN
133377,3/26/2010,FN1: (ADM/ALL DEPTS)
133377,3/26/2010,GOVERNOR'S TRANSMITTAL LETTER
133377,4/14/2010,FIN RPT 10DP 1NR
133377,4/14/2010,DP: THOMAS GARA DOOGAN JOULE KELLY AUSTERMAN N.FOSTER SALMON
133377,4/14/2010,FAIRCLOUGH HAWKER
133377,4/14/2010,NR: STOLTZE
133377,4/14/2010,FN2: (CRT)
133377,4/14/2010,FN3: (GOV)
133377,4/14/2010,FN4: (LEG)
133377,4/15/2010,RULES TO CALENDAR 4/15/2010
133377,4/15/2010,READ THE SECOND TIME
133377,4/15/2010,ADVANCED TO THIRD READING UNAN CONSENT
133377,4/15/2010,READ THE THIRD TIME HB 421
133377,4/15/2010,PASSED Y37 N1 A2
133377,4/15/2010,EFFECTIVE DATE(S) SAME AS PASSAGE
133377,4/15/2010,TRANSMITTED TO (S)
133377,4/15/2010,VERSION: HB 421
133377,4/16/2010,READ THE FIRST TIME - REFERRALS
133377,4/16/2010,FIN
133377,4/18/2010,FIN RPT 5DP 2NR
133377,4/18/2010,DP: HOFFMAN HUGGINS THOMAS EGAN ELLIS
133377,4/18/2010,NR: STEDMAN OLSON
133377,4/18/2010,FN2: (CRT)
133377,4/18/2010,FN3: (GOV)
133377,4/18/2010,FN4: (LEG)
133377,4/18/2010,RULES TO CALENDAR 4/18/2010
133377,4/18/2010,READ THE SECOND TIME
133377,4/18/2010,ADVANCED TO THIRD READING UNAN CONSENT
133377,4/18/2010,READ THE THIRD TIME HB 421
133377,4/18/2010,PASSED Y20 N-
133377,4/18/2010,EFFECTIVE DATE(S) SAME AS PASSAGE
133377,4/18/2010,RETURN TO (H) TRANSMIT TO GOV NEXT
133377,4/18/2010,VERSION: HB 421
133377,7/9/2010,2:13 PM 6/1/10 TRANSMITTED TO GOVERNOR
133377,7/9/2010,SIGNED INTO LAW 6/9 CHAPTER 56 SLA 10
133377,7/9/2010,EFFECTIVE DATE(S) OF LAW 7/1/10
133378,3/26/2010,READ THE FIRST TIME - REFERRALS
133378,3/26/2010,FIN
133378,3/26/2010,FN1: (CED)
133378,3/26/2010,FN2: (REV)
133378,3/26/2010,FN3: (REV)
133378,3/26/2010,GOVERNOR'S TRANSMITTAL LETTER
133378,3/26/2010,REFERRED TO FINANCE
133379,3/31/2010,READ THE FIRST TIME - REFERRALS
133379,3/31/2010,HSS JUD
133379,4/9/2010,HSS RPT CS(HSS) NT 3DP 4DNP
133379,4/9/2010,DP: T.WILSON LYNN KELLER
133379,4/9/2010,DNP: HOLMES SEATON CISSNA HERRON
133379,4/9/2010,FN1: INDETERMINATE(LAW)
133379,4/9/2010,FIN REFERRAL ADDED AFTER JUD
133379,4/12/2010,JUD RPT CS(HSS) NT 4DP 2DNP 1NR
133379,4/12/2010,DP: LYNN DAHLSTROM GATTO RAMRAS
133379,4/12/2010,DNP: HERRON HOLMES
133379,4/12/2010,NR: GRUENBERG
133379,4/12/2010,FN2: INDETERMINATE(LAW)
133379,4/12/2010,REFERRED TO FINANCE
133380,4/7/2010,READ THE FIRST TIME - REFERRALS
133380,4/7/2010,FIN
133380,4/11/2010,FIN RPT CS(FIN) NT 8DP 3NR
133380,4/11/2010,DP: THOMAS JOULE KELLY AUSTERMAN N.FOSTER FAIRCLOUGH STOLTZE HAWKER
133380,4/11/2010,NR: GARA DOOGAN SALMON
133380,4/11/2010,FN1: (REV)
133380,4/11/2010,RULES TO 1ST SUP CALENDAR 4/11/2010
133380,4/11/2010,READ THE SECOND TIME
133380,4/11/2010,FIN CS ADOPTED UNAN CONSENT
133380,4/11/2010,ADVANCED TO THIRD READING 4/12 CALENDAR
133380,4/12/2010,MOVED TO BOTTOM OF CALENDAR
133380,4/12/2010,READ THE THIRD TIME CSHB 424(FIN)
133380,4/12/2010,RETURN TO SECOND FOR AM 1 UNAN CONSENT
133380,4/12/2010,AM NO 1 ADOPTED UNAN CONSENT
133380,4/12/2010,AUTOMATICALLY IN THIRD READING
133380,4/12/2010,PASSED Y40
133380,4/12/2010,EFFECTIVE DATE(S) SAME AS PASSAGE
133380,4/12/2010,TRANSMITTED TO (S)
133380,4/12/2010,VERSION: CSHB 424(FIN) AM
133380,4/13/2010,READ THE FIRST TIME - REFERRALS
133380,4/13/2010,FIN
133380,4/18/2010,RULES TO CALENDAR 4/18/2010
133380,4/18/2010,MOVED TO BOTTOM OF CALENDAR
133380,4/18/2010,FIN RPT SCS 6DP 1NR SAME TITLE
133380,4/18/2010,DP: HOFFMAN STEDMAN HUGGINS THOMAS EGAN ELLIS
133380,4/18/2010,NR: OLSON
133380,4/18/2010,FN2: (REV)
133380,4/18/2010,READ THE SECOND TIME
133380,4/18/2010,FIN SCS ADOPTED UNAN CONSENT
133380,4/18/2010,ADVANCED TO THIRD READING UNAN CONSENT
133380,4/18/2010,READ THE THIRD TIME SCS CSHB 424(FIN)
133380,4/18/2010,PASSED Y20 N-
133380,4/18/2010,EFFECTIVE DATE(S) SAME AS PASSAGE
133380,4/18/2010,TRANSMITTED TO (H) AS AMENDED
133380,4/18/2010,VERSION: SCS CSHB 424(FIN)
133380,4/18/2010,CONCUR MESSAGE
133380,4/18/2010,CONCUR AM OF (S) Y40
133380,4/18/2010,EFFECTIVE DATE(S) SAME AS PASSAGE
133380,7/9/2010,MANIFEST ERROR(S)
133380,7/9/2010,2:35 PM 6/14/10 TRANSMITTED TO GOVERNOR
133380,7/9/2010,SIGNED INTO LAW 6/21 CHAPTER 95 SLA 10
133380,7/9/2010,EFFECTIVE DATE(S) OF LAW 6/22/10
133381,4/7/2010,READ THE FIRST TIME - REFERRALS
133381,4/7/2010,HSS FIN
133381,4/7/2010,REFERRED TO HEALTH & SOCIAL SERVICES
133382,4/12/2010,READ THE FIRST TIME - REFERRALS
133382,4/12/2010,FIN
133382,4/13/2010,FIN RPT 8DP
133382,4/13/2010,DP: THOMAS FAIRCLOUGH SALMON GARA DOOGAN AUSTERMAN KELLY HAWKER
133382,4/13/2010,FN1: (REV)
133382,4/13/2010,RULES TO CALENDAR 4/13/2010
133382,4/13/2010,READ THE SECOND TIME
133382,4/13/2010,ADVANCED TO THIRD READING UNAN CONSENT
133382,4/13/2010,READ THE THIRD TIME HB 426
133382,4/13/2010,PASSED Y39 N1
133382,4/13/2010,EFFECTIVE DATE(S) SAME AS PASSAGE
133382,4/13/2010,TRANSMITTED TO (S)
133382,4/13/2010,VERSION: HB 426
133382,4/14/2010,READ THE FIRST TIME - REFERRALS
133382,4/14/2010,FIN
133382,4/14/2010,REFERRED TO FINANCE
133383,1/20/2009,READ THE FIRST TIME - REFERRALS
133383,1/20/2009,L&C
133383,3/23/2009,L&C RPT CS(L&C) NT 2DP 2NR
133383,3/23/2009,DP: LYNN OLSON
133383,3/23/2009,NR: COGHILL HOLMES
133383,3/23/2009,FN1: ZERO(H.L&C)
133383,4/15/2009,COSPONSOR(S): P.WILSON
133383,4/16/2009,RULES TO CALENDAR 4/16/2009
133383,4/16/2009,READ THE SECOND TIME
133383,4/16/2009,L&C CS ADOPTED UNAN CONSENT
133383,4/16/2009,PASSED Y34 N6
133383,4/16/2009,TRANSMITTED TO (S)
133383,4/16/2009,VERSION: CSHCR 1(L&C)
133383,4/17/2009,READ THE FIRST TIME - HELD ON SECY'S DESK
133383,4/19/2009,READ THE SECOND TIME
133383,4/19/2009,BEFORE THE SENATE ON FINAL PASSAGE
133383,4/19/2009,PASSED Y19 N- V1
133383,4/19/2009,RETURN TO (H) TRANSMIT TO GOV NEXT
133383,4/19/2009,VERSION: CSHCR 1(L&C)
133383,8/5/2009,4:45 PM 5/27/09 TRANSMITTED TO GOVERNOR
133383,8/5/2009,PERMANENTLY FILED 6/8 LEGIS RESOLVE 21
133384,1/21/2009,READ THE FIRST TIME - REFERRALS
133384,1/21/2009,ENE RES
133384,1/22/2009,COSPONSOR(S): HAWKER
133384,2/4/2009,ENE RPT 6DP 1NR
133384,2/4/2009,DP: RAMRAS PETERSEN DAHLSTROM TUCK EDGMON MILLETT
133384,2/4/2009,NR: JOHANSEN
133384,2/4/2009,COSPONSOR(S): DAHLSTROM
133384,2/6/2009,RES RPT CS(RES) NT 4DP 1NR 2AM
133384,2/6/2009,DP: OLSON GUTTENBERG JOHNSON NEUMAN
133384,2/6/2009,NR: P.WILSON
133384,2/6/2009,AM: TUCK KAWASAKI
133384,2/9/2009,RULES TO CALENDAR 2/9/2009
133384,2/9/2009,READ THE SECOND TIME
133384,2/9/2009,RES CS ADOPTED UNAN CONSENT
133384,2/9/2009,AM NO 1 ADOPTED UNAN CONSENT
133384,2/9/2009,AM NO 2 ADOPTED UNAN CONSENT
133384,2/9/2009,AM NO 3 ADOPTED UNAN CONSENT
133384,2/9/2009,...CHANGES TITLE OF LEGISLATION
133384,2/9/2009,AM NO 4 NOT OFFERED
133384,2/9/2009,PASSED Y33 E5 A2
133384,2/9/2009,TRANSMITTED TO (S)
133384,2/9/2009,VERSION: CSHCR 2(RES) AM
133384,2/11/2009,READ THE FIRST TIME - REFERRALS
133384,2/11/2009,ENE RES
133384,2/11/2009,CROSS SPONSOR(S): THERRIAULT MCGUIRE MEYER HUGGINS STEVENS
133384,2/19/2009,FIN REFERRAL ADDED AFTER RES
133384,3/2/2009,ENE RPT 1DP 2NR
133384,3/2/2009,DP: MCGUIRE
133384,3/2/2009,NR: WIELECHOWSKI STEDMAN
133384,3/25/2009,CROSS SPONSOR(S): WAGONER BUNDE
133384,3/30/2009,RES RPT SCS 5DP NEW TITLE
133384,3/30/2009,DP: MCGUIRE WIELECHOWSKI STEVENS HUGGINS FRENCH
133384,4/14/2009,FIN RPT SCS(RES) 3DP 2NR 1AM
133384,4/14/2009,DP: STEDMAN HUGGINS THOMAS
133384,4/14/2009,NR: HOFFMAN OLSON
133384,4/14/2009,AM: ELLIS
133384,4/15/2009,RETURNED TO FIN COMMITTEE
133384,2/1/2010,COSPONSOR(S): NEUMAN
133384,3/30/2010,FIN RPT SCS 6DP NEW TITLE
133384,3/30/2010,DP: HOFFMAN STEDMAN HUGGINS THOMAS EGAN ELLIS
133384,3/30/2010,FN1: ZERO(S.FIN/ALL)
133384,4/5/2010,RULES TO CALENDAR 4/5/2010
133384,4/5/2010,READ THE SECOND TIME
133384,4/5/2010,FIN SCS ADOPTED UNAN CONSENT
133384,4/5/2010,BEFORE THE SENATE ON FINAL PASSAGE
133384,4/5/2010,PASSED Y17 N3
133384,4/5/2010,TRANSMITTED TO (H) AS AMENDED
133384,4/5/2010,VERSION: SCS CSHCR 2(FIN)
133384,4/6/2010,HELD UNDER UNFINISHED BUSINESS
133384,4/13/2010,TAKE UP CONCUR
133384,4/13/2010,CONCUR AM OF (S) Y39 E1
133384,4/13/2010,COSPONSOR(S): OLSON
133384,7/9/2010,3:00 PM 5/20/10 TRANSMITTED TO GOVERNOR
133384,8/27/2010,PERMANENTLY FILED 8/3 LEGIS RESOLVE 41
133385,1/21/2009,READ THE FIRST TIME - REFERRALS
133385,1/21/2009,ENE RES
133385,1/22/2009,COSPONSOR(S): HAWKER
133385,2/4/2009,ENE RPT 6DP 1NR
133385,2/4/2009,DP: PETERSEN DAHLSTROM RAMRAS TUCK EDGMON MILLETT
133385,2/4/2009,NR: JOHANSEN
133385,2/4/2009,COSPONSOR(S): DAHLSTROM
133385,2/6/2009,RES RPT 4DP 1NR 1AM
133385,2/6/2009,DP: OLSON TUCK JOHNSON NEUMAN
133385,2/6/2009,NR: P.WILSON
133385,2/6/2009,AM: KAWASAKI
133385,2/9/2009,RULES TO CALENDAR 2/9/2009
133385,2/9/2009,READ THE SECOND TIME
133385,2/9/2009,AM NO 1 ADOPTED UNAN CONSENT
133385,2/9/2009,AM NO 2 NOT OFFERED
133385,2/9/2009,AM NO 3 ADOPTED UNAN CONSENT
133385,2/9/2009,PASSED Y33 E5 A2
133385,2/9/2009,TRANSMITTED TO (S)
133385,2/9/2009,VERSION: HCR 3 AM
133385,2/11/2009,READ THE FIRST TIME - REFERRALS
133385,2/11/2009,ENE RES
133385,2/11/2009,CROSS SPONSOR(S): THERRIAULT MCGUIRE MEYER HUGGINS STEVENS
133385,2/19/2009,FIN REFERRAL ADDED AFTER RES
133385,3/2/2009,ENE RPT 1DP 2NR
133385,3/2/2009,DP: MCGUIRE
133385,3/2/2009,NR: WIELECHOWSKI STEDMAN
133385,3/2/2009,REFERRED TO RESOURCES
133385,3/25/2009,CROSS SPONSOR(S): WAGONER BUNDE
133386,1/21/2009,READ THE FIRST TIME - REFERRALS
133386,1/21/2009,ENE RES
133386,1/22/2009,COSPONSOR(S): HAWKER
133386,2/4/2009,ENE RPT 6DP 1NR
133386,2/4/2009,DP: TUCK DAHLSTROM PETERSEN RAMRAS MILLETT EDGMON
133386,2/4/2009,NR: JOHANSEN
133386,2/4/2009,COSPONSOR(S): DAHLSTROM
133386,2/6/2009,RES RPT 3DP 2NR 1AM
133386,2/6/2009,DP: TUCK JOHNSON NEUMAN
133386,2/6/2009,NR: OLSON P.WILSON
133386,2/6/2009,AM: KAWASAKI
133386,2/9/2009,RULES TO CALENDAR 2/9/2009
133386,2/9/2009,READ THE SECOND TIME
133386,2/9/2009,AM NO 1 ADOPTED Y29 N3 E5 A3
133386,2/9/2009,AM NO 2 ADOPTED UNAN CONSENT
133386,2/9/2009,...CHANGES TITLE OF LEGISLATION
133386,2/9/2009,PASSED Y28 N6 E5 A1
133386,2/9/2009,TRANSMITTED TO (S)
133386,2/9/2009,VERSION: HCR 4 AM
133386,2/11/2009,READ THE FIRST TIME - REFERRALS
133386,2/11/2009,ENE RES
133386,2/11/2009,CROSS SPONSOR(S): THERRIAULT MCGUIRE MEYER HUGGINS STEVENS
133386,2/19/2009,FIN REFERRAL ADDED AFTER RES
133386,3/2/2009,ENE RPT 1DP 2NR
133386,3/2/2009,DP: MCGUIRE
133386,3/2/2009,NR: WIELECHOWSKI STEDMAN
133386,3/2/2009,REFERRED TO RESOURCES
133386,3/25/2009,CROSS SPONSOR(S): WAGONER BUNDE
133387,1/21/2009,READ THE FIRST TIME - REFERRALS
133387,1/21/2009,ENE RES
133387,1/22/2009,COSPONSOR(S): HAWKER
133387,2/4/2009,ENE RPT 6DP 1NR
133387,2/4/2009,DP: TUCK PETERSEN DAHLSTROM RAMRAS MILLETT EDGMON
133387,2/4/2009,NR: JOHANSEN
133387,2/4/2009,COSPONSOR(S): DAHLSTROM
133387,2/6/2009,RES RPT 4DP 1NR 1AM
133387,2/6/2009,DP: OLSON TUCK JOHNSON NEUMAN
133387,2/6/2009,NR: P.WILSON
133387,2/6/2009,AM: KAWASAKI
133387,2/9/2009,RULES TO CALENDAR 2/9/2009
133387,2/9/2009,READ THE SECOND TIME
133387,2/9/2009,AM NO 1 ADOPTED Y29 N4 E5 A2
133387,2/9/2009,AM NO 2 ADOPTED UNAN CONSENT
133387,2/9/2009,...CHANGES TITLE OF LEGISLATION
133387,2/9/2009,PASSED Y29 N4 E5 A2
133387,2/9/2009,TRANSMITTED TO (S)
133387,2/9/2009,VERSION: HCR 5 AM
133387,2/11/2009,READ THE FIRST TIME - REFERRALS
133387,2/11/2009,ENE RES
133387,2/11/2009,CROSS SPONSOR(S): THERRIAULT MCGUIRE MEYER HUGGINS STEVENS
133387,2/19/2009,FIN REFERRAL ADDED AFTER RES
133387,3/2/2009,ENE RPT 1DP 2NR
133387,3/2/2009,DP: MCGUIRE
133387,3/2/2009,NR: WIELECHOWSKI STEDMAN
133387,3/2/2009,REFERRED TO RESOURCES
133387,3/25/2009,CROSS SPONSOR(S): WAGONER BUNDE
133388,2/2/2009,READ THE FIRST TIME - REFERRALS
133388,2/2/2009,FSH RES FIN
133388,2/2/2009,REFERRED TO FISHERIES
133389,2/11/2009,READ THE FIRST TIME - REFERRALS
133389,2/11/2009,MLV
133389,2/25/2009,MLV RPT 6DP
133389,2/25/2009,DP: LYNN KAWASAKI OLSON HARRIS BUCH GATTO
133389,2/25/2009,FN1: ZERO(H.MLV)
133389,2/25/2009,RULES TO CALENDAR 2/25/2009
133389,2/25/2009,MOVED TO BOTTOM OF CALENDAR
133389,2/25/2009,READ THE SECOND TIME
133389,2/25/2009,AM NO 1 ADOPTED UNAN CONSENT
133389,2/25/2009,COSPONSOR(S): ALL MEMBERS UNAN CONSENT
133389,2/25/2009,PASSED Y33 E1 A6
133389,2/25/2009,ENGROSSED AND SIGNED
133389,2/27/2009,TRANSMITTED TO (S)
133389,2/27/2009,VERSION: HCR 7 AM
133389,3/2/2009,READ THE FIRST TIME - REFERRALS
133389,3/2/2009,STA
133389,3/2/2009,CROSS SPONSOR(S): WIELECHOWSKI
133389,3/11/2009,STA WAIVED PUBLIC HEARING NOTICE RULE 23
133389,3/13/2009,STA RPT SCS 5DP SAME TITLE
133389,3/13/2009,DP: MENARD FRENCH MEYER PASKVAN KOOKESH
133389,3/13/2009,FN1: ZERO(H.MLV)
133389,3/16/2009,RULES TO CALENDAR 3/16/2009
133389,3/16/2009,READ THE SECOND TIME
133389,3/16/2009,STA SCS ADOPTED UNAN CONSENT
133389,3/16/2009,CROSS SPONSOR(S): THERRIAULT FRENCH WAGONER BUNDE THOMAS DYSON DAVIS
133389,3/16/2009,ELLIS MENARD MEYER PASKVAN HUGGINS STEVENS MCGUIRE
133389,3/16/2009,PASSED Y18 N- A1 V1
133389,3/16/2009,TRANSMITTED TO (H) AS AMENDED
133389,3/16/2009,VERSION: SCS HCR 7(STA)
133389,3/18/2009,HELD UNDER UNFINISHED BUSINESS
133389,4/3/2009,CONCUR AM OF (S) Y36 E4
133389,4/10/2009,10:00 AM 4/9/09 TRANSMITTED TO GOVERNOR
133389,8/5/2009,PERMANENTLY FILED 6/2 LEGIS RESOLVE 7
133390,2/13/2009,READ THE FIRST TIME - REFERRALS
133390,2/13/2009,STA
133390,2/13/2009,REFERRED TO STATE AFFAIRS
133391,2/25/2009,READ THE FIRST TIME - REFERRALS
133391,2/25/2009,HSS FIN
133391,2/25/2009,REFERRED TO HEALTH & SOCIAL SERVICES
133392,2/27/2009,READ THE FIRST TIME - REFERRALS
133392,2/27/2009,RES
133392,3/2/2009,COSPONSOR(S): KELLY
133392,3/30/2009,COSPONSOR(S): MILLETT NEUMAN OLSON JOHNSON
133392,4/1/2009,RES RPT CS(RES) NT 6DP 1NR
133392,4/1/2009,DP: OLSON TUCK SEATON P.WILSON JOHNSON NEUMAN
133392,4/1/2009,NR: GUTTENBERG
133392,4/1/2009,FN1: ZERO(H.RES)
133392,4/1/2009,COSPONSOR(S): P.WILSON
133392,4/8/2009,RULES TO CALENDAR 4/8/2009
133392,4/8/2009,READ THE SECOND TIME
133392,4/8/2009,RES CS ADOPTED UNAN CONSENT
133392,4/8/2009,HELD TO 4/10 CALENDAR
133392,4/10/2009,BEFORE THE HOUSE
133392,4/10/2009,PASSED Y37 N1 A2
133392,4/10/2009,TRANSMITTED TO (S)
133392,4/10/2009,VERSION: CSHCR 10(RES)
133392,4/11/2009,READ THE FIRST TIME - REFERRALS
133392,4/11/2009,RES
133392,4/10/2010,RES RPT 3DP 2NR
133392,4/10/2010,DP: MCGUIRE STEVENS WAGONER
133392,4/10/2010,NR: WIELECHOWSKI FRENCH
133392,4/10/2010,FN2: ZERO(S.RES)
133392,4/14/2010,RULES TO CALENDAR 4/14/2010
133392,4/14/2010,READ THE SECOND TIME
133392,4/14/2010,BEFORE THE SENATE ON FINAL PASSAGE
133392,4/14/2010,PASSED Y20 N-
133392,4/14/2010,RETURN TO (H) TRANSMIT TO GOV NEXT
133392,4/14/2010,VERSION: CSHCR 10(RES)
133392,7/9/2010,3:00 PM 5/20/10 TRANSMITTED TO GOVERNOR
133392,8/27/2010,PERMANENTLY FILED 8/3 LEGIS RESOLVE 43
133393,3/9/2009,READ THE FIRST TIME - REFERRALS
133393,3/9/2009,STA
133393,3/18/2009,STA RPT 7DP
133393,3/18/2009,DP: JOHNSON GATTO SEATON GRUENBERG P.WILSON PETERSEN LYNN
133393,3/18/2009,FN1: ZERO(H.STA)
133393,3/30/2009,RULES TO CALENDAR 3/30/2009
133393,3/30/2009,READ THE SECOND TIME
133393,3/30/2009,PASSED Y36 E4
133393,3/30/2009,COSPONSOR(S): LYNN MILLETT KERTTULA JOHNSON BUCH GARA PETERSEN GRUENBERG
133393,3/30/2009,GARDNER TUCK STOLTZE CHENAULT
133393,3/30/2009,TRANSMITTED TO (S)
133393,3/30/2009,VERSION: HCR 11
133393,4/1/2009,READ THE FIRST TIME - REFERRALS
133393,4/1/2009,STA
133393,4/1/2009,STA REFERRAL WAIVED
133393,4/3/2009,RULES TO CALENDAR 4/3/2009
133393,4/3/2009,READ THE SECOND TIME
133393,4/3/2009,PASSED Y16 N- E2 A1 V1
133393,4/3/2009,RETURN TO (H) TRANSMIT TO GOV NEXT
133393,4/3/2009,VERSION: HCR 11
133393,4/10/2009,10:00 AM 4/9/09 TRANSMITTED TO GOVERNOR
133393,8/5/2009,PERMANENTLY FILED 6/2 LEGIS RESOLVE 8
133394,3/12/2009,READ THE FIRST TIME - REFERRALS
133394,3/12/2009,ENE RES
133394,3/12/2009,REFERRED TO ENERGY
133394,4/18/2009,WITHDRAWN BY SPONSOR
133395,3/23/2009,READ THE FIRST TIME - REFERRALS
133395,3/23/2009,FIN
133395,3/25/2009,FIN RPT 4DP 4NR
133395,3/25/2009,DP: JOULE AUSTERMAN FAIRCLOUGH HAWKER
133395,3/25/2009,NR: THOMAS CRAWFORD KELLY STOLTZE
133395,3/25/2009,FN1: ZERO(LEG)
133395,3/27/2009,RULES TO CALENDAR 3/27/2009
133395,3/27/2009,READ THE SECOND TIME
133395,3/27/2009,PASSED Y32 N3 E3 A2
133395,3/27/2009,TRANSMITTED TO (S)
133395,3/27/2009,VERSION: HCR 13
133395,3/30/2009,READ THE FIRST TIME - HELD ON SECY'S DESK
133395,4/1/2009,READ THE SECOND TIME
133395,4/1/2009,BEFORE THE SENATE ON FINAL PASSAGE
133395,4/1/2009,PASSED Y15 N4 V1
133395,4/1/2009,RETURN TO (H) TRANSMIT TO GOV NEXT
133395,4/1/2009,VERSION: HCR 13
133395,4/6/2009,10:20 AM 4/6/09 TRANSMITTED TO GOVERNOR
133395,4/10/2009,PERMANENTLY FILED 4/9 LEGIS RESOLVE 6
133396,4/10/2009,READ THE FIRST TIME - REFERRALS
133396,4/10/2009,RES
133396,4/10/2009,REFERRED TO RESOURCES
133397,4/10/2009,READ THE FIRST TIME - REFERRALS
133397,4/10/2009,FSH RES FIN
133397,4/10/2009,REFERRED TO FISHERIES
133398,4/14/2009,READ THE FIRST TIME - REFERRALS
133398,4/14/2009,FIN
133398,4/15/2009,FIN RPT 9DP
133398,4/15/2009,DP: THOMAS GARA FAIRCLOUGH KELLY AUSTERMAN SALMON JOULE HAWKER STOLTZE
133398,4/15/2009,RULES TO CALENDAR 4/15/2009
133398,4/15/2009,READ THE SECOND TIME
133398,4/15/2009,AM NO 1 ADOPTED UNAN CONSENT
133398,4/15/2009,AM NO 2 NOT OFFERED
133398,4/15/2009,AM NO 3 ADOPTED UNAN CONSENT
133398,4/15/2009,COSPONSOR(S): ALL MEMBERS UNAN CONSENT
133398,4/15/2009,PASSED Y38 E1 A1
133398,4/15/2009,TRANSMITTED TO (S)
133398,4/15/2009,VERSION: HCR 16 AM
133398,4/16/2009,READ THE FIRST TIME - HELD ON SECY'S DESK
133398,4/19/2009,READ THE SECOND TIME
133398,4/19/2009,BEFORE THE SENATE ON FINAL PASSAGE
133398,4/19/2009,CROSS SPONSOR(S): HOFFMAN STEDMAN HUGGINS MEYER MCGUIRE ELLIS PASKVAN
133398,4/19/2009,WIELECHOWSKI MENARD DYSON THOMAS DAVIS FRENCH WAGONER BUNDE KOOKESH
133398,4/19/2009,OLSON THERRIAULT STEVENS
133398,4/19/2009,PASSED Y19 N- V1
133398,4/19/2009,RETURN TO (H) TRANSMIT TO GOV NEXT
133398,4/19/2009,VERSION: HCR 16 AM
133398,8/5/2009,4:45 PM 5/27/09 TRANSMITTED TO GOVERNOR
133398,8/5/2009,PERMANENTLY FILED 6/8 LEGIS RESOLVE 22
133399,4/17/2009,READ THE FIRST TIME - REFERRALS
133399,4/17/2009,RLS
133399,4/18/2009,RULES TO CALENDAR 4/18/2009
133399,4/18/2009,READ THE SECOND TIME
133399,4/18/2009,PASSED Y39 A1
133399,4/18/2009,TRANSMITTED TO (S)
133399,4/18/2009,VERSION: HCR 17
133399,4/19/2009,READ THE FIRST TIME - HELD ON SECY'S DESK
133399,4/19/2009,BEFORE THE SENATE ON FINAL PASSAGE
133399,4/19/2009,PASSED Y19 N- V1
133399,4/19/2009,RETURN TO (H) TRANSMIT TO GOV NEXT
133399,4/19/2009,VERSION: HCR 17
133399,8/5/2009,4:45 PM 5/27/09 TRANSMITTED TO GOVERNOR
133399,8/5/2009,PERMANENTLY FILED 6/8 LEGIS RESOLVE 23
133400,1/19/2010,READ THE FIRST TIME - REFERRALS
133400,1/19/2010,RES FIN
133400,1/19/2010,REFERRED TO RESOURCES
133401,1/27/2010,READ THE FIRST TIME - REFERRALS
133401,1/27/2010,L&C FIN
133401,3/4/2010,L&C RPT 3DP 1DNP 2NR
133401,3/4/2010,DP: BUCH NEUMAN CHENAULT
133401,3/4/2010,DNP: T.WILSON
133401,3/4/2010,NR: LYNN OLSON
133401,3/4/2010,FN1: ZERO(H.L&C)
133401,3/29/2010,FIN RPT 5DP 5NR
133401,3/29/2010,DP: FAIRCLOUGH KELLY THOMAS STOLTZE HAWKER
133401,3/29/2010,NR: JOULE DOOGAN GARA N.FOSTER SALMON
133401,3/29/2010,FN1: ZERO(H.L&C)
133401,3/29/2010,COSPONSOR(S): HAWKER KELLY
133401,4/5/2010,RULES TO CALENDAR 4/5/2010
133401,4/5/2010,READ THE SECOND TIME
133401,4/5/2010,AM NO 1 FAILED Y16 N21 E3
133401,4/5/2010,PASSED Y32 N5 E3
133401,4/5/2010,COSPONSOR(S): LYNN
133401,4/5/2010,TRANSMITTED TO (S)
133401,4/5/2010,VERSION: HCR 19
133401,4/6/2010,READ THE FIRST TIME - REFERRALS
133401,4/6/2010,L&C FIN
133401,4/11/2010,L&C RPT 3DP 1NR
133401,4/11/2010,DP: PASKVAN DAVIS MEYER
133401,4/11/2010,NR: BUNDE
133401,4/11/2010,FN1: ZERO(H.L&C)
133401,4/11/2010,REFERRED TO FINANCE
133402,2/17/2010,READ THE FIRST TIME - REFERRALS
133402,2/17/2010,STA
133402,3/8/2010,COSPONSOR(S): JOHANSEN
133402,3/10/2010,STA RPT 6DP
133402,3/10/2010,DP: JOHNSON GATTO SEATON GRUENBERG PETERSEN LYNN
133402,3/10/2010,FN1: ZERO(H.STA)
133402,3/10/2010,RULES TO CALENDAR 3/10/2010
133402,3/10/2010,READ THE SECOND TIME
133402,3/10/2010,PASSED Y38 E2
133402,3/10/2010,COSPONSOR(S): RAMRAS DAHLSTROM JOHNSON PETERSEN KERTTULA LYNN BUCH TUCK
133402,3/10/2010,MILLETT KELLER GUTTENBERG
133402,3/10/2010,TRANSMITTED TO (S)
133402,3/10/2010,VERSION: HCR 20
133402,3/12/2010,READ THE FIRST TIME - REFERRALS
133402,3/12/2010,STA
133402,3/25/2010,STA RPT 4DP
133402,3/25/2010,DP: MENARD KOOKESH PASKVAN MEYER
133402,3/25/2010,FN1: ZERO(H.STA)
133402,3/29/2010,RULES TO CALENDAR 3/29/2010
133402,3/29/2010,READ THE SECOND TIME
133402,3/29/2010,BEFORE THE SENATE ON FINAL PASSAGE
133402,3/29/2010,CROSS SPONSOR(S): DAVIS FRENCH WAGONER BUNDE OLSON DYSON THOMAS KOOKESH
133402,3/29/2010,COGHILL ELLIS PASKVAN EGAN MEYER MCGUIRE STEDMAN HUGGINS
133402,3/29/2010,PASSED Y20 N-
133402,3/29/2010,RETURN TO (H) TRANSMIT TO GOV NEXT
133402,3/29/2010,VERSION: HCR 20
133402,4/6/2010,3:44 PM 4/5/10 TRANSMITTED TO GOVERNOR
133402,4/13/2010,PERMANENTLY FILED 4/13 LEGIS RESOLVE 34
133403,2/23/2010,READ THE FIRST TIME - REFERRALS
133403,2/23/2010,EDT L&C
133403,3/25/2010,EDT RPT CS(EDT) 6DP
133403,3/25/2010,DP: TUCK NEUMAN CHENAULT CRAWFORD JOULE RAMRAS
133403,3/25/2010,FN1: (LEG)
133403,3/25/2010,FIN REFERRAL ADDED AFTER L&C
133403,4/10/2010,L&C RPT CS(L&C) 3DP 2NR
133403,4/10/2010,DP: CHENAULT NEUMAN OLSON
133403,4/10/2010,NR: T.WILSON BUCH
133403,4/10/2010,FN1: (LEG)
133403,4/14/2010,FIN RPT CS(FIN) 9DP
133403,4/14/2010,DP: DOOGAN JOULE AUSTERMAN THOMAS KELLY N.FOSTER FAIRCLOUGH STOLTZE
133403,4/14/2010,HAWKER
133403,4/14/2010,FN2: ZERO(H.FIN/LEG)
133403,4/14/2010,RULES TO CALENDAR 4/14/2010
133403,4/14/2010,READ THE SECOND TIME
133403,4/14/2010,FIN CS ADOPTED UNAN CONSENT
133403,4/14/2010,PASSED Y39 N1
133403,4/14/2010,TRANSMITTED TO (S)
133403,4/14/2010,VERSION: CSHCR 21(FIN)
133403,4/15/2010,READ THE FIRST TIME - REFERRALS
133403,4/15/2010,FIN
133403,4/15/2010,REFERRED TO FINANCE
133404,3/24/2010,READ THE FIRST TIME - REFERRALS
133404,3/24/2010,CRA FIN
133404,3/31/2010,CRA RPT CS(CRA) 5DP 1NR
133404,3/31/2010,DP: HARRIS CISSNA GARDNER MUNOZ HERRON
133404,3/31/2010,NR: KELLER
133404,3/31/2010,FN1: (LEG)
133404,4/9/2010,FIN RPT CS(FIN) 8DP 2NR
133404,4/9/2010,DP: THOMAS GARA DOOGAN JOULE AUSTERMAN N.FOSTER KELLY SALMON
133404,4/9/2010,NR: STOLTZE HAWKER
133404,4/9/2010,FN2: (LEG)
133404,4/10/2010,RULES TO CALENDAR 4/10/2010
133404,4/10/2010,READ THE SECOND TIME
133404,4/10/2010,FIN CS ADOPTED UNAN CONSENT
133404,4/10/2010,PASSED Y40
133404,4/10/2010,TRANSMITTED TO (S)
133404,4/10/2010,VERSION: CSHCR 22(FIN)
133404,4/11/2010,READ THE FIRST TIME - REFERRALS
133404,4/11/2010,FIN
133404,4/16/2010,FIN RPT 7DP
133404,4/16/2010,DP: HOFFMAN STEDMAN HUGGINS THOMAS EGAN OLSON ELLIS
133404,4/16/2010,FN2: (LEG)
133404,4/17/2010,RULES TO CALENDAR 4/17/2010
133404,4/17/2010,READ THE SECOND TIME
133404,4/17/2010,BEFORE THE SENATE ON FINAL PASSAGE
133404,4/17/2010,PASSED Y19 N- A1
133404,4/17/2010,RETURN TO (H) TRANSMIT TO GOV NEXT
133404,4/17/2010,VERSION: CSHCR 22(FIN)
133404,7/9/2010,11:27 AM 6/11/10 TRANSMITTED TO GOVERNOR
133404,8/27/2010,PERMANENTLY FILED 8/3 LEGIS RESOLVE 54
133404,8/27/2010,MEMBERS: HOFFMAN STEDMAN OLSON (ALTERNATE)
133404,8/27/2010,MEMBERS: HERRON JOULE EDGMON (ALTERNATE)
133404,8/27/2010,PUBLIC: EDWARD ITTA CHRIS HLADICK DENISE MICHELS
133404,8/27/2010,CHUCK GREENE DAVE KUBIAK
133404,8/27/2010,EXECUTIVE BRANCH: LARRY HARTIG CORA CAMPBELL (ALTERNATE)
133404,8/27/2010,FEDERAL: APPOINTMENT PENDING
133404,6/23/2011,FEDERAL LIAISON: REAR ADMIRAL OSTEBO USC
133405,3/26/2010,READ THE FIRST TIME - REFERRALS
133405,3/26/2010,RLS
133405,4/16/2010,RULES TO CALENDAR 4/16/2010
133405,4/16/2010,MOVED TO BOTTOM OF CALENDAR
133405,4/16/2010,READ THE SECOND TIME
133405,4/16/2010,PASSED Y27 E1 A12
133405,4/16/2010,TRANSMITTED TO (S)
133405,4/16/2010,VERSION: HCR 23
133405,4/17/2010,READ THE FIRST TIME - HELD ON SECY'S DESK
133405,4/17/2010,BEFORE THE SENATE ON FINAL PASSAGE
133405,4/17/2010,PASSED Y20 N-
133405,4/17/2010,RETURN TO (H) TRANSMIT TO GOV NEXT
133405,4/17/2010,VERSION: HCR 23
133405,7/9/2010,11:27 AM 6/11/10 TRANSMITTED TO GOVERNOR
133405,8/27/2010,PERMANENTLY FILED 8/2 LEGIS RESOLVE 55
133406,4/6/2010,READ THE FIRST TIME - REFERRALS
133406,4/6/2010,RLS
133406,4/15/2010,RULES TO CALENDAR 4/15/2010
133406,4/15/2010,READ THE SECOND TIME
133406,4/15/2010,PASSED Y38 N1 E1
133406,4/15/2010,TRANSMITTED TO (S)
133406,4/15/2010,VERSION: HCR 24
133406,4/16/2010,READ THE FIRST TIME - HELD ON SECY'S DESK
133406,4/16/2010,BEFORE THE SENATE ON FINAL PASSAGE
133406,4/16/2010,PASSED Y19 N- E1
133406,4/16/2010,RETURN TO (H) TRANSMIT TO GOV NEXT
133406,4/16/2010,VERSION: HCR 24
133406,7/9/2010,11:27 AM 6/11/10 TRANSMITTED TO GOVERNOR
133406,8/27/2010,PERMANENTLY FILED 8/2 LEGIS RESOLVE 56
133407,4/9/2010,READ THE FIRST TIME - REFERRALS
133407,4/9/2010,RLS FOR CALENDARING
133407,4/14/2010,RULES TO 1ST SUP CALENDAR 4/14/2010
133407,4/14/2010,READ THE SECOND TIME
133407,4/14/2010,PASSED Y39 A1
133407,4/14/2010,TRANSMITTED TO (S)
133407,4/14/2010,VERSION: HCR 25
133407,4/15/2010,READ THE FIRST TIME - HELD ON SECY'S DESK
133407,4/16/2010,BEFORE THE SENATE ON FINAL PASSAGE
133407,4/16/2010,PASSED Y19 N- E1
133407,4/16/2010,RETURN TO (H) TRANSMIT TO GOV NEXT
133407,4/16/2010,VERSION: HCR 25
133407,7/9/2010,11:27 AM 6/11/10 TRANSMITTED TO GOVERNOR
133407,8/27/2010,PERMANENTLY FILED 8/2 LEGIS RESOLVE 57
133408,4/9/2010,READ THE FIRST TIME - REFERRALS
133408,4/9/2010,RLS FOR CALENDARING
133408,4/12/2010,RULES TO CALENDAR 4/12/2010
133408,4/12/2010,READ THE SECOND TIME
133408,4/12/2010,PASSED Y36 A4
133408,4/12/2010,TRANSMITTED TO (S)
133408,4/12/2010,VERSION: HCR 26
133408,4/13/2010,READ THE FIRST TIME - HELD ON SECY'S DESK
133408,4/14/2010,TAKEN UP AND READ THE SECOND TIME
133408,4/14/2010,BEFORE THE SENATE ON FINAL PASSAGE
133408,4/14/2010,PASSED Y20 N-
133408,4/14/2010,RETURN TO (H) TRANSMIT TO GOV NEXT
133408,4/14/2010,VERSION: HCR 26
133408,7/9/2010,3:00 PM 5/20/10 TRANSMITTED TO GOVERNOR
133408,8/27/2010,PERMANENTLY FILED 8/2 LEGIS RESOLVE 44
133409,4/9/2010,READ THE FIRST TIME - REFERRALS
133409,4/9/2010,RLS FOR CALENDARING
133409,4/9/2010,REFERRED TO RULES
133410,4/13/2010,READ THE FIRST TIME - REFERRALS
133410,4/13/2010,RLS FOR CALENDARING
133410,4/17/2010,RULES TO CALENDAR 4/17/2010
133410,4/17/2010,HELD TO 4/18 CALENDAR
133410,4/18/2010,PASSED Y37 A3
133410,4/18/2010,TRANSMITTED TO (S)
133410,4/18/2010,VERSION: HCR 28
133410,4/18/2010,READ THE FIRST TIME - HELD ON SECY'S DESK
133410,4/18/2010,TAKEN UP ON FINAL PASSAGE
133410,4/18/2010,PASSED Y20 N-
133410,4/18/2010,RETURN TO (H) TRANSMIT TO GOV NEXT
133410,4/18/2010,VERSION: HCR 28
133410,7/9/2010,11:27 AM 6/11/10 TRANSMITTED TO GOVERNOR
133410,8/27/2010,PERMANENTLY FILED 8/2 LEGIS RESOLVE 58
133411,4/13/2010,READ THE FIRST TIME - REFERRALS
133411,4/13/2010,RLS FOR CALENDARING
133411,4/17/2010,RULES TO CALENDAR 4/17/2010
133411,4/17/2010,HELD TO 4/18 CALENDAR
133411,4/18/2010,SPECIAL ORDER OF BUSINESS
133411,4/18/2010,PASSED Y39 N1
133411,4/18/2010,TRANSMITTED TO (S)
133411,4/18/2010,VERSION: HCR 29
133411,4/18/2010,TAKEN UP ON FINAL PASSAGE
133411,4/18/2010,PASSED Y20 N-
133411,4/18/2010,RETURN TO (H) TRANSMIT TO GOV NEXT
133411,4/18/2010,VERSION: HCR 29
133411,7/9/2010,11:27 AM 6/11/10 TRANSMITTED TO GOVERNOR
133411,8/27/2010,PERMANENTLY FILED 8/2 LEGIS RESOLVE 59
133412,4/13/2010,READ THE FIRST TIME - REFERRALS
133412,4/13/2010,RLS FOR CALENDARING
133412,4/15/2010,RULES TO CALENDAR 4/15/2010
133412,4/15/2010,READ THE SECOND TIME
133412,4/15/2010,PASSED Y39 A1
133412,4/15/2010,TRANSMITTED TO (S)
133412,4/15/2010,VERSION: HCR 30
133412,4/16/2010,READ THE FIRST TIME - HELD ON SECY'S DESK
133412,4/17/2010,TAKEN UP ON FINAL PASSAGE
133412,4/17/2010,PASSED Y19 N- E1
133412,4/17/2010,RETURN TO (H) TRANSMIT TO GOV NEXT
133412,4/17/2010,VERSION: HCR 30
133412,7/9/2010,11:27 AM 6/11/10 TRANSMITTED TO GOVERNOR
133412,8/27/2010,PERMANENTLY FILED 8/2 LEGIS RESOLVE 60
133413,4/14/2010,READ THE FIRST TIME - REFERRALS
133413,4/14/2010,RLS FOR CALENDARING
133413,4/17/2010,RULES TO CALENDAR 4/17/2010
133413,4/17/2010,READ THE SECOND TIME
133413,4/17/2010,PASSED Y38 E1 A1
133413,4/17/2010,TRANSMITTED TO (S)
133413,4/17/2010,VERSION: HCR 31
133413,4/18/2010,READ THE FIRST TIME - HELD ON SECY'S DESK
133413,4/18/2010,TAKEN UP ON FINAL PASSAGE
133413,4/18/2010,PASSED Y20 N-
133413,4/18/2010,RETURN TO (H) TRANSMIT TO GOV NEXT
133413,4/18/2010,VERSION: HCR 31
133413,7/9/2010,11:27 AM 6/11/10 TRANSMITTED TO GOVERNOR
133413,8/27/2010,PERMANENTLY FILED 8/2 LEGIS RESOLVE 61
133414,4/17/2010,READ THE FIRST TIME
133415,4/17/2010,READ THE FIRST TIME
133415,4/18/2010,SPECIAL ORDER OF BUSINESS
133415,4/18/2010,PASSED Y40
133415,4/18/2010,TRANSMITTED TO (S)
133415,4/18/2010,VERSION: HCR 33
133415,4/18/2010,TAKEN UP ON FINAL PASSAGE
133415,4/18/2010,PASSED Y18 N2
133415,4/18/2010,RETURN TO (H) TRANSMIT TO GOV NEXT
133415,4/18/2010,VERSION: HCR 33
133415,7/9/2010,11:27 AM 6/11/10 TRANSMITTED TO GOVERNOR
133415,8/27/2010,PERMANENTLY FILED 8/2 LEGIS RESOLVE 62
133416,4/18/2010,READ THE FIRST TIME
133416,4/18/2010,SPECIAL ORDER OF BUSINESS
133416,4/18/2010,PASSED Y36 A4
133416,4/18/2010,TRANSMITTED TO (S)
133416,4/18/2010,VERSION: HCR 34
133416,4/18/2010,TAKEN UP ON FINAL PASSAGE
133416,4/18/2010,PASSED Y20 N-
133416,4/18/2010,RETURN TO (H) TRANSMIT TO GOV NEXT
133416,4/18/2010,VERSION: HCR 34
133416,7/9/2010,11:27 AM 6/11/10 TRANSMITTED TO GOVERNOR
133416,8/27/2010,PERMANENTLY FILED 8/2 LEGIS RESOLVE 63
133417,4/18/2010,SPECIAL ORDER OF BUSINESS
133417,4/18/2010,PASSED Y40
133417,4/18/2010,TRANSMITTED TO (S)
133417,4/18/2010,VERSION: HCR 35
133417,4/18/2010,READ THE FIRST TIME - HELD ON SECY'S DESK
133417,4/18/2010,TAKEN UP ON FINAL PASSAGE
133417,4/18/2010,PASSED Y16 N4
133417,4/18/2010,RETURN TO (H) TRANSMIT TO GOV NEXT
133417,4/18/2010,VERSION: HCR 35
133417,7/9/2010,11:27 AM 6/11/10 TRANSMITTED TO GOVERNOR
133417,8/27/2010,PERMANENTLY FILED 8/2 LEGIS RESOLVE 64
133418,4/18/2010,SPECIAL ORDER OF BUSINESS
133418,4/18/2010,PASSED Y38 A2
133418,4/18/2010,TRANSMITTED TO (S)
133418,4/18/2010,VERSION: HCR 36
133418,4/18/2010,READ THE FIRST TIME - HELD ON SECY'S DESK
133418,4/18/2010,TAKEN UP ON FINAL PASSAGE
133418,4/18/2010,PASSED Y19 N- A1
133418,4/18/2010,RETURN TO (H) TRANSMIT TO GOV NEXT
133418,4/18/2010,VERSION: HCR 36
133418,7/9/2010,11:27 AM 6/11/10 TRANSMITTED TO GOVERNOR
133418,8/27/2010,PERMANENTLY FILED 8/2 LEGIS RESOLVE 65
133419,1/20/2009,PREFILE RELEASED 1/9/09
133419,1/20/2009,READ THE FIRST TIME - REFERRALS
133419,1/20/2009,STA JUD FIN
133419,1/20/2009,REFERRED TO STATE AFFAIRS
133420,1/20/2009,PREFILE RELEASED 1/9/09
133420,1/20/2009,READ THE FIRST TIME - REFERRALS
133420,1/20/2009,STA JUD FIN
133420,3/19/2009,STA RPT 6DP 1NR
133420,3/19/2009,DP: SEATON GATTO GRUENBERG P.WILSON PETERSEN LYNN
133420,3/19/2009,NR: JOHNSON
133420,3/19/2009,FN1: (GOV)
133420,4/6/2009,JUD RPT 2DP 5NR
133420,4/6/2009,DP: GRUENBERG GATTO
133420,4/6/2009,NR: LYNN COGHILL DAHLSTROM HOLMES RAMRAS
133420,4/6/2009,FN1: (GOV)
133420,4/6/2009,REFERRED TO FINANCE
133421,1/20/2009,PREFILE RELEASED 1/9/09
133421,1/20/2009,READ THE FIRST TIME - REFERRALS
133421,1/20/2009,STA JUD FIN
133421,2/13/2009,COSPONSOR(S): P.WILSON
133421,2/23/2009,COSPONSOR(S): SEATON
133421,3/18/2009,STA RPT 6DP 1NR
133421,3/18/2009,DP: GATTO SEATON P.WILSON PETERSEN JOHNSON LYNN
133421,3/18/2009,NR: GRUENBERG
133421,3/18/2009,FN1: ZERO(H.STA)
133421,3/27/2009,JUD RPT 4DP 1NR
133421,3/27/2009,DP: LYNN COGHILL DAHLSTROM RAMRAS
133421,3/27/2009,NR: GRUENBERG
133421,3/27/2009,FN1: ZERO(H.STA)
133421,3/27/2009,FN2: (GOV)
133421,3/27/2009,REFERRED TO FINANCE
133422,1/20/2009,PREFILE RELEASED 1/9/09
133422,1/20/2009,READ THE FIRST TIME - REFERRALS
133422,1/20/2009,STA JUD FIN
133422,4/19/2009,SPONSOR SUBSTITUTE INTRODUCED
133422,4/19/2009,READ THE FIRST TIME - REFERRALS
133422,4/19/2009,STA JUD FIN
133422,4/19/2009,REFERRED TO STATE AFFAIRS
133423,1/20/2009,PREFILE RELEASED 1/9/09
133423,1/20/2009,READ THE FIRST TIME - REFERRALS
133423,1/20/2009,STA JUD FIN
133423,1/20/2009,REFERRED TO STATE AFFAIRS
133424,1/20/2009,PREFILE RELEASED 1/9/09
133424,1/20/2009,READ THE FIRST TIME - REFERRALS
133424,1/20/2009,STA JUD FIN
133424,1/20/2009,REFERRED TO STATE AFFAIRS
133425,1/22/2009,READ THE FIRST TIME - REFERRALS
133425,1/22/2009,RES
133425,1/26/2009,COSPONSOR(S): CHENAULT
133425,2/25/2009,RES RPT CS(RES) 6DP 3AM
133425,2/25/2009,DP: OLSON EDGMON TUCK P.WILSON JOHNSON NEUMAN
133425,2/25/2009,AM: GUTTENBERG SEATON KAWASAKI
133425,2/25/2009,FN1: ZERO(H.RES)
133425,2/25/2009,COSPONSOR(S): NEUMAN PETERSEN
133425,3/18/2009,RULES TO CALENDAR 3/18/2009
133425,3/18/2009,READ THE SECOND TIME
133425,3/18/2009,RES CS ADOPTED UNAN CONSENT
133425,3/18/2009,AM NO 1 FAILED Y17 N20 E2 A1
133425,3/18/2009,ADVANCED TO THIRD READING 3/19 CALENDAR
133425,3/18/2009,COSPONSOR(S): HAWKER GARDNER JOULE CRAWFORD GATTO JOHANSEN HERRON
133425,3/19/2009,READ THE THIRD TIME CSHJR 7(RES)
133425,3/19/2009,PASSED Y32 N2 E4 A2
133425,3/19/2009,KERTTULA NOTICE OF RECONSIDERATION
133425,3/19/2009,RECON TAKEN UP SAME DAY UC
133425,3/19/2009,PASSED ON RECONSIDERATION Y31 N2 E4 A3
133425,3/19/2009,COSPONSOR(S): FAIRCLOUGH
133425,3/19/2009,TRANSMITTED TO (S)
133425,3/19/2009,VERSION: CSHJR 7(RES)
133425,3/20/2009,READ THE FIRST TIME - REFERRALS
133425,3/20/2009,RES
133425,3/20/2009,CROSS SPONSOR(S): THERRIAULT WAGONER BUNDE
133425,4/18/2009,RES RPT SCS 6DP SAME TITLE
133425,4/18/2009,DP: WIELECHOWSKI MCGUIRE WAGONER FRENCH STEVENS HUGGINS
133425,4/18/2009,FN1: ZERO(H.RES)
133425,4/18/2009,RULES TO CALENDAR 4/18/2009
133425,4/18/2009,READ THE SECOND TIME
133425,4/18/2009,RES SCS ADOPTED UNAN CONSENT
133425,4/18/2009,ADVANCED TO THIRD READING UNAN CONSENT
133425,4/18/2009,READ THE THIRD TIME SCS CSHJR 7(RES)
133425,4/18/2009,PASSED Y19 N- V1
133425,4/18/2009,TRANSMITTED TO (H) AS AMENDED
133425,4/18/2009,VERSION: SCS CSHJR 7(RES)
133425,4/18/2009,HELD UNDER UNFINISHED BUSINESS
133425,4/19/2009,CONCUR AM OF (S) Y40
133425,8/5/2009,MANIFEST ERROR(S)
133425,8/5/2009,4:45 PM 5/27/09 TRANSMITTED TO GOVERNOR
133425,8/5/2009,PERMANENTLY FILED 7/29 LEGIS RESOLVE 24
133426,1/26/2009,READ THE FIRST TIME - REFERRALS
133426,1/26/2009,STA JUD FIN
133426,3/18/2009,COSPONSOR(S): CRAWFORD
133426,4/2/2009,COSPONSOR REMOVED: CRAWFORD
133426,4/3/2009,COSPONSOR(S): LYNN
133426,4/7/2009,STA RPT 2DP 3DNP 1NR 1AM
133426,4/7/2009,DP: JOHNSON LYNN
133426,4/7/2009,DNP: SEATON GRUENBERG PETERSEN
133426,4/7/2009,NR: GATTO
133426,4/7/2009,AM: P.WILSON
133426,4/7/2009,FN1: (GOV)
133426,4/7/2009,COSPONSOR(S): JOHNSON
133426,2/10/2010,JUD RPT 2DP 3NR
133426,2/10/2010,DP: LYNN RAMRAS
133426,2/10/2010,NR: GRUENBERG DAHLSTROM HOLMES
133426,2/10/2010,FN2: (GOV)
133426,2/10/2010,COSPONSOR(S): RAMRAS
133426,3/19/2010,COSPONSOR(S): HAWKER FAIRCLOUGH
133426,3/22/2010,FIN RPT CS(FIN) 4DP 5NR
133426,3/22/2010,DP: KELLY AUSTERMAN FAIRCLOUGH HAWKER
133426,3/22/2010,NR: GARA DOOGAN JOULE N.FOSTER STOLTZE
133426,3/22/2010,FN2: (GOV)
133426,4/10/2010,RULES TO CALENDAR 4/10/2010
133426,4/10/2010,READ THE SECOND TIME
133426,4/10/2010,FIN CS ADOPTED UNAN CONSENT
133426,4/10/2010,ADVANCED TO THIRD READING 4/11 CALENDAR
133426,4/10/2010,COSPONSOR(S): KELLER
133426,4/11/2010,READ THE THIRD TIME CSHJR 8(FIN)
133426,4/11/2010,PASSED Y34 N6
133426,4/11/2010,KERTTULA NOTICE OF RECONSIDERATION
133426,4/11/2010,COSPONSOR(S): NEUMAN
133426,4/12/2010,RECONSIDERATION NOT TAKEN UP
133426,4/12/2010,TRANSMITTED TO (S)
133426,4/12/2010,VERSION: CSHJR 8(FIN)
133426,4/13/2010,READ THE FIRST TIME - REFERRALS
133426,4/13/2010,STA FIN
133426,4/13/2010,REFERRED TO STATE AFFAIRS
133427,1/28/2009,READ THE FIRST TIME - REFERRALS
133427,1/28/2009,TRA
133427,3/25/2009,TRA RPT 6DP
133427,3/25/2009,DP: JOHANSEN MUNOZ DOOGAN JOHNSON GRUENBERG P.WILSON
133427,3/25/2009,FN1: ZERO(H.TRA)
133427,3/30/2009,RULES TO CALENDAR 3/30/2009
133427,3/30/2009,READ THE SECOND TIME
133427,3/30/2009,ADVANCED TO THIRD READING UNAN CONSENT
133427,3/30/2009,READ THE THIRD TIME HJR 9
133427,3/30/2009,PASSED Y36 E4
133427,3/30/2009,COSPONSOR(S): LYNN MILLETT
133427,3/30/2009,TRANSMITTED TO (S)
133427,3/30/2009,VERSION: HJR 9
133427,4/1/2009,READ THE FIRST TIME - REFERRALS
133427,4/1/2009,TRA
133427,4/8/2009,TRA RPT SCS 5DP SAME TITLE
133427,4/8/2009,DP: KOOKESH MENARD DAVIS MEYER PASKVAN
133427,4/8/2009,FN1: ZERO(H.TRA)
133427,4/9/2009,RULES TO CALENDAR 4/9/2009
133427,4/9/2009,READ THE SECOND TIME
133427,4/9/2009,TRA SCS ADOPTED UNAN CONSENT
133427,4/9/2009,ADVANCED TO THIRD READING UNAN CONSENT
133427,4/9/2009,READ THE THIRD TIME SCS HJR 9(TRA)
133427,4/9/2009,CROSS SPONSOR(S): FRENCH OLSON DYSON KOOKESH BUNDE PASKVAN MENARD MEYER
133427,4/9/2009,MCGUIRE STEDMAN HUGGINS
133427,4/9/2009,PASSED Y19 N- V1
133427,4/9/2009,TRANSMITTED TO (H) AS AMENDED
133427,4/9/2009,VERSION: SCS HJR 9(TRA)
133427,4/10/2009,HELD UNDER UNFINISHED BUSINESS
133427,4/16/2009,CONCUR AM OF (S) Y39 A1
133427,4/16/2009,COSPONSOR(S): DAHLSTROM TUCK KELLY
133427,8/5/2009,4:45 PM 5/27/09 TRANSMITTED TO GOVERNOR
133427,8/5/2009,PERMANENTLY FILED 7/22 LEGIS RESOLVE 13
133428,1/30/2009,READ THE FIRST TIME - REFERRALS
133428,1/30/2009,MLV STA HSS
133428,2/25/2009,MLV RPT CS(MLV) 6DP
133428,2/25/2009,DP: KAWASAKI OLSON HARRIS LYNN BUCH GATTO
133428,2/25/2009,FN1: ZERO(H.MLV)
133428,2/25/2009,COSPONSOR(S): LYNN
133428,3/2/2009,STA REFERRAL WAIVED
133428,3/12/2009,HSS RPT CS(HSS) 7DP
133428,3/12/2009,DP: HOLMES COGHILL SEATON LYNN CISSNA HERRON KELLER
133428,3/12/2009,FN1: ZERO(H.MLV)
133428,3/13/2009,COSPONSOR(S): P.WILSON
133428,3/25/2009,RULES TO CALENDAR 3/25/2009
133428,3/25/2009,READ THE SECOND TIME
133428,3/25/2009,HSS CS ADOPTED UNAN CONSENT
133428,3/25/2009,ADVANCED TO THIRD READING UNAN CONSENT
133428,3/25/2009,READ THE THIRD TIME CSHJR 10(HSS)
133428,3/25/2009,PASSED Y36 E3 A1
133428,3/25/2009,COSPONSOR(S): TUCK DAHLSTROM DOOGAN HERRON GARA AUSTERMAN
133428,3/25/2009,JOHNSON
133428,3/25/2009,TRANSMITTED TO (S)
133428,3/25/2009,VERSION: CSHJR 10(HSS)
133428,3/27/2009,READ THE FIRST TIME - REFERRALS
133428,3/27/2009,HSS STA
133428,4/11/2009,HSS RPT 3DP
133428,4/11/2009,DP: DAVIS DYSON PASKVAN
133428,4/11/2009,FN1: ZERO(H.MLV)
133428,4/14/2009,STA RPT 3DP 1NR
133428,4/14/2009,DP: MENARD FRENCH PASKVAN
133428,4/14/2009,NR: KOOKESH
133428,4/14/2009,FN1: ZERO(H.MLV)
133428,4/18/2009,RULES TO CALENDAR 4/18/2009
133428,4/18/2009,READ THE SECOND TIME
133428,4/18/2009,ADVANCED TO THIRD READING UNAN CONSENT
133428,4/18/2009,READ THE THIRD TIME CSHJR 10(HSS)
133428,4/18/2009,CROSS SPONSOR(S): WIELECHOWSKI MCGUIRE HUGGINS MEYER MENARD PASKVAN ELLIS
133428,4/18/2009,HOFFMAN THERRIAULT WAGONER FRENCH DYSON DAVIS THOMAS KOOKESH STEVENS
133428,4/18/2009,PASSED Y19 N- V1
133428,4/18/2009,RETURN TO (H) TRANSMIT TO GOV NEXT
133428,4/18/2009,VERSION: CSHJR 10(HSS)
133428,8/5/2009,MANIFEST ERROR(S)
133428,8/5/2009,4:20 PM 5/21/09 TRANSMITTED TO GOVERNOR
133428,8/5/2009,PERMANENTLY FILED 5/25 LEGIS RESOLVE 25
133429,1/30/2009,READ THE FIRST TIME - REFERRALS
133429,1/30/2009,FIN
133429,2/4/2009,FIN RPT CS(FIN) 7DP 1DNP 2NR
133429,2/4/2009,DP: THOMAS GARA CRAWFORD JOULE FAIRCLOUGH SALMON HAWKER
133429,2/4/2009,DNP: KELLY
133429,2/4/2009,NR: AUSTERMAN STOLTZE
133429,2/4/2009,FN1: ZERO(LEG)
133429,2/4/2009,RULES TO CALENDAR 2/4/2009
133429,2/4/2009,READ THE SECOND TIME
133429,2/4/2009,FIN CS ADOPTED UNAN CONSENT
133429,2/4/2009,ADVANCED TO THIRD READING UNAN CONSENT
133429,2/4/2009,READ THE THIRD TIME CSHJR 11(FIN)
133429,2/4/2009,PASSED Y36 N1 E3
133429,2/4/2009,TRANSMITTED TO (S)
133429,2/4/2009,VERSION: CSHJR 11(FIN)
133429,2/6/2009,READ THE FIRST TIME - REFERRALS
133429,2/6/2009,FIN
133429,2/9/2009,FIN RPT SCS 5DP SAME TITLE
133429,2/9/2009,DP: HOFFMAN STEDMAN ELTON HUGGINS THOMAS
133429,2/9/2009,FN1: ZERO(LEG)
133429,2/9/2009,RULES TO CALENDAR 2/9/2009
133429,2/9/2009,READ THE SECOND TIME
133429,2/9/2009,FIN SCS ADOPTED UNAN CONSENT
133429,2/9/2009,ADVANCED TO THIRD READING UNAN CONSENT
133429,2/9/2009,READ THE THIRD TIME SCS CSHJR 11(FIN)
133429,2/9/2009,PASSED Y16 N- E4
133429,2/9/2009,ELLIS NOTICE OF RECONSIDERATION
133429,2/9/2009,RECON TAKEN UP SAME DAY Y14 N2 E4
133429,2/9/2009,PASSED ON RECONSIDERATION Y16 N- E4
133429,2/9/2009,TRANSMITTED TO (H) AS AMENDED
133429,2/9/2009,VERSION: SCS CSHJR 11(FIN)
133429,2/9/2009,CONCUR MESSAGE
133429,2/9/2009,CONCUR AM OF (S) Y32 N1 E5 A2
133429,2/11/2009,8:40 AM 2/11/09 TRANSMITTED TO GOVERNOR
133429,2/13/2009,PERMANENTLY FILED 2/12 LEGIS RESOLVE 1
133430,2/2/2009,READ THE FIRST TIME - REFERRALS
133430,2/2/2009,MLV STA
133430,2/11/2009,MLV RPT 5DP
133430,2/11/2009,DP: OLSON LYNN BUCH RAMRAS GATTO
133430,2/11/2009,FN1: ZERO(H.MLV)
133430,2/11/2009,COSPONSOR(S): GATTO LYNN RAMRAS OLSON
133430,2/16/2009,STA REFERRAL WAIVED
133430,2/18/2009,RULES TO CALENDAR 2/18/2009
133430,2/18/2009,READ THE SECOND TIME
133430,2/18/2009,ADVANCED TO THIRD READING UNAN CONSENT
133430,2/18/2009,READ THE THIRD TIME HJR 12
133430,2/18/2009,PASSED Y37 E2 A1
133430,2/18/2009,COSPONSOR(S): JOHNSON HARRIS FAIRCLOUGH CHENAULT
133430,2/18/2009,TRANSMITTED TO (S)
133430,2/18/2009,VERSION: HJR 12
133430,2/19/2009,READ THE FIRST TIME - REFERRALS
133430,2/19/2009,STA
133430,2/19/2009,CROSS SPONSOR(S): DYSON
133430,2/20/2009,CROSS SPONSOR(S): THERRIAULT
133430,2/27/2009,CROSS SPONSOR(S): HUGGINS STEVENS STEDMAN
133430,3/3/2009,STA RPT 4DP
133430,3/3/2009,DP: MEYER KOOKESH PASKVAN FRENCH
133430,3/3/2009,FN1: ZERO(H.MLV)
133430,3/9/2009,RULES TO CALENDAR 3/9/2009
133430,3/9/2009,READ THE SECOND TIME
133430,3/9/2009,ADVANCED TO THIRD READING 3/11 CALENDAR
133430,3/11/2009,READ THE THIRD TIME HJR 12
133430,3/11/2009,PASSED Y19 N- V1
133430,3/11/2009,RETURN TO (H) TRANSMIT TO GOV NEXT
133430,3/11/2009,VERSION: HJR 12
133430,3/18/2009,4:15 PM 3/16/09 TRANSMITTED TO GOVERNOR
133430,8/5/2009,PERMANENTLY FILED 7/22 LEGIS RESOLVE 3
133431,2/2/2009,READ THE FIRST TIME - REFERRALS
133431,2/2/2009,STA JUD FIN
133431,2/20/2009,STA RPT 6DP 1NR
133431,2/20/2009,DP: GATTO SEATON GRUENBERG P.WILSON PETERSEN LYNN
133431,2/20/2009,NR: JOHNSON
133431,2/20/2009,FN1: (GOV)
133431,4/6/2009,JUD RPT 6DP 1NR
133431,4/6/2009,DP: LYNN GRUENBERG COGHILL DAHLSTROM GATTO RAMRAS
133431,4/6/2009,NR: HOLMES
133431,4/6/2009,FN1: (GOV)
133431,4/6/2009,REFERRED TO FINANCE
133432,2/6/2009,READ THE FIRST TIME - REFERRALS
133432,2/6/2009,L&C
133432,2/6/2009,REFERRED TO LABOR & COMMERCE
133432,2/9/2009,COSPONSOR(S): JOHNSON
133433,2/9/2009,READ THE FIRST TIME - REFERRALS
133433,2/9/2009,CRA RES
133433,2/27/2009,CRA RPT CS(CRA) 7DP
133433,2/27/2009,DP: KELLER CISSNA MILLETT HARRIS GARDNER HERRON MUNOZ
133433,2/27/2009,FN1: ZERO(H.CRA)
133433,2/27/2009,REFERRED TO RESOURCES
133434,2/9/2009,READ THE FIRST TIME - REFERRALS
133434,2/9/2009,MLV L&C
133434,2/25/2009,MLV RPT 6DP
133434,2/25/2009,DP: KAWASAKI OLSON HARRIS LYNN BUCH GATTO
133434,2/25/2009,FN1: ZERO(H.MLV)
133434,2/25/2009,COSPONSOR(S): LYNN
133434,4/3/2009,COSPONSOR(S): MILLETT
133434,4/6/2009,L&C RPT CS(L&C) 3DP 2NR
133434,4/6/2009,DP: LYNN COGHILL OLSON
133434,4/6/2009,NR: NEUMAN HOLMES
133434,4/6/2009,FN1: ZERO(H.MLV)
133434,4/10/2009,COSPONSOR(S): TUCK
133434,2/17/2010,RULES TO CALENDAR 2/17/2010
133434,2/17/2010,READ THE SECOND TIME
133434,2/17/2010,FN2: ZERO(H.RLS) (UPDATED FN FROM RLS)
133434,2/17/2010,L&C CS ADOPTED UNAN CONSENT
133434,2/17/2010,ADVANCED TO THIRD READING UNAN CONSENT
133434,2/17/2010,READ THE THIRD TIME CSHJR 16(L&C)
133434,2/17/2010,PASSED Y37 E2 A1
133434,2/17/2010,COSPONSOR(S): RAMRAS KERTTULA OLSON PETERSEN GARA
133434,2/17/2010,TRANSMITTED TO (S)
133434,2/17/2010,VERSION: CSHJR 16(L&C)
133434,2/18/2010,READ THE FIRST TIME - REFERRALS
133434,2/18/2010,STA
133434,3/2/2010,STA RPT 5DP
133434,3/2/2010,DP: MENARD FRENCH MEYER PASKVAN KOOKESH
133434,3/2/2010,FN2: ZERO(H.RLS) (UPDATED FN FROM RLS)
133434,3/12/2010,RULES TO CALENDAR 3/12/2010
133434,3/12/2010,READ THE SECOND TIME
133434,3/12/2010,ADVANCED TO THIRD READING UNAN CONSENT
133434,3/12/2010,READ THE THIRD TIME CSHJR 16(L&C)
133434,3/12/2010,CROSS SPONSOR(S): DAVIS KOOKESH FRENCH WAGONER COGHILL THOMAS ELLIS
133434,3/12/2010,PASKVAN MENARD WIELECHOWSKI EGAN MEYER MCGUIRE HUGGINS STEVENS OLSON
133434,3/12/2010,STEDMAN
133434,3/12/2010,PASSED Y18 N- E2
133434,3/12/2010,RETURN TO (H) TRANSMIT TO GOV NEXT
133434,3/12/2010,VERSION: CSHJR 16(L&C)
133434,7/9/2010,2:06 PM 5/27/10 TRANSMITTED TO GOVERNOR
133434,7/9/2010,PERMANENTLY FILED 6/4 LEGIS RESOLVE 30
133435,2/11/2009,READ THE FIRST TIME - REFERRALS
133435,2/11/2009,JUD
133435,2/13/2009,COSPONSOR(S): KELLY
133435,2/16/2009,COSPONSOR(S): GATTO
133435,2/18/2009,JUD RPT CS(JUD) 6DP
133435,2/18/2009,DP: GRUENBERG LYNN COGHILL HOLMES GATTO RAMRAS
133435,2/18/2009,FN1: ZERO(H.JUD)
133435,2/18/2009,COSPONSOR(S): MUNOZ
133435,2/25/2009,RULES TO CALENDAR 2/25/2009
133435,2/25/2009,READ THE SECOND TIME
133435,2/25/2009,JUD CS ADOPTED UNAN CONSENT
133435,2/25/2009,ADVANCED TO THIRD READING UNAN CONSENT
133435,2/25/2009,COSPONSOR(S): ALL MEMBERS UNAN CONSENT
133435,2/25/2009,READ THE THIRD TIME CSHJR 17(JUD)
133435,2/25/2009,PASSED Y40
133435,2/25/2009,TRANSMITTED TO (S)
133435,2/25/2009,VERSION: CSHJR 17(JUD)
133435,2/27/2009,READ THE FIRST TIME - REFERRALS
133435,2/27/2009,JUD
133435,2/27/2009,CROSS SPONSOR(S): THERRIAULT
133435,2/27/2009,CROSS SPONSOR(S): BUNDE DYSON MCGUIRE MENARD MEYER HUGGINS STEDMAN OLSON
133435,2/27/2009,STEVENS
133435,3/20/2009,JUD RPT SCS 4DP SAME TITLE
133435,3/20/2009,DP: FRENCH THERRIAULT WIELECHOWSKI MCGUIRE
133435,3/20/2009,FN1: ZERO(H.JUD)
133435,3/30/2009,RULES TO CALENDAR 3/30/2009
133435,3/30/2009,READ THE SECOND TIME
133435,3/30/2009,JUD SCS ADOPTED UNAN CONSENT
133435,3/30/2009,ADVANCED TO THIRD READING UNAN CONSENT
133435,3/30/2009,READ THE THIRD TIME SCS CSHJR 17(JUD)
133435,3/30/2009,PASSED Y17 N- E2 V1
133435,3/30/2009,TRANSMITTED TO (H) AS AMENDED
133435,3/30/2009,VERSION: SCS CSHJR 17(JUD)
133435,4/1/2009,HELD UNDER UNFINISHED BUSINESS
133435,4/15/2009,CONCUR AM OF (S) Y38 E1 A1
133435,8/5/2009,4:45 PM 5/27/09 TRANSMITTED TO GOVERNOR
133435,8/5/2009,PERMANENTLY FILED 7/10 LEGIS RESOLVE 11
133436,2/11/2009,READ THE FIRST TIME - REFERRALS
133436,2/11/2009,RES
133436,2/13/2009,COSPONSOR(S): KELLY
133436,2/25/2009,RES RPT CS(RES) 5DP 1AM
133436,2/25/2009,DP: EDGMON TUCK P.WILSON JOHNSON NEUMAN
133436,2/25/2009,AM: GUTTENBERG
133436,2/25/2009,FN1: ZERO(H.RES)
133436,3/18/2009,RULES TO CALENDAR 3/18/2009
133436,3/18/2009,READ THE SECOND TIME
133436,3/18/2009,RES CS ADOPTED UNAN CONSENT
133436,3/18/2009,ADVANCED TO THIRD READING 3/19 CALENDAR
133436,3/18/2009,COSPONSOR(S): DAHLSTROM HAWKER JOULE GATTO JOHANSEN
133436,3/19/2009,READ THE THIRD TIME CSHJR 18(RES)
133436,3/19/2009,PASSED Y32 N2 E4 A2
133436,3/19/2009,TRANSMITTED TO (S)
133436,3/19/2009,VERSION: CSHJR 18(RES)
133436,3/20/2009,READ THE FIRST TIME - REFERRALS
133436,3/20/2009,RES
133436,3/20/2009,CROSS SPONSOR(S): THERRIAULT WAGONER BUNDE
133436,4/2/2009,COSPONSOR(S): CRAWFORD
133436,4/18/2009,RES RPT 5DP 1NR
133436,4/18/2009,DP: MCGUIRE HUGGINS STEVENS FRENCH WAGONER
133436,4/18/2009,NR: WIELECHOWSKI
133436,4/18/2009,FN1: ZERO(H.RES)
133436,4/19/2009,RULES TO CALENDAR 4/19/2009
133436,4/19/2009,READ THE SECOND TIME
133436,4/19/2009,ADVANCED TO THIRD READING UNAN CONSENT
133436,4/19/2009,READ THE THIRD TIME CSHJR 18(RES)
133436,4/19/2009,CROSS SPONSOR(S): MCGUIRE MENARD STEDMAN MEYER HUGGINS OLSON FRENCH
133436,4/19/2009,DYSON THOMAS STEVENS
133436,4/19/2009,PASSED Y19 N- V1
133436,4/19/2009,RETURN TO (H) TRANSMIT TO GOV NEXT
133436,4/19/2009,VERSION: CSHJR 18(RES)
133436,8/5/2009,4:45 PM 5/27/09 TRANSMITTED TO GOVERNOR
133436,8/5/2009,PERMANENTLY FILED 7/29 LEGIS RESOLVE 26
133437,2/23/2009,READ THE FIRST TIME - REFERRALS
133437,2/23/2009,RES
133437,3/12/2009,COSPONSOR(S): GUTTENBERG
133437,3/13/2009,RES RPT 5DP 2NR
133437,3/13/2009,DP: GUTTENBERG EDGMON OLSON SEATON TUCK
133437,3/13/2009,NR: KAWASAKI JOHNSON
133437,3/13/2009,FN1: ZERO(H.RES)
133437,3/18/2009,RULES TO CALENDAR 3/18/2009
133437,3/18/2009,READ THE SECOND TIME
133437,3/18/2009,ADVANCED TO THIRD READING UNAN CONSENT
133437,3/18/2009,READ THE THIRD TIME HJR 19
133437,3/18/2009,PASSED Y37 E2 A1
133437,3/18/2009,COSPONSOR(S): LYNN GARDNER KERTTULA SEATON THOMAS STOLTZE HERRON BUCH
133437,3/18/2009,TRANSMITTED TO (S)
133437,3/18/2009,VERSION: HJR 19
133437,3/20/2009,READ THE FIRST TIME - REFERRALS
133437,3/20/2009,STA
133437,3/20/2009,RES REFERRAL ADDED
133437,3/23/2009,RES REFERRAL REMOVED
133437,3/25/2009,STA RPT 5DP
133437,3/25/2009,DP: MENARD MEYER FRENCH PASKVAN KOOKESH
133437,3/25/2009,FN1: ZERO(H.RES)
133437,3/25/2009,RULES TO CALENDAR 3/25/2009
133437,3/25/2009,READ THE SECOND TIME
133437,3/25/2009,ADVANCED TO THIRD READING UNAN CONSENT
133437,3/25/2009,READ THE THIRD TIME HJR 19
133437,3/25/2009,CROSS SPONSOR(S): FRENCH WAGONER ELLIS WIELECHOWSKI PASKVAN MENARD THOMAS
133437,3/25/2009,STEVENS
133437,3/25/2009,PASSED Y16 N2 E1 V1
133437,3/25/2009,DYSON NOTICE OF RECONSIDERATION
133437,3/27/2009,RECON TAKEN UP - IN THIRD READING
133437,3/27/2009,RETURN TO SECOND FOR AM 1 UNAN CONSENT
133437,3/27/2009,AM NO 1 FAILED Y4 N13 E2 V1
133437,3/27/2009,AUTOMATICALLY IN THIRD READING
133437,3/27/2009,PASSED ON RECONSIDERATION Y17 N- E2 V1
133437,3/27/2009,RETURN TO (H) TRANSMIT TO GOV NEXT
133437,3/27/2009,VERSION: HJR 19
133437,4/3/2009,11:05 AM 4/3/09 TRANSMITTED TO GOVERNOR
133437,8/5/2009,PERMANENTLY FILED 7/13 LEGIS RESOLVE 5
133438,2/23/2009,READ THE FIRST TIME - REFERRALS
133438,2/23/2009,CRA L&C
133438,3/5/2009,CRA RPT 2DP 3NR
133438,3/5/2009,DP: KELLER MUNOZ
133438,3/5/2009,NR: HARRIS CISSNA HERRON
133438,3/5/2009,FN1: ZERO(LEG)
133438,3/18/2009,L&C RPT 2DP 5NR
133438,3/18/2009,DP: COGHILL CHENAULT
133438,3/18/2009,NR: LYNN BUCH NEUMAN HOLMES OLSON
133438,3/18/2009,FN1: ZERO(LEG)
133438,3/18/2009,REFERRED TO RULES
133439,2/27/2009,READ THE FIRST TIME - REFERRALS
133439,2/27/2009,FSH RES
133439,3/12/2009,FSH RPT 4DP 3NR
133439,3/12/2009,DP: JOHNSON MILLETT KELLER MUNOZ
133439,3/12/2009,NR: KAWASAKI BUCH EDGMON
133439,3/12/2009,FN1: ZERO(H.FSH)
133439,3/18/2009,COSPONSOR(S): NEUMAN JOHNSON
133439,3/19/2009,RES RPT 6DP 3NR
133439,3/19/2009,DP: OLSON TUCK SEATON P.WILSON NEUMAN JOHNSON
133439,3/19/2009,NR: EDGMON GUTTENBERG KAWASAKI
133439,3/19/2009,FN1: ZERO(H.FSH)
133439,3/23/2009,RULES TO CALENDAR 3/23/2009
133439,3/23/2009,READ THE SECOND TIME
133439,3/23/2009,ADVANCED TO THIRD READING UNAN CONSENT
133439,3/23/2009,READ THE THIRD TIME HJR 21
133439,3/23/2009,PASSED Y30 E10
133439,3/23/2009,COSPONSOR(S): JOHANSEN
133439,3/23/2009,TRANSMITTED TO (S)
133439,3/23/2009,VERSION: HJR 21
133439,3/25/2009,READ THE FIRST TIME - REFERRALS
133439,3/25/2009,RES
133439,4/6/2009,RES RPT 1DP 4NR
133439,4/6/2009,DP: STEVENS
133439,4/6/2009,NR: WIELECHOWSKI WAGONER FRENCH HUGGINS
133439,4/6/2009,FN1: ZERO(H.FSH)
133439,4/6/2009,REFERRED TO RULES
133440,3/2/2009,READ THE FIRST TIME - REFERRALS
133440,3/2/2009,STA
133440,3/19/2009,STA RPT 6DP 1NR
133440,3/19/2009,DP: GATTO SEATON GRUENBERG P.WILSON PETERSEN LYNN
133440,3/19/2009,NR: JOHNSON
133440,3/19/2009,FN1: ZERO(H.STA)
133440,4/8/2009,RULES TO CALENDAR 4/8/2009
133440,4/8/2009,READ THE SECOND TIME
133440,4/8/2009,ADVANCED TO THIRD READING UNAN CONSENT
133440,4/8/2009,READ THE THIRD TIME HJR 22
133440,4/8/2009,PASSED Y34 N4 E1 A1
133440,4/8/2009,COSPONSOR(S): LYNN DAHLSTROM P.WILSON
133440,4/8/2009,TRANSMITTED TO (S)
133440,4/8/2009,VERSION: HJR 22
133440,4/9/2009,READ THE FIRST TIME - REFERRALS
133440,4/9/2009,RES
133440,4/14/2009,RES RPT 3DP 2NR
133440,4/14/2009,DP: WIELECHOWSKI STEVENS FRENCH
133440,4/14/2009,NR: WAGONER HUGGINS
133440,4/14/2009,FN1: ZERO(H.STA)
133440,4/16/2009,RULES TO CALENDAR 4/16/2009
133440,4/16/2009,READ THE SECOND TIME
133440,4/16/2009,ADVANCED TO THIRD READING UNAN CONSENT
133440,4/16/2009,READ THE THIRD TIME HJR 22
133440,4/16/2009,CROSS SPONSOR(S): WIELECHOWSKI ELLIS PASKVAN MCGUIRE MEYER HOFFMAN FRENCH
133440,4/16/2009,THOMAS
133440,4/16/2009,PASSED Y15 N2 A2 V1
133440,4/16/2009,RETURN TO (H) TRANSMIT TO GOV NEXT
133440,4/16/2009,VERSION: HJR 22
133440,8/5/2009,4:45 PM 5/27/09 TRANSMITTED TO GOVERNOR
133440,8/5/2009,PERMANENTLY FILED 7/29 LEGIS RESOLVE 14
133441,3/12/2009,READ THE FIRST TIME - REFERRALS
133441,3/12/2009,STA JUD FIN
133441,3/12/2009,REFERRED TO STATE AFFAIRS
133442,3/13/2009,READ THE FIRST TIME - REFERRALS
133442,3/13/2009,MLV STA
133442,4/1/2009,MLV RPT 4DP
133442,4/1/2009,DP: RAMRAS LYNN BUCH GATTO
133442,4/1/2009,FN1: ZERO(H.MLV)
133442,4/1/2009,COSPONSOR(S): LYNN BUCH
133442,4/7/2009,STA RPT 7DP
133442,4/7/2009,DP: GATTO SEATON GRUENBERG P.WILSON PETERSEN JOHNSON LYNN
133442,4/7/2009,FN1: ZERO(H.MLV)
133442,2/17/2010,RULES TO CALENDAR 2/17/2010
133442,2/17/2010,READ THE SECOND TIME
133442,2/17/2010,FN2: ZERO(H.RLS) (UPDATED FN FROM RLS)
133442,2/17/2010,ADVANCED TO THIRD READING UNAN CONSENT
133442,2/17/2010,READ THE THIRD TIME HJR 24
133442,2/17/2010,PASSED Y37 E2 A1
133442,2/17/2010,COSPONSOR(S): DAHLSTROM KERTTULA CRAWFORD PETERSEN GARA
133442,2/17/2010,TRANSMITTED TO (S)
133442,2/17/2010,VERSION: HJR 24
133442,2/18/2010,READ THE FIRST TIME - REFERRALS
133442,2/18/2010,STA
133442,3/16/2010,STA RPT 4DP
133442,3/16/2010,DP: MENARD FRENCH MEYER PASKVAN
133442,3/16/2010,FN2: ZERO(H.RLS)
133442,3/22/2010,RULES TO CALENDAR 3/22/2010
133442,3/22/2010,READ THE SECOND TIME
133442,3/22/2010,ADVANCED TO THIRD READING UNAN CONSENT
133442,3/22/2010,READ THE THIRD TIME HJR 24
133442,3/22/2010,PASSED Y20 N-
133442,3/22/2010,RETURN TO (H) TRANSMIT TO GOV NEXT
133442,3/22/2010,VERSION: HJR 24
133442,3/25/2010,MANIFEST ERROR(S)
133442,3/26/2010,11:04 AM 3/26/10 TRANSMITTED TO GOVERNOR
133442,4/16/2010,PERMANENTLY FILED 4/15 LEGIS RESOLVE 32
133443,3/13/2009,READ THE FIRST TIME - REFERRALS
133443,3/13/2009,ENE RES
133443,3/25/2009,ENE RPT CS(ENE) 5DP
133443,3/25/2009,DP: RAMRAS DAHLSTROM TUCK JOHANSEN MILLETT
133443,3/25/2009,FN1: ZERO(H.ENE)
133443,4/10/2009,RES RPT CS(ENE) 6DP 1NR 1AM
133443,4/10/2009,DP: EDGMON OLSON TUCK SEATON JOHNSON NEUMAN
133443,4/10/2009,NR: KAWASAKI
133443,4/10/2009,AM: GUTTENBERG
133443,4/10/2009,FN1: ZERO(H.ENE)
133443,4/13/2009,RULES TO CALENDAR 4/13/2009
133443,4/13/2009,READ THE SECOND TIME
133443,4/13/2009,ENE CS ADOPTED UNAN CONSENT
133443,4/13/2009,AM NO 1 OFFERED
133443,4/13/2009,DIVIDE THE AMENDMENT UC
133443,4/13/2009,AM NO 1A ADOPTED Y32 A8
133443,4/13/2009,AM TO AM 1B ADOPTED UNANIMOUS CONSENT
133443,4/13/2009,AM NO 1B AS AM FAILED Y12 N28
133443,4/13/2009,ADVANCED TO THIRD READING UNAN CONSENT
133443,4/13/2009,READ THE THIRD TIME CSHJR 25(ENE) AM
133443,4/13/2009,PASSED Y40
133443,4/13/2009,COSPONSOR(S): LYNN GARA GUTTENBERG OLSON GATTO PETERSEN
133443,4/13/2009,CHENAULT HOLMES
133443,4/13/2009,TRANSMITTED TO (S)
133443,4/13/2009,VERSION: CSHJR 25(ENE) AM
133443,4/14/2009,READ THE FIRST TIME - REFERRALS
133443,4/14/2009,RES
133443,4/16/2009,RES RPT 3DP 1AM
133443,4/16/2009,DP: WIELECHOWSKI MCGUIRE FRENCH
133443,4/16/2009,AM: WAGONER
133443,4/16/2009,FN1: ZERO(H.ENE)
133443,4/17/2009,RULES TO CALENDAR 4/17/2009
133443,4/17/2009,READ THE SECOND TIME
133443,4/17/2009,ADVANCED TO THIRD READING UNAN CONSENT
133443,4/17/2009,READ THE THIRD TIME CSHJR 25(ENE) AM
133443,4/17/2009,CROSS SPONSOR(S): MCGUIRE STEDMAN MEYER ELLIS PASKVAN WIELECHOWSKI MENARD
133443,4/17/2009,KOOKESH FRENCH DAVIS THOMAS THERRIAULT WAGONER STEVENS
133443,4/17/2009,PASSED Y17 N- A2 V1
133443,4/17/2009,THERRIAULT NOTICE OF RECONSIDERATION
133443,4/18/2009,RECON TAKEN UP - IN THIRD READING
133443,4/18/2009,PASSED ON RECONSIDERATION Y18 N- A1 V1
133443,4/18/2009,RETURN TO (H) TRANSMIT TO GOV NEXT
133443,4/18/2009,VERSION: CSHJR 25(ENE) AM
133443,8/5/2009,4:45 PM 5/27/09 TRANSMITTED TO GOVERNOR
133443,8/5/2009,PERMANENTLY FILED 7/22 LEGIS RESOLVE 27
133444,3/18/2009,READ THE FIRST TIME - REFERRALS
133444,3/18/2009,RES
133444,3/25/2009,COSPONSOR(S): KERTTULA
133444,4/7/2009,RES RPT 3DP 3NR
133444,4/7/2009,DP: P.WILSON JOHNSON NEUMAN
133444,4/7/2009,NR: OLSON SEATON TUCK
133444,4/7/2009,FN1: ZERO(H.RES)
133444,2/15/2010,RULES TO CALENDAR 2/15/2010
133444,2/15/2010,READ THE SECOND TIME
133444,2/15/2010,FN2: ZERO(H.RLS)
133444,2/15/2010,ADVANCED TO THIRD READING UNAN CONSENT
133444,2/15/2010,READ THE THIRD TIME HJR 26
133444,2/15/2010,PASSED Y36 E3 A1
133444,2/15/2010,COSPONSOR(S): DAHLSTROM JOHANSEN
133444,2/15/2010,TRANSMITTED TO (S)
133444,2/15/2010,VERSION: HJR 26
133444,2/17/2010,READ THE FIRST TIME - REFERRALS
133444,2/17/2010,RES
133444,4/10/2010,RES RPT 2DP 3NR
133444,4/13/2010,CORRECTED RES RPT RECEIVED W/SCS SAME TITLE
133444,4/10/2010,DP: MCGUIRE WAGONER
133444,4/10/2010,NR: WIELECHOWSKI STEVENS FRENCH
133444,4/10/2010,FN2: ZERO(H.RLS)
133444,4/14/2010,RULES TO CALENDAR 4/14/2010
133444,4/14/2010,READ THE SECOND TIME
133444,4/14/2010,RES SCS ADOPTED UNAN CONSENT
133444,4/14/2010,ADVANCED TO THIRD READING UNAN CONSENT
133444,4/14/2010,READ THE THIRD TIME SCS HJR 26(RES)
133444,4/14/2010,CROSS SPONSOR(S): HOFFMAN WAGONER THOMAS DYSON DAVIS KOOKESH COGHILL
133444,4/14/2010,PASKVAN MENARD EGAN MEYER MCGUIRE STEDMAN OLSON
133444,4/14/2010,PASSED Y20 N-
133444,4/14/2010,TRANSMITTED TO (H) AS AMENDED
133444,4/14/2010,VERSION: SCS HJR 26(RES)
133444,4/14/2010,HELD UNDER UNFINISHED BUSINESS
133444,4/18/2010,CONCUR AM OF (S) Y39 A1
133444,7/9/2010,3:18 PM 6/10/10 TRANSMITTED TO GOVERNOR
133444,8/27/2010,PERMANENTLY FILED 8/3 LEGIS RESOLVE 66
133445,3/19/2009,READ THE FIRST TIME - REFERRALS
133445,3/19/2009,RES
133445,4/1/2009,RES RPT CS(RES) 5DP AM2
133445,4/1/2009,DP: OLSON SEATON P.WILSON JOHNSON NEUMAN
133445,4/1/2009,AM: GUTTENBERG TUCK
133445,4/1/2009,FN1: ZERO(H.RES)
133445,4/1/2009,COSPONSOR(S): P.WILSON JOHNSON NEUMAN
133445,4/6/2009,RULES TO CALENDAR 4/6/2009
133445,4/6/2009,READ THE SECOND TIME
133445,4/6/2009,RES CS ADOPTED UNAN CONSENT
133445,4/6/2009,ADVANCED TO THIRD READING UNAN CONSENT
133445,4/6/2009,READ THE THIRD TIME CSHJR 27(RES)
133445,4/6/2009,PASSED Y34 N3 E3
133445,4/6/2009,KERTTULA NOTICE OF RECONSIDERATION
133445,4/6/2009,RECON TAKEN UP SAME DAY UC
133445,4/6/2009,PASSED ON RECONSIDERATION Y37 E3
133445,4/6/2009,COSPONSOR(S): MILLETT OLSON LYNN JOHANSEN
133445,4/6/2009,TRANSMITTED TO (S)
133445,4/6/2009,VERSION: CSHJR 27(RES)
133445,4/7/2009,COSPONSOR(S): GATTO
133445,4/7/2009,READ THE FIRST TIME - REFERRALS
133445,4/7/2009,RES
133445,4/7/2009,CROSS SPONSOR(S): THERRIAULT DYSON WAGONER
133445,4/18/2009,RES RPT SCS 3DP 3NR SAME TITLE
133445,4/18/2009,DP: MCGUIRE WAGONER HUGGINS
133445,4/18/2009,NR: WIELECHOWSKI FRENCH STEVENS
133445,4/18/2009,FN1: ZERO(H.RES)
133445,4/18/2009,RULES TO CALENDAR 4/18/2009
133445,4/18/2009,RETURNED TO RES COMMITTEE
133445,4/19/2009,RES RPT SCS (2D RES) 1DP 3NR SAME TITLE
133445,4/19/2009,DP: MCGUIRE
133445,4/19/2009,NR: WIELECHOWSKI STEVENS FRENCH
133445,4/19/2009,FN1: ZERO(H.RES)
133445,4/19/2009,RULES TO 1ST SUP CALENDAR 4/19/09
133445,4/19/2009,READ THE SECOND TIME
133445,4/19/2009,RES SCS (2D RES) ADOPTED UNAN CONSENT
133445,4/19/2009,ADVANCED TO THIRD READING UNAN CONSENT
133445,4/19/2009,READ THE THIRD TIME SCS CSHJR 27(2D RES)
133445,4/19/2009,CROSS SPONSOR(S): MCGUIRE HUGGINS MEYER STEDMAN MENARD BUNDE
133445,4/19/2009,PASSED Y19 N- V1
133445,4/19/2009,TRANSMITTED TO (H) AS AMENDED
133445,4/19/2009,VERSION: SCS CSHJR 27(2D RES)
133445,4/19/2009,HELD UNDER UNFINISHED BUSINESS
133445,4/19/2009,CONCUR AM OF (S) Y40
133445,8/5/2009,4:45 PM 5/27/09 TRANSMITTED TO GOVERNOR
133445,8/5/2009,PERMANENTLY FILED 7/10 LEGIS RESOLVE 28
133446,3/23/2009,READ THE FIRST TIME - REFERRALS
133446,3/23/2009,ENE RES
133446,3/25/2009,COSPONSOR(S): MILLETT
133446,3/27/2009,ENE REFERRAL WAIVED
133446,4/1/2009,RES RPT CS(RES) NT 5DP 1NR 1AM
133446,4/1/2009,DP: OLSON SEATON P.WILSON JOHNSON NEUMAN
133446,4/1/2009,NR: GUTTENBERG
133446,4/1/2009,AM: TUCK
133446,4/1/2009,FN1: ZERO(H.RES)
133446,4/1/2009,COSPONSOR(S): P.WILSON NEUMAN
133446,4/6/2009,RULES TO CALENDAR 4/6/2009
133446,4/6/2009,READ THE SECOND TIME
133446,4/6/2009,RES CS ADOPTED UNAN CONSENT
133446,4/6/2009,AM NO 1 ADOPTED UNAN CONSENT
133446,4/6/2009,AM NO 2 OFFERED AND WITHDRAWN
133446,4/6/2009,ADVANCED TO THIRD READING 4/7 CALENDAR
133446,4/6/2009,COSPONSOR(S): KELLER LYNN JOHANSEN
133446,4/7/2009,READ THE THIRD TIME CSHJR 28(RES) AM
133446,4/7/2009,PASSED Y32 N6 E1 A1
133446,4/7/2009,COSPONSOR(S): DAHLSTROM
133446,4/7/2009,TRANSMITTED TO (S)
133446,4/7/2009,VERSION: CSHJR 28(RES) AM
133446,4/8/2009,READ THE FIRST TIME - REFERRALS
133446,4/8/2009,RES
133446,4/14/2009,RES RPT SCS 2DP 3NR SAME TITLE
133446,4/14/2009,DP: FRENCH STEVENS
133446,4/14/2009,NR: WIELECHOWSKI HUGGINS WAGONER
133446,4/14/2009,FN1: ZERO(H.RES)
133446,4/18/2009,RULES TO CALENDAR 4/18/2009
133446,4/18/2009,READ THE SECOND TIME
133446,4/18/2009,RES SCS ADOPTED UNAN CONSENT
133446,4/18/2009,ADVANCED TO THIRD READING UNAN CONSENT
133446,4/18/2009,READ THE THIRD TIME SCS CSHJR 28(RES)
133446,4/18/2009,PASSED Y16 N3 V1
133446,4/18/2009,TRANSMITTED TO (H) AS AMENDED
133446,4/18/2009,VERSION: SCS CSHJR 28(RES)
133446,4/18/2009,HELD UNDER UNFINISHED BUSINESS
133446,4/19/2009,CONCUR AM OF (S) Y37 A3
133446,8/5/2009,4:45 PM 5/27/09 TRANSMITTED TO GOVERNOR
133446,8/5/2009,PERMANENTLY FILED 7/22 LEGIS RESOLVE 29
133447,3/25/2009,READ THE FIRST TIME - REFERRALS
133447,3/25/2009,MLV STA
133447,4/1/2009,MLV RPT 4DP
133447,4/1/2009,DP: RAMRAS LYNN BUCH GATTO
133447,4/1/2009,FN1: ZERO(H.MLV)
133447,4/1/2009,COSPONSOR(S): BUCH RAMRAS
133447,4/2/2009,STA REFERRAL WAIVED
133447,4/2/2009,REFERRED TO RULES
133447,4/3/2009,COSPONSOR(S): GRUENBERG
133448,4/1/2009,READ THE FIRST TIME - REFERRALS
133448,4/1/2009,JUD
133448,4/10/2009,JUD RPT 2DP 2DNP 3NR
133448,4/10/2009,DP: GATTO RAMRAS
133448,4/10/2009,DNP: LYNN HOLMES
133448,4/10/2009,NR: GRUENBERG COGHILL DAHLSTROM
133448,4/10/2009,FN1: ZERO(H.JUD/LEG)
133448,4/10/2009,REFERRED TO RULES
133449,4/1/2009,READ THE FIRST TIME - REFERRALS
133449,4/1/2009,MLV STA
133449,4/8/2009,MLV RPT CS(MLV) 3DP 2NR
133449,4/8/2009,DP: OLSON BUCH GATTO
133449,4/8/2009,NR: KAWASAKI LYNN
133449,4/8/2009,FN1: ZERO(H.MLV)
133449,4/8/2009,COSPONSOR(S): OLSON BUCH RAMRAS
133449,4/11/2009,STA RPT CS(MLV) 7DP
133449,4/11/2009,DP: JOHNSON GATTO SEATON GRUENBERG P.WILSON PETERSEN LYNN
133449,4/11/2009,FN1: ZERO(H.MLV)
133449,4/11/2009,COSPONSOR(S): MUNOZ
133449,4/13/2009,RULES TO CALENDAR 4/13/2009
133449,4/13/2009,READ THE SECOND TIME
133449,4/13/2009,MLV CS ADOPTED UNAN CONSENT
133449,4/13/2009,ADVANCED TO THIRD READING UNAN CONSENT
133449,4/13/2009,READ THE THIRD TIME CSHJR 31(MLV)
133449,4/13/2009,PASSED Y40
133449,4/13/2009,COSPONSOR(S): GARA KERTTULA JOHNSON FAIRCLOUGH STOLTZE GUTTENBERG
133449,4/13/2009,P.WILSON MILLETT GATTO
133449,4/13/2009,TRANSMITTED TO (S)
133449,4/13/2009,VERSION: CSHJR 31(MLV)
133449,4/14/2009,READ THE FIRST TIME - REFERRALS
133449,4/14/2009,STA
133449,4/14/2009,STA REFERRAL WAIVED
133449,4/15/2009,RULES TO CALENDAR 4/15/2009
133449,4/15/2009,READ THE SECOND TIME
133449,4/15/2009,ADVANCED TO THIRD READING UNAN CONSENT
133449,4/15/2009,READ THE THIRD TIME CSHJR 31(MLV)
133449,4/15/2009,PASSED Y19 N- V1
133449,4/15/2009,RETURN TO (H) TRANSMIT TO GOV NEXT
133449,4/15/2009,VERSION: CSHJR 31(MLV)
133449,8/5/2009,4:45 PM 5/27/09 TRANSMITTED TO GOVERNOR
133449,8/5/2009,PERMANENTLY FILED 7/9 LEGIS RESOLVE 10
133450,4/10/2009,READ THE FIRST TIME - REFERRALS
133450,4/10/2009,FSH RES
133450,4/10/2009,REFERRED TO FISHERIES
133450,4/15/2009,COSPONSOR(S): NEUMAN
133451,4/13/2009,READ THE FIRST TIME - REFERRALS
133451,4/13/2009,RES
133451,4/17/2009,RES RPT CS(RES) NT 6DP 2NR
133451,4/17/2009,DP: OLSON EDGMON SEATON P.WILSON NEUMAN JOHNSON
133451,4/17/2009,NR: GUTTENBERG TUCK
133451,4/17/2009,FN1: ZERO(H.RES)
133451,4/18/2009,RULES TO CALENDAR 4/18/2009
133451,4/18/2009,READ THE SECOND TIME
133451,4/18/2009,RES CS ADOPTED UNAN CONSENT
133451,4/18/2009,AM NO 1 ADOPTED UNAN CONSENT
133451,4/18/2009,...CHANGES TITLE OF LEGISLATION
133451,4/18/2009,ADVANCED TO THIRD READING UNAN CONSENT
133451,4/18/2009,READ THE THIRD TIME CSHJR 33(RES) AM
133451,4/18/2009,PASSED Y38 A2
133451,4/18/2009,COSPONSOR(S): DAHLSTROM
133451,4/18/2009,TRANSMITTED TO (S)
133451,4/18/2009,VERSION: CSHJR 33(RES) AM
133451,4/19/2009,READ THE FIRST TIME - REFERRALS
133451,4/19/2009,RES
133451,4/19/2009,REFERRED TO RESOURCES
133452,4/16/2009,READ THE FIRST TIME - REFERRALS
133452,4/16/2009,TRA STA
133452,4/16/2009,REFERRED TO TRANSPORTATION
133452,1/21/2010,COSPONSOR REMOVED: MUNOZ
133453,1/19/2010,PREFILE RELEASED 1/8/10
133453,1/19/2010,READ THE FIRST TIME - REFERRALS
133453,1/19/2010,HSS JUD FIN
133453,2/5/2010,COSPONSOR(S): T.WILSON
133453,2/17/2010,HSS RPT 3DP 1NR
133453,2/17/2010,DP: T.WILSON LYNN KELLER
133453,2/17/2010,NR: HERRON
133453,2/17/2010,FN1: (GOV)
133453,2/17/2010,COSPONSOR(S): STOLTZE LYNN
133453,3/12/2010,JUD RPT 3DP 2DNP 2NR
133453,3/12/2010,DP: LYNN GATTO RAMRAS
133453,3/12/2010,DNP: GRUENBERG HOLMES
133453,3/12/2010,NR: HERRON DAHLSTROM
133453,3/12/2010,FN1: (GOV)
133453,4/11/2010,FIN RPT 3DP 2DNP 3NR 2AM
133453,4/11/2010,DP: THOMAS KELLY STOLTZE
133453,4/11/2010,DNP: DOOGAN N.FOSTER
133453,4/11/2010,NR: JOULE AUSTERMAN HAWKER
133453,4/11/2010,AM: GARA FAIRCLOUGH
133453,4/11/2010,FN1: (GOV)
133453,4/14/2010,RULES TO CALENDAR 4/14/2010
133453,4/14/2010,READ THE SECOND TIME
133453,4/14/2010,ADVANCED TO THIRD READING 4/15 CALENDAR
133453,4/14/2010,COSPONSOR(S): NEUMAN JOHNSON
133453,4/15/2010,READ THE THIRD TIME HJR 35
133453,4/15/2010,RETURN TO SECOND FOR AM 1 UNAN CONSENT
133453,4/15/2010,AM NO 1 FAILED Y15 23 A2
133453,4/15/2010,AUTOMATICALLY IN THIRD READING
133453,4/15/2010,FAILED PASSAGE Y22 N18
133453,4/15/2010,COSPONSOR(S): OLSON
133453,4/15/2010,ENGROSSED
133454,1/19/2010,PREFILE RELEASED 1/8/10
133454,1/19/2010,READ THE FIRST TIME - REFERRALS
133454,1/19/2010,RES JUD FIN
133454,1/19/2010,REFERRED TO RESOURCES
133455,1/19/2010,PREFILE RELEASED 1/8/10
133455,1/19/2010,READ THE FIRST TIME - REFERRALS
133455,1/19/2010,STA JUD FIN
133455,1/19/2010,REFERRED TO STATE AFFAIRS
133456,1/19/2010,READ THE FIRST TIME - REFERRALS
133456,1/19/2010,STA JUD FIN
133456,2/15/2010,COSPONSOR(S): JOULE SALMON KERTTULA AUSTERMAN EDGMON
133456,2/17/2010,COSPONSOR(S): HERRON THOMAS
133456,2/19/2010,STA RPT CS(STA) NT 4DP 1DNP 1NR
133456,2/19/2010,DP: SEATON GRUENBERG P.WILSON PETERSEN
133456,2/19/2010,DNP: GATTO
133456,2/19/2010,NR: LYNN
133456,2/19/2010,FN1: (GOV)
133456,2/19/2010,FN2: (LEG)
133456,2/23/2010,COSPONSOR(S): SEATON
133456,3/15/2010,JUD RPT CS(STA) NT 2DP 1DNP 2NR
133456,3/15/2010,DP: GRUENBERG RAMRAS
133456,3/15/2010,DNP: GATTO
133456,3/15/2010,NR: LYNN HERRON
133456,3/15/2010,FN1: (GOV)
133456,3/15/2010,FN2: (LEG)
133456,3/15/2010,REFERRED TO FINANCE
133456,3/31/2010,COSPONSOR(S): MUNOZ
133456,4/9/2010,COSPONSOR(S): JOHANSEN
133457,1/27/2010,READ THE FIRST TIME - REFERRALS
133457,1/27/2010,CRA
133457,1/27/2010,REFERRED TO COMMUNITY & REGIONAL AFFAIRS
133458,1/27/2010,READ THE FIRST TIME - REFERRALS
133458,1/27/2010,RES
133458,1/29/2010,COSPONSOR(S): GATTO
133458,2/26/2010,RES RPT CS(RES) 3DP 2NR
133458,2/26/2010,DP: P.WILSON NEUMAN JOHNSON
133458,2/26/2010,NR: SEATON TUCK
133458,2/26/2010,FN1: ZERO(H.RES)
133458,2/26/2010,COSPONSOR(S): OLSON
133458,3/1/2010,RULES TO CALENDAR 3/1/2010
133458,3/1/2010,READ THE SECOND TIME
133458,3/1/2010,RES CS ADOPTED UNAN CONSENT
133458,3/1/2010,NOT ADVANCED TO THIRD READING SAME DAY
133458,3/1/2010,BEFORE THE HOUSE IN SECOND READING
133458,3/1/2010,ADVANCED TO THIRD READING UNAN CONSENT
133458,3/1/2010,READ THE THIRD TIME CSHJR 40(RES)
133458,3/1/2010,PASSED Y30 N3 E6 A1
133458,3/1/2010,JOHANSEN NOTICE OF RECONSIDERATION
133458,3/1/2010,RECON TAKEN UP SAME DAY UC
133458,3/1/2010,PASSED ON RECONSIDERATION Y31 N2 E6 A1
133458,3/1/2010,COSPONSOR(S): STOLTZE JOHANSEN
133458,3/1/2010,TRANSMITTED TO (S)
133458,3/1/2010,VERSION: CSHJR 40(RES)
133458,3/2/2010,READ THE FIRST TIME - REFERRALS
133458,3/2/2010,RES
133458,4/10/2010,RES RPT SCS FORTHCOMING 2DP 3NR
133458,4/11/2010,RES SCS RECEIVED SAME TITLE
133458,4/10/2010,DP: MCGUIRE WAGONER
133458,4/10/2010,NR: WIELECHOWSKI STEVENS FRENCH
133458,4/10/2010,FN1: ZERO(H.RES)
133458,4/15/2010,RULES TO CALENDAR 4/15/2010
133458,4/15/2010,READ THE SECOND TIME
133458,4/15/2010,RES SCS ADOPTED UNAN CONSENT
133458,4/15/2010,ADVANCED TO THIRD READING UNAN CONSENT
133458,4/15/2010,READ THE THIRD TIME SCS CSHJR 40(RES)
133458,4/15/2010,CROSS SPONSOR(S): DYSON WAGONER BUNDE MCGUIRE MEYER STEDMAN HUGGINS
133458,4/15/2010,MENARD
133458,4/15/2010,PASSED Y20 N-
133458,4/15/2010,TRANSMITTED TO (H) AS AMENDED
133458,4/15/2010,VERSION: SCS CSHJR 40(RES)
133458,4/15/2010,HELD UNDER UNFINISHED BUSINESS
133458,4/15/2010,CONCUR AM OF (S) Y39 N1
133458,7/9/2010,MANIFEST ERROR(S)
133458,7/9/2010,3:18 PM 6/10/10 TRANSMITTED TO GOVERNOR
133458,8/27/2010,PERMANENTLY FILED 8/3 LEGIS RESOLVE 42
133459,2/5/2010,READ THE FIRST TIME - REFERRALS
133459,2/5/2010,CRA JUD FIN
133459,2/5/2010,REFERRED TO COMMUNITY & REGIONAL AFFAIRS
133459,2/17/2010,COSPONSOR(S): STOLTZE
133460,2/5/2010,READ THE FIRST TIME - REFERRALS
133460,2/5/2010,TRA JUD FIN
133460,2/10/2010,TRA RPT 6DP 1NR
133460,2/10/2010,DP: JOHANSEN MUNOZ JOHNSON T.WILSON PETERSEN P.WILSON
133460,2/10/2010,NR: GRUENBERG
133460,2/10/2010,FN1: (GOV)
133460,3/4/2010,JUD RPT CS(JUD) 1DP 4NR
133460,3/4/2010,DP: LYNN
133460,3/4/2010,NR: GRUENBERG HERRON DAHLSTROM RAMRAS
133460,3/4/2010,FN1: (GOV)
133460,4/11/2010,FIN RPT CS(JUD) 3DP 7NR
133460,4/11/2010,DP: FAIRCLOUGH AUSTERMAN KELLY
133460,4/11/2010,NR: THOMAS GARA DOOGAN JOULE N.FOSTER STOLTZE HAWKER
133460,4/11/2010,FN1: (GOV)
133460,4/11/2010,RULES TO CALENDAR 4/11/2010
133460,4/11/2010,READ THE SECOND TIME
133460,4/11/2010,JUD CS ADOPTED UNAN CONSENT
133460,4/11/2010,ADVANCED TO THIRD READING 4/12 CALENDAR
133460,4/12/2010,READ THE THIRD TIME CSHJR 42(JUD)
133460,4/12/2010,PASSED Y27 N13
133460,4/12/2010,TRANSMITTED TO (S)
133460,4/12/2010,VERSION: CSHJR 42(JUD)
133460,4/13/2010,READ THE FIRST TIME - REFERRALS
133460,4/13/2010,TRA FIN
133460,4/14/2010,TRA RPT SCS 5DP SAME TITLE
133460,4/14/2010,DP: KOOKESH MENARD DAVIS MEYER PASKVAN
133460,4/14/2010,FN1: (GOV)
133460,4/14/2010,REFERRED TO FINANCE
133461,2/10/2010,READ THE FIRST TIME - REFERRALS
133461,2/10/2010,FSH RES
133461,2/17/2010,FSH RPT 3DP 2NR
133461,2/17/2010,DP: MILLETT MUNOZ EDGMON
133461,2/17/2010,NR: KAWASAKI KELLER
133461,2/17/2010,FN1: ZERO(H.FSH)
133461,2/17/2010,REFERRED TO RESOURCES
133461,2/17/2010,COSPONSOR(S): MILLETT
133461,4/6/2010,COSPONSOR(S): JOULE
133462,2/17/2010,READ THE FIRST TIME - REFERRALS
133462,2/17/2010,STA JUD FIN
133462,2/17/2010,REFERRED TO STATE AFFAIRS
133463,2/17/2010,READ THE FIRST TIME - REFERRALS
133463,2/17/2010,ENE FIN
133463,2/19/2010,COSPONSOR(S): KELLY
133463,2/23/2010,COSPONSOR(S): JOHANSEN
133463,2/24/2010,ENE RPT CS(ENE) 6DP
133463,2/24/2010,DP: DAHLSTROM PETERSEN JOHANSEN TUCK EDGMON MILLETT
133463,2/24/2010,FN1: ZERO(H.ENE)
133463,2/24/2010,COSPONSOR(S): EDGMON
133463,3/11/2010,COSPONSOR(S): JOHNSON
133463,3/12/2010,COSPONSOR(S): FAIRCLOUGH AUSTERMAN THOMAS
133463,3/15/2010,FIN RPT CS(FIN) 8DP 2NR 1AM
133463,3/15/2010,DP: THOMAS JOULE AUSTERMAN KELLY N.FOSTER FAIRCLOUGH HAWKER STOLTZE
133463,3/15/2010,NR: DOOGAN SALMON
133463,3/15/2010,AM: GARA
133463,3/15/2010,FN2: ZERO(LEG)
133463,3/17/2010,RULES TO CALENDAR 3/17/2010
133463,3/17/2010,READ THE SECOND TIME
133463,3/17/2010,FIN CS ADOPTED UNAN CONSENT
133463,3/17/2010,AM NO 1 FAILED Y15 N23 E1 A1
133463,3/17/2010,AM NO 2 ADOPTED UNAN CONSENT
133463,3/17/2010,ADVANCED TO THIRD READING UNAN CONSENT
133463,3/17/2010,READ THE THIRD TIME CSHJR 45(FIN) AM
133463,3/17/2010,PASSED Y31 N7 E1 A1
133463,3/17/2010,COSPONSOR(S): MUNOZ
133463,3/17/2010,TRANSMITTED TO (S)
133463,3/17/2010,VERSION: CSHJR 45(FIN) AM
133463,3/18/2010,READ THE FIRST TIME - REFERRALS
133463,3/18/2010,RES FIN
133463,4/15/2010,RES REFERRAL WAIVED
133463,4/18/2010,FIN RPT 4DP 2NR
133463,4/18/2010,DP: HOFFMAN STEDMAN HUGGINS THOMAS
133463,4/18/2010,NR: EGAN OLSON
133463,4/18/2010,FN2: ZERO(LEG)
133463,4/18/2010,RULES TO CALENDAR 4/18/2010
133463,4/18/2010,READ THE SECOND TIME
133463,4/18/2010,ADVANCED TO THIRD READING UNAN CONSENT
133463,4/18/2010,READ THE THIRD TIME CSHJR 45(FIN) AM
133463,4/18/2010,CROSS SPONSOR(S): WAGONER DYSON COGHILL BUNDE HUGGINS MEYER MCGUIRE
133463,4/18/2010,MENARD
133463,4/18/2010,PASSED Y19 N1
133463,4/18/2010,RETURN TO (H) TRANSMIT TO GOV NEXT
133463,4/18/2010,VERSION: CSHJR 45(FIN) AM
133463,7/9/2010,MANIFEST ERROR(S)
133463,7/9/2010,3:18 PM 6/10/10 TRANSMITTED TO GOVERNOR
133463,8/27/2010,PERMANENTLY FILED 8/3 LEGIS RESOLVE 67
133464,2/19/2010,READ THE FIRST TIME - REFERRALS
133464,2/19/2010,CRA
133464,2/23/2010,CRA RPT 4DP
133464,2/23/2010,DP: CISSNA HARRIS MUNOZ HERRON
133464,2/23/2010,FN1: ZERO(LEG)
133464,2/24/2010,RULES TO CALENDAR 2/24/2010
133464,2/24/2010,READ THE SECOND TIME
133464,2/24/2010,ADVANCED TO THIRD READING UNAN CONSENT
133464,2/24/2010,READ THE THIRD TIME HJR 46
133464,2/24/2010,PASSED Y39 E1
133464,2/24/2010,TRANSMITTED TO (S)
133464,2/24/2010,VERSION: HJR 46
133464,2/26/2010,READ THE FIRST TIME - REFERRALS
133464,2/26/2010,CRA
133464,3/10/2010,CRA RPT 5DP
133464,3/10/2010,DP: OLSON FRENCH THOMAS MENARD KOOKESH
133464,3/10/2010,FN1: ZERO(LEG)
133464,3/15/2010,RULES TO CALENDAR 3/15/2010
133464,3/15/2010,READ THE SECOND TIME
133464,3/15/2010,ADVANCED TO THIRD READING UNAN CONSENT
133464,3/15/2010,READ THE THIRD TIME HJR 46
133464,3/15/2010,PASSED Y19 N- E1
133464,3/15/2010,RETURN TO (H) TRANSMIT TO GOV NEXT
133464,3/15/2010,VERSION: HJR 46
133464,3/19/2010,10:02 AM 3/19/10 TRANSMITTED TO GOVERNOR
133464,4/16/2010,PERMANENTLY FILED 4/15 LEGIS RESOLVE 31
133465,2/23/2010,READ THE FIRST TIME - REFERRALS
133465,2/23/2010,TRA
133465,3/24/2010,TRA RPT 5DP 1AM
133465,3/24/2010,DP: JOHANSEN MUNOZ T.WILSON GRUENBERG PETERSEN
133465,3/24/2010,AM: P.WILSON
133465,3/24/2010,FN1: ZERO(DOT)
133465,4/1/2010,RULES TO CALENDAR 4/1/2010
133465,4/1/2010,READ THE SECOND TIME
133465,4/1/2010,ADVANCED TO THIRD READING UNAN CONSENT
133465,4/1/2010,READ THE THIRD TIME HJR 47
133465,4/1/2010,PASSED Y36 E2 A2
133465,4/1/2010,COSPONSOR(S): P.WILSON GUTTENBERG KERTTULA JOHNSON THOMAS RAMRAS
133465,4/1/2010,TRANSMITTED TO (S)
133465,4/1/2010,VERSION: HJR 47
133465,4/2/2010,READ THE FIRST TIME - REFERRALS
133465,4/2/2010,TRA
133465,4/9/2010,TRA RPT 5DP
133465,4/9/2010,DP: KOOKESH MENARD DAVIS PASKVAN MEYER
133465,4/9/2010,FN1: ZERO(DOT)
133465,4/17/2010,RULES TO CALENDAR 4/17/2010
133465,4/17/2010,READ THE SECOND TIME
133465,4/17/2010,ADVANCED TO THIRD READING UNAN CONSENT
133465,4/17/2010,READ THE THIRD TIME HJR 47
133465,4/17/2010,PASSED Y20 N-
133465,4/17/2010,RETURN TO (H) TRANSMIT TO GOV NEXT
133465,4/17/2010,VERSION: HJR 47
133465,7/9/2010,3:18 PM 6/10/10 TRANSMITTED TO GOVERNOR
133465,8/27/2010,PERMANENTLY FILED 8/3 LEGIS RESOLVE 68
133466,2/23/2010,READ THE FIRST TIME - REFERRALS
133466,2/23/2010,FIN
133466,3/22/2010,FIN RPT 9DP
133466,3/22/2010,DP: GARA DOOGAN JOULE KELLY AUSTERMAN N.FOSTER FAIRCLOUGH STOLTZE
133466,3/22/2010,HAWKER
133466,3/22/2010,FN1: ZERO(LEG)
133466,3/22/2010,COSPONSOR(S): FAIRCLOUGH
133466,3/25/2010,RULES TO CALENDAR 3/25/2010
133466,3/25/2010,READ THE SECOND TIME
133466,3/25/2010,ADVANCED TO THIRD READING UNAN CONSENT
133466,3/25/2010,READ THE THIRD TIME HJR 48
133466,3/25/2010,PASSED Y32 E5 A3
133466,3/25/2010,COSPONSOR(S): HOLMES TUCK PETERSEN JOHNSON DAHLSTROM
133466,3/25/2010,TRANSMITTED TO (S)
133466,3/25/2010,VERSION: HJR 48
133466,3/26/2010,READ THE FIRST TIME - REFERRALS
133466,3/26/2010,JUD
133466,4/9/2010,JUD RPT 3DP 1NR
133466,4/9/2010,DP: FRENCH EGAN WIELECHOWSKI
133466,4/9/2010,NR: COGHILL
133466,4/9/2010,FN1: ZERO(LEG)
133466,4/17/2010,RULES TO CALENDAR 4/17/2010
133466,4/17/2010,READ THE SECOND TIME
133466,4/17/2010,ADVANCED TO THIRD READING UNAN CONSENT
133466,4/17/2010,READ THE THIRD TIME HJR 48
133466,4/17/2010,PASSED Y20 N-
133466,4/17/2010,RETURN TO (H) TRANSMIT TO GOV NEXT
133466,4/17/2010,VERSION: HJR 48
133466,7/9/2010,MANIFEST ERROR(S)
133466,7/9/2010,3:19 PM 6/10/10 TRANSMITTED TO GOVERNOR
133466,8/27/2010,PERMANENTLY FILED 8/3 LEGIS RESOLVE 69
133467,2/23/2010,READ THE FIRST TIME - REFERRALS
133467,2/23/2010,RES
133467,2/26/2010,COSPONSOR(S): P.WILSON
133467,3/8/2010,COSPONSOR(S): T.WILSON
133467,3/10/2010,RES RPT CS(RES) 6DP 1DNP 2AM
133467,3/10/2010,DP: OLSON EDGMON SEATON P.WILSON NEUMAN JOHNSON
133467,3/10/2010,DNP: GUTTENBERG
133467,3/10/2010,AM: TUCK KAWASAKI
133467,3/10/2010,FN1: ZERO(H.RES)
133467,3/11/2010,COSPONSOR(S): OLSON
133467,3/25/2010,RULES TO CALENDAR 3/25/2010
133467,3/25/2010,READ THE SECOND TIME
133467,3/25/2010,RES CS ADOPTED UNAN CONSENT
133467,3/25/2010,ADVANCED TO THIRD READING 3/29 CALENDAR
133467,3/25/2010,COSPONSOR(S): KELLY
133467,3/29/2010,READ THE THIRD TIME CSHJR 49(RES)
133467,3/29/2010,PASSED Y34 N6
133467,3/29/2010,GRUENBERG NOTICE OF RECONSIDERATION
133467,3/29/2010,COSPONSOR(S): DAHLSTROM JOHANSEN
133467,3/30/2010,RECON TAKEN UP - IN THIRD READING
133467,3/30/2010,PASSED ON RECONSIDERATION Y32 N8
133467,3/30/2010,TRANSMITTED TO (S)
133467,3/30/2010,VERSION: CSHJR 49(RES)
133467,3/31/2010,READ THE FIRST TIME - REFERRALS
133467,3/31/2010,RES
133467,4/16/2010,RES RPT 3DP 2NR
133467,4/16/2010,DP: MCGUIRE HUGGINS STEVENS
133467,4/16/2010,NR: WIELECHOWSKI FRENCH
133467,4/16/2010,FN1: ZERO(H.RES)
133467,4/17/2010,RULES TO CALENDAR 4/17/2010
133467,4/17/2010,READ THE SECOND TIME
133467,4/17/2010,ADVANCED TO THIRD READING UNAN CONSENT
133467,4/17/2010,READ THE THIRD TIME CSHJR 49(RES)
133467,4/17/2010,PASSED Y19 N- A1
133467,4/17/2010,RETURN TO (H) TRANSMIT TO GOV NEXT
133467,4/17/2010,VERSION: CSHJR 49(RES)
133467,4/17/2010,CROSS SPONSOR(S): MCGUIRE MENARD HUGGINS WAGONER
133467,7/9/2010,3:19 PM 6/10/10 TRANSMITTED TO GOVERNOR
133467,8/27/2010,PERMANENTLY FILED 8/3 LEGIS RESOLVE 70
133468,2/23/2010,READ THE FIRST TIME - REFERRALS
133468,2/23/2010,RES
133468,2/23/2010,REFERRED TO RESOURCES
133469,2/23/2010,READ THE FIRST TIME - REFERRALS
133469,2/23/2010,L&C
133469,3/10/2010,L&C RPT 3DP 1NR
133469,3/10/2010,DP: NEUMAN CHENAULT OLSON
133469,3/10/2010,NR: BUCH
133469,3/10/2010,FN1: ZERO(H.L&C)
133469,3/31/2010,RULES TO CALENDAR 3/31/2010
133469,3/31/2010,READ THE SECOND TIME
133469,3/31/2010,ADVANCED TO THIRD READING UNAN CONSENT
133469,3/31/2010,READ THE THIRD TIME HJR 51
133469,3/31/2010,PASSED Y37 E3
133469,3/31/2010,TRANSMITTED TO (S)
133469,3/31/2010,VERSION: HJR 51
133469,4/1/2010,READ THE FIRST TIME - REFERRALS
133469,4/1/2010,L&C
133469,4/11/2010,L&C RPT 3DP 1NR
133469,4/11/2010,DP: BUNDE DAVIS MEYER
133469,4/11/2010,NR: PASKVAN
133469,4/11/2010,FN1: ZERO(H.L&C)
133469,4/14/2010,RULES TO CALENDAR 4/14/2010
133469,4/14/2010,READ THE SECOND TIME
133469,4/14/2010,ADVANCED TO THIRD READING UNAN CONSENT
133469,4/14/2010,READ THE THIRD TIME HJR 51
133469,4/14/2010,PASSED Y19 N- A1
133469,4/14/2010,RETURN TO (H) TRANSMIT TO GOV NEXT
133469,4/14/2010,VERSION: HJR 51
133469,7/9/2010,MANIFEST ERROR(S)
133469,7/9/2010,3:19 PM 6/10/10 TRANSMITTED TO GOVERNOR
133469,8/27/2010,PERMANENTLY FILED 8/3 LEGIS RESOLVE 45
133470,2/23/2010,READ THE FIRST TIME - REFERRALS
133470,2/23/2010,ENE CRA
133470,2/23/2010,REFERRED TO ENERGY
133471,3/10/2010,READ THE FIRST TIME - REFERRALS
133471,3/10/2010,MLV
133471,3/24/2010,MLV RPT 4DP 1NR
133471,3/24/2010,DP: LYNN BUCH RAMRAS HARRIS
133471,3/24/2010,NR: KAWASAKI
133471,3/24/2010,FN1: ZERO(H.MLV)
133471,3/29/2010,RULES TO CALENDAR 3/29/2010
133471,3/29/2010,READ THE SECOND TIME
133471,3/29/2010,ADVANCED TO THIRD READING UNAN CONSENT
133471,3/29/2010,READ THE THIRD TIME HJR 53
133471,3/29/2010,PASSED Y40
133471,3/29/2010,TRANSMITTED TO (S)
133471,3/29/2010,VERSION: HJR 53
133471,3/30/2010,READ THE FIRST TIME - REFERRALS
133471,3/30/2010,STA
133471,4/6/2010,STA RPT 2DP 3NR
133471,4/6/2010,DP: MENARD MEYER
133471,4/6/2010,NR: FRENCH PASKVAN KOOKESH
133471,4/6/2010,FN1: ZERO(H.MLV)
133471,4/7/2010,RULES TO CALENDAR 4/7/2010
133471,4/7/2010,READ THE SECOND TIME
133471,4/7/2010,ADVANCED TO THIRD READING UNAN CONSENT
133471,4/7/2010,READ THE THIRD TIME HJR 53
133471,4/7/2010,PASSED Y20 N-
133471,4/7/2010,RETURN TO (H) TRANSMIT TO GOV NEXT
133471,4/7/2010,VERSION: HJR 53
133471,7/9/2010,3:19 PM 6/10/10 TRANSMITTED TO GOVERNOR
133471,7/9/2010,PERMANENTLY FILED 6/17 LEGIS RESOLVE 38
133472,1/20/2009,READ THE FIRST TIME
133472,1/20/2009,READ THE SECOND TIME
133472,1/20/2009,FN1: ZERO(H.RLS)
133472,1/20/2009,PASSED Y39 A1
133472,1/20/2009,RAMRAS (CHAIR) CHENAULT DAHLSTROM JOHANSEN NEUMAN DOOGAN TUCK
133472,1/28/2009,3:10 PM 1/27/09 TRANSMITTED TO GOVERNOR
133472,2/9/2009,PERMANENTLY FILED 2/6 HOUSE RESOLVE 1
133472,2/25/2009,MEMBERS ADDED: HOLMES JOULE
133472,1/19/2010,CRAWFORD REPLACED DOOGAN
133473,1/20/2009,READ THE FIRST TIME
133473,1/20/2009,READ THE SECOND TIME
133473,1/20/2009,FN1: ZERO(H.RLS)
133473,1/20/2009,PASSED Y39 A1
133473,1/20/2009,EDGMON & MILLETT (CO-CHAIRS) DAHLSTROM JOHANSEN RAMRAS PETERSEN TUCK
133473,1/28/2009,3:10 PM 1/27/09 TRANSMITTED TO GOVERNOR
133473,2/9/2009,PERMANENTLY FILED 2/6 HOUSE RESOLVE 2
133474,1/20/2009,READ THE FIRST TIME
133474,1/20/2009,READ THE SECOND TIME
133474,1/20/2009,FN1: ZERO(H.RLS)
133474,1/20/2009,PASSED Y39 A1
133474,1/20/2009,EDGMON (CHAIR) JOHNSON KELLER MILLETT MUNOZ BUCH KERTTULA
133474,1/28/2009,KAWASAKI REPLACED KERTTULA; KELLER (VICE CHAIR)
133474,1/28/2009,3:10 PM 1/27/09 TRANSMITTED TO GOVERNOR
133474,2/9/2009,PERMANENTLY FILED 2/6 HOUSE RESOLVE 3
133475,1/20/2009,READ THE FIRST TIME
133475,1/20/2009,READ THE SECOND TIME
133475,1/20/2009,FN1: ZERO(H.RLS)
133475,1/20/2009,PASSED Y40
133475,1/20/2009,GATTO (CHAIR) HARRIS LYNN OLSON RAMRAS BUCH KAWASAKI
133475,1/28/2009,3:10 PM 1/27/09 TRANSMITTED TO GOVERNOR
133475,2/9/2009,PERMANENTLY FILED 2/6 HOUSE RESOLVE 4
133475,1/19/2010,MEMBERS: T.WILSON REPLACED OLSON
133476,1/30/2009,READ THE FIRST TIME - REFERRALS
133476,1/30/2009,L&C
133476,2/18/2009,L&C RPT 3DP 2DNP 2NR
133476,2/18/2009,DP: COGHILL CHENAULT OLSON
133476,2/18/2009,DNP: HOLMES BUCH
133476,2/18/2009,NR: LYNN NEUMAN
133476,2/18/2009,FN1: ZERO(H.L&C)
133476,2/18/2009,REFERRED TO RULES
133476,3/5/2009,COSPONSOR(S): GATTO
133477,2/13/2009,READ THE FIRST TIME - REFERRALS
133477,2/13/2009,FIN
133477,2/23/2009,COSPONSOR(S): HAWKER
133477,2/25/2009,FIN RPT CS(FIN) NT 10DP
133477,2/25/2009,DP: GARA CRAWFORD SALMON JOULE AUSTERMAN FAIRCLOUGH THOMAS KELLY
133477,2/25/2009,HAWKER STOLTZE
133477,2/25/2009,FN1: ZERO(LEG)
133477,2/25/2009,RULES TO CALENDAR 2/25/2009
133477,2/25/2009,READ THE SECOND TIME
133477,2/25/2009,FIN CS ADOPTED UNAN CONSENT
133477,2/25/2009,PASSED Y38 E1 A1
133477,2/25/2009,COSPONSOR(S): CRAWFORD TUCK P.WILSON
133477,3/2/2009,3:55 PM 2/27/09 TRANSMITTED TO GOVERNOR
133477,8/5/2009,PERMANENTLY FILED 5/5 HOUSE RESOLVE 6
133478,2/23/2009,READ THE FIRST TIME - REFERRALS
133478,2/23/2009,JUD
133478,3/19/2009,JUD RPT 4DP 1NR
133478,3/19/2009,DP: LYNN GRUENBERG DAHLSTROM RAMRAS
133478,3/19/2009,NR: GATTO
133478,3/19/2009,COSPONSOR(S): DAHLSTROM RAMRAS LYNN
133478,4/13/2009,RULES TO CALENDAR 4/13/2009
133478,4/13/2009,READ THE SECOND TIME
133478,4/13/2009,AM NO 1 FAILED Y13 N25 A2
133478,4/13/2009,PASSED Y26 N12 A2
133478,4/13/2009,COSPONSOR(S): JOHNSON NEUMAN CHENAULT
133478,8/5/2009,MANIFEST ERROR(S)
133478,8/5/2009,4:45 PM 5/27/09 TRANSMITTED TO GOVERNOR
133478,8/5/2009,PERMANENTLY FILED 6/8 HOUSE RESOLVE 8
133479,2/25/2009,READ THE FIRST TIME
133479,2/25/2009,RULES TO CALENDAR 2/25/2009
133479,2/25/2009,READ THE SECOND TIME
133479,2/25/2009,PASSED Y38 E1 A1
133479,2/27/2009,10:00 AM 2/26/09 TRANSMITTED TO GOVERNOR
133479,3/12/2009,PERMANENTLY FILED 3/9 HOUSE RESOLVE 5
133480,2/25/2009,READ THE FIRST TIME - REFERRALS
133480,2/25/2009,RLS
133480,2/27/2009,COSPONSOR(S): GATTO
133480,3/12/2009,RULES TO CALENDAR 3/12/2009
133480,3/12/2009,READ THE SECOND TIME
133480,3/12/2009,HELD TO 3/13 CALENDAR
133480,3/12/2009,COSPONSOR(S): JOHANSEN DAHLSTROM
133480,3/13/2009,BEFORE THE HOUSE
133480,3/13/2009,RETURNED TO RLS COMMITTEE
133480,3/23/2009,COSPONSOR(S): P.WILSON
133481,4/8/2009,READ THE FIRST TIME
133481,4/8/2009,SPECIAL ORDER OF BUSINESS
133481,4/8/2009,AM NO 1 ADOPTED UNAN CONSENT
133481,4/8/2009,AM NO 2 ADOPTED UNAN CONSENT
133481,4/8/2009,PASSED Y34 N1 E1 A4
133481,4/10/2009,4:45 PM 4/9/09 TRANSMITTED TO GOVERNOR
133481,8/5/2009,PERMANENTLY FILED 6/2 HOUSE RESOLVE 7
133482,4/15/2009,READ THE FIRST TIME
133482,4/17/2009,RULES TO CALENDAR 4/17/2009
133482,4/17/2009,HELD TO 4/18 CALENDAR
133482,4/18/2009,HELD TO 4/19 CALENDAR
133482,4/19/2009,READ THE SECOND TIME
133482,4/19/2009,WITHDRAWN BY SPONSOR
133483,4/16/2009,READ THE FIRST TIME
133483,4/16/2009,RULES TO CALENDAR 4/16/2009
133483,4/16/2009,READ THE SECOND TIME
133483,4/16/2009,PASSED Y35 A5
133483,4/16/2009,GARDNER NOTICE OF RECONSIDERATION
133483,4/16/2009,RECON TAKEN UP SAME DAY UC
133483,4/16/2009,PASSED ON RECONSIDERATION Y37 A3
133483,8/5/2009,MANIFEST ERROR(S)
133483,8/5/2009,4:45 PM 5/27/09 TRANSMITTED TO GOVERNOR
133483,8/5/2009,PERMANENTLY FILED 6/8 HOUSE RESOLVE 9
133484,2/3/2010,READ THE FIRST TIME - REFERRALS
133484,2/3/2010,RLS
133484,2/17/2010,RULES TO CALENDAR 2/17/2010
133484,2/17/2010,READ THE SECOND TIME
133484,2/17/2010,RETURNED TO RLS COMMITTEE
133484,2/17/2010,COSPONSOR(S): HAWKER
133484,2/24/2010,RLS RPT CS(RLS) 4DP 3NR
133484,2/24/2010,DP: MILLETT OLSON HERRON DAHLSTROM
133484,2/24/2010,NR: KERTTULA GARDNER NEUMAN
133484,2/24/2010,RULES TO CALENDAR 2/24/2010
133484,2/24/2010,BEFORE THE HOUSE IN SECOND READING
133484,2/24/2010,RLS CS ADOPTED UNAN CONSENT
133484,2/24/2010,PASSED Y27 N11 E1 A1
133484,2/24/2010,KERTTULA NOTICE OF RECONSIDERATION
133484,2/24/2010,COSPONSOR(S): DAHLSTROM JOHNSON MILLETT RAMRAS
133484,2/26/2010,RECON HELD TO 3/1 PER UNIFORM RULE 30(D)
133484,2/26/2010,COSPONSOR(S): GATTO
133484,3/1/2010,RECONSIDERATION NOT TAKEN UP
133484,3/10/2010,2:25 PM 3/9/10 TRANSMITTED TO GOVERNOR
133484,3/19/2010,PERMANENTLY FILED 3/17 HOUSE RESOLVE 10
133485,2/17/2010,READ THE FIRST TIME - REFERRALS
133485,2/17/2010,HSS
133485,3/10/2010,COSPONSOR(S): STOLTZE
133485,3/12/2010,COSPONSOR(S): T.WILSON
133485,3/17/2010,HSS RPT CS(HSS) 3DP 2DNP 2NR
133485,3/17/2010,DP: T.WILSON LYNN KELLER
133485,3/17/2010,DNP: HOLMES CISSNA
133485,3/17/2010,NR: SEATON HERRON
133485,3/17/2010,FN1: ZERO(H.HSS)
133485,3/19/2010,RULES TO CALENDAR 3/19/2010
133485,3/19/2010,READ THE SECOND TIME
133485,3/19/2010,HSS CS ADOPTED UNAN CONSENT
133485,3/19/2010,RETURNED TO RLS COMMITTEE
133485,3/19/2010,COSPONSOR(S): OLSON DAHLSTROM RAMRAS
133486,2/23/2010,READ THE FIRST TIME - REFERRALS
133486,2/23/2010,RLS FOR CALENDARING
133486,2/23/2010,REFERRED TO RULES
133487,4/9/2010,READ THE FIRST TIME - REFERRALS
133487,4/9/2010,RLS
133487,4/14/2010,RLS RPT 6DP
133487,4/14/2010,DP: MILLETT KERTTULA OLSON GARDNER NEUMAN DAHLSTROM
133487,4/15/2010,RULES TO CALENDAR 4/15/2010
133487,4/15/2010,READ THE SECOND TIME
133487,4/15/2010,PASSED Y40
133487,7/9/2010,MANIFEST ERROR(S)
133487,7/9/2010,3:00 PM 5/20/10 TRANSMITTED TO GOVERNOR
133487,8/27/2010,PERMANENTLY FILED 8/3 HOUSE RESOLVE 11
133488,4/10/2010,READ THE FIRST TIME - REFERRALS
133488,4/10/2010,RLS
133488,4/14/2010,RLS RPT CS(RLS) NT 6DP
133488,4/14/2010,DP: MILLETT KERTTULA OLSON GARDNER NEUMAN DAHLSTROM
133488,4/15/2010,RULES TO CALENDAR 4/15/2010
133488,4/15/2010,READ THE SECOND TIME
133488,4/15/2010,RLS CS ADOPTED UNAN CONSENT
133488,4/15/2010,AM NO 1 ADOPTED UNAN CONSENT
133488,4/15/2010,AM NO 2 FAILED Y11 N29
133488,4/15/2010,AM NO 3 ADOPTED UNAN CONSENT
133488,4/15/2010,PASSED Y40
133488,7/9/2010,3:00 PM 5/20/10 TRANSMITTED TO GOVERNOR
133488,8/27/2010,PERMANENTLY FILED 8/3 HOUSE RESOLVE 12
133489,1/21/2009,PREFILE RELEASED 1/9/09
133489,1/21/2009,READ THE FIRST TIME - REFERRALS
133489,1/21/2009,L&C FIN
133489,2/25/2009,L&C RPT CS 4DP 1AM NEW TITLE
133489,2/25/2009,DP: PASKVAN MEYER THOMAS DAVIS
133489,2/25/2009,AM: BUNDE
133489,2/25/2009,FN1: ZERO(LWF)
133489,2/27/2009,COSPONSOR(S): PASKVAN
133489,3/16/2009,COSPONSOR(S): MENARD
133489,4/7/2009,FIN RPT CS 3DP 3NR NEW TITLE
133489,4/7/2009,DP: HOFFMAN THOMAS ELLIS
133489,4/7/2009,NR: STEDMAN HUGGINS OLSON
133489,4/7/2009,FN1: ZERO(LWF)
133489,4/8/2009,RULES TO CALENDAR 4/8/2009
133489,4/8/2009,READ THE SECOND TIME
133489,4/8/2009,FIN CS ADOPTED UNAN CONSENT
133489,4/8/2009,ADVANCED TO THIRD READING UNAN CONSENT
133489,4/8/2009,READ THE THIRD TIME CSSB 1(FIN)
133489,4/8/2009,PASSED Y17 N2 V1
133489,4/8/2009,EFFECTIVE DATE(S) SAME AS PASSAGE
133489,4/8/2009,TRANSMITTED TO (H)
133489,4/8/2009,VERSION: CSSB 1(FIN)
133489,4/10/2009,READ THE FIRST TIME - REFERRALS
133489,4/10/2009,FIN
133489,4/10/2009,CROSS SPONSOR(S): PETERSEN
133489,4/17/2009,FIN RPT 1DP 2DNP 5NR 2AM
133489,4/17/2009,DP: AUSTERMAN
133489,4/17/2009,DNP: KELLY CRAWFORD
133489,4/17/2009,NR: THOMAS R.FOSTER JOULE SALMON HAWKER
133489,4/17/2009,AM: GARA FAIRCLOUGH
133489,4/17/2009,FN1: ZERO(LWF)
133489,4/18/2009,RULES TO CALENDAR 4/18/2009
133489,4/18/2009,READ THE SECOND TIME
133489,4/18/2009,ADVANCED TO THIRD READING 4/19 CALENDAR
133489,4/19/2009,READ THE THIRD TIME CSSB 1(FIN)
133489,4/19/2009,RETURN TO SECOND FOR AM 1 UNAN CONSENT
133489,4/19/2009,AM NO 1 FAILED Y17 N23
133489,4/19/2009,RETURN TO SECOND FOR AM 2 UNAN CONSENT
133489,4/19/2009,AM NO 2 FAILED Y16 N21 A3
133489,4/19/2009,AUTOMATICALLY IN THIRD READING
133489,4/19/2009,PASSED Y35 N5
133489,4/19/2009,EFFECTIVE DATE(S) SAME AS PASSAGE
133489,4/19/2009,RETURN TO (S) TRANSMIT TO GOV NEXT
133489,4/19/2009,VERSION: CSSB 1(FIN)
133489,4/19/2009,CROSS SPONSOR(S): TUCK
133489,8/5/2009,8:25 AM 6/30/09 TRANSMITTED TO GOVERNOR
133489,8/5/2009,SIGNED INTO LAW 7/9 CHAPTER 56 SLA 09
133489,8/5/2009,EFFECTIVE DATE(S) OF LAW 7/24/09
133490,1/21/2009,PREFILE RELEASED 1/9/09
133490,1/21/2009,READ THE FIRST TIME - REFERRALS
133490,1/21/2009,STA FIN
133490,4/7/2009,STA RPT 5DP
133490,4/7/2009,DP: MENARD KOOKESH PASKVAN FRENCH MEYER
133490,4/7/2009,FN1: ZERO(ADM)
133490,4/7/2009,REFERRED TO FINANCE
133491,1/21/2009,PREFILE RELEASED 1/9/09
133491,1/21/2009,READ THE FIRST TIME - REFERRALS
133491,1/21/2009,CRA RES
133491,2/6/2009,CRA RPT 3DP 2NR
133491,2/6/2009,DP: FRENCH THOMAS MENARD
133491,2/6/2009,NR: OLSON KOOKESH
133491,2/6/2009,FN1: ZERO(CED)
133491,2/6/2009,FN2: ZERO(DFG)
133491,3/3/2009,RES RPT 5DP
133491,3/3/2009,DP: MCGUIRE WIELECHOWSKI STEVENS STEDMAN FRENCH
133491,3/3/2009,FN1: ZERO(CED)
133491,3/3/2009,FN2: ZERO(DFG)
133491,3/17/2009,RULES TO CALENDAR 3/18/2009
133491,3/18/2009,READ THE SECOND TIME
133491,3/18/2009,OLSON CHANGED NR TO DP ON 2/6 CRA REPORT
133491,3/18/2009,ADVANCED TO THIRD READING UNAN CONSENT
133491,3/18/2009,READ THE THIRD TIME SB 3
133491,3/18/2009,PASSED Y16 N- E3 V1
133491,3/18/2009,TRANSMITTED TO (H)
133491,3/18/2009,VERSION: SB 3
133491,3/23/2009,READ THE FIRST TIME - REFERRALS
133491,3/23/2009,FSH CRA FIN
133491,4/1/2009,FSH RPT 4DP 2NR
133491,4/1/2009,DP: KELLER BUCH MUNOZ EDGMON
133491,4/1/2009,NR: JOHNSON MILLETT
133491,4/1/2009,FN1: ZERO(CED)
133491,4/1/2009,FN2: ZERO(DFG)
133491,4/8/2009,CRA RPT 4DP 2NR
133491,4/8/2009,DP: CISSNA GARDNER KELLER MUNOZ
133491,4/8/2009,NR: HARRIS HERRON
133491,4/8/2009,FN1: ZERO(CED)
133491,4/8/2009,FN2: ZERO(DFG)
133491,4/10/2009,FIN RPT 7DP 2NR
133491,4/10/2009,DP: THOMAS GARA AUSTERMAN CRAWFORD KELLY JOULE FAIRCLOUGH
133491,4/10/2009,NR: HAWKER STOLTZE
133491,4/10/2009,FN1: ZERO(CED)
133491,4/10/2009,FN2: ZERO(DFG)
133491,4/17/2009,RULES TO CALENDAR 4/17/2009
133491,4/17/2009,READ THE SECOND TIME
133491,4/17/2009,ADVANCED TO THIRD READING UNAN CONSENT
133491,4/17/2009,READ THE THIRD TIME SB 3
133491,4/17/2009,PASSED Y39 A1
133491,4/17/2009,RETURN TO (S) TRANSMIT TO GOV NEXT
133491,4/17/2009,VERSION: SB 3
133491,4/17/2009,CROSS SPONSOR(S): KERTTULA
133491,8/5/2009,8:25 AM 6/30/09 TRANSMITTED TO GOVERNOR
133491,8/5/2009,SIGNED INTO LAW 7/13 CHAPTER 58 SLA 09
133491,8/5/2009,EFFECTIVE DATE(S) OF LAW 10/11/09
133492,1/21/2009,PREFILE RELEASED 1/9/09
133492,1/21/2009,READ THE FIRST TIME - REFERRALS
133492,1/21/2009,CRA RES FIN
133492,2/6/2009,CRA RPT CS 3DP 2NR SAME TITLE
133492,2/6/2009,DP: OLSON THOMAS KOOKESH
133492,2/6/2009,NR: FRENCH MENARD
133492,2/6/2009,FN1: (DEC)
133492,2/6/2009,FN2: (DNR)
133492,3/24/2010,RES REFERRAL WAIVED
133492,4/14/2010,FIN RPT CS 3DP 3DNP 1NR NEW TITLE
133492,4/14/2010,DP: HOFFMAN OLSON ELLIS
133492,4/14/2010,DNP: HUGGINS THOMAS EGAN
133492,4/14/2010,NR: STEDMAN
133492,4/14/2010,FN3: (DNR)
133492,4/14/2010,FN4: (DEC)
133492,4/17/2010,RULES TO CALENDAR 4/17/2010
133492,4/17/2010,READ THE SECOND TIME
133492,4/17/2010,FIN CS ADOPTED UNAN CONSENT
133492,4/17/2010,ADVANCED TO THIRD READING UNAN CONSENT
133492,4/17/2010,READ THE THIRD TIME CSSB 4(FIN)
133492,4/17/2010,RETURNED TO RLS COMMITTEE
133493,1/21/2009,PREFILE RELEASED 1/9/09
133493,1/21/2009,READ THE FIRST TIME - REFERRALS
133493,1/21/2009,HSS JUD
133493,1/21/2009,REFERRED TO HEALTH & SOCIAL SERVICES
133494,1/21/2009,PREFILE RELEASED 1/9/09
133494,1/21/2009,READ THE FIRST TIME - REFERRALS
133494,1/21/2009,HSS JUD
133494,1/21/2009,REFERRED TO HEALTH & SOCIAL SERVICES
133495,1/21/2009,PREFILE RELEASED 1/9/09
133495,1/21/2009,READ THE FIRST TIME - REFERRALS
133495,1/21/2009,CRA STA
133495,1/21/2009,REFERRED TO COMMUNITY & REGIONAL AFFAIRS
133496,1/21/2009,PREFILE RELEASED 1/9/09
133496,1/21/2009,READ THE FIRST TIME - REFERRALS
133496,1/21/2009,EDC L&C
133496,1/21/2009,REFERRED TO EDUCATION
133497,1/21/2009,PREFILE RELEASED 1/9/09
133497,1/21/2009,READ THE FIRST TIME - REFERRALS
133497,1/21/2009,STA FIN
133497,1/21/2009,REFERRED TO STATE AFFAIRS
133498,1/21/2009,PREFILE RELEASED 1/9/09
133498,1/21/2009,READ THE FIRST TIME - REFERRALS
133498,1/21/2009,HSS L&C FIN
133498,2/23/2009,HSS RPT CS 4DP SAME TITLE
133498,2/23/2009,DP: DAVIS ELLIS THOMAS PASKVAN
133498,2/23/2009,FN1: ZERO(DHS)
133498,2/23/2009,FN2: ZERO(CED)
133498,3/11/2009,COSPONSOR(S): PASKVAN
133498,3/13/2009,L&C RPT CS(HSS) 5DP
133498,3/13/2009,DP: PASKVAN MEYER THOMAS BUNDE DAVIS
133498,3/13/2009,FN1: ZERO(DHS)
133498,3/13/2009,FN2: ZERO(CED)
133498,4/16/2009,FIN RPT CS(HSS) 2DP 4NR
133498,4/16/2009,DP: THOMAS ELLIS
133498,4/16/2009,NR: HOFFMAN STEDMAN HUGGINS OLSON
133498,4/16/2009,FN1: ZERO(DHS)
133498,4/16/2009,FN2: ZERO(CED)
133498,3/8/2010,RULES TO CALENDAR 3/8/2010
133498,3/8/2010,READ THE SECOND TIME
133498,3/8/2010,HSS CS ADOPTED UNAN CONSENT
133498,3/8/2010,FN3: ZERO(DHS)
133498,3/8/2010,FN4: ZERO(CED)
133498,3/8/2010,AM NO 1 ADOPTED UNAN CONSENT
133498,3/8/2010,...CHANGES TITLE OF LEGISLATION
133498,3/8/2010,ADVANCED TO THIRD READING UNAN CONSENT
133498,3/8/2010,READ THE THIRD TIME CSSB 10(HSS)(EFD DEL)
133498,3/8/2010,PASSED Y17 N1 E2
133498,3/8/2010,TRANSMITTED TO (H)
133498,3/8/2010,VERSION: CSSB 10(HSS)(EFD DEL)
133498,3/10/2010,READ THE FIRST TIME - REFERRALS
133498,3/10/2010,HSS L&C
133498,3/31/2010,CROSS SPONSOR(S): LYNN GATTO
133498,4/1/2010,CROSS SPONSOR(S): MUNOZ
133498,4/5/2010,CROSS SPONSOR(S): PETERSEN MILLETT GARA
133498,4/6/2010,CROSS SPONSOR(S): BUCH TUCK
133498,4/12/2010,HSS RPT 4DP 2DNP 1NR
133498,4/12/2010,DP: HOLMES LYNN CISSNA SEATON
133498,4/12/2010,DNP: T.WILSON KELLER
133498,4/12/2010,NR: HERRON
133498,4/12/2010,FN3: ZERO(DHS)
133498,4/12/2010,FN4: ZERO(CED)
133498,4/15/2010,L&C RPT 5DP 1DNP
133498,4/15/2010,DP: LYNN BUCH HOLMES NEUMAN OLSON
133498,4/15/2010,DNP: T.WILSON
133498,4/15/2010,FN3: ZERO(DHS)
133498,4/15/2010,FN4: ZERO(CED)
133498,4/15/2010,CROSS SPONSOR(S): HOLMES
133498,4/17/2010,RULES TO CALENDAR 4/17/2010
133498,4/17/2010,READ THE SECOND TIME
133498,4/17/2010,ADVANCED TO THIRD READING UNAN CONSENT
133498,4/17/2010,READ THE THIRD TIME CSSB 10(HSS)(EFD DEL)
133498,4/17/2010,PASSED Y35 N3 E1 A1
133498,4/17/2010,RETURN TO (S) TRANSMIT TO GOV NEXT
133498,4/17/2010,VERSION: CSSB 10(HSS)(EFD DEL)
133498,4/17/2010,CROSS SPONSOR(S): KAWASAKI KERTTULA GARDNER CISSNA GUTTENBERG
133498,7/9/2010,2:55 PM 6/14/10 TRANSMITTED TO GOVERNOR
133498,7/9/2010,MANIFEST ERROR(S)
133498,7/9/2010,SIGNED INTO LAW 7/1 CHAPTER 117 SLA 10
133498,7/9/2010,EFFECTIVE DATE(S) OF LAW 9/29/10
133499,1/21/2009,PREFILE RELEASED 1/9/09
133499,1/21/2009,READ THE FIRST TIME - REFERRALS
133499,1/21/2009,HSS L&C FIN
133499,3/20/2009,HSS RPT 2DP 1NR
133499,3/20/2009,DP: DAVIS PASKVAN
133499,3/20/2009,NR: DYSON
133499,3/20/2009,FN1: (UA)
133499,3/20/2009,REFERRED TO LABOR & COMMERCE
133500,1/21/2009,PREFILE RELEASED 1/9/09
133500,1/21/2009,READ THE FIRST TIME - REFERRALS
133500,1/21/2009,HSS L&C FIN
133500,3/27/2009,HSS RPT 1DP 3NR
133500,3/27/2009,DP: DAVIS
133500,3/27/2009,NR: THOMAS DYSON PASKVAN
133500,3/27/2009,FN1: ZERO(DHS)
133500,3/27/2009,FN2: ZERO(DHS)
133500,3/27/2009,FN3: ZERO(COR)
133500,3/27/2009,FN4: (LWF)
133500,3/27/2009,FN5: ZERO(DHS)
133500,4/15/2009,L&C RPT CS 3DP 2NR SAME TITLE
133500,4/15/2009,DP: PASKVAN THOMAS DAVIS
133500,4/15/2009,NR: MEYER BUNDE
133500,4/15/2009,FN1: ZERO(DHS)
133500,4/15/2009,FN2: ZERO(DHS)
133500,4/15/2009,FN3: ZERO(COR)
133500,4/15/2009,FN4: (LWF)
133500,4/15/2009,FN5: ZERO(DHS)
133500,4/15/2009,REFERRED TO FINANCE
133501,1/21/2009,PREFILE RELEASED 1/9/09
133501,1/21/2009,READ THE FIRST TIME - REFERRALS
133501,1/21/2009,HSS FIN
133501,2/11/2009,HSS RPT 4DP
133501,2/11/2009,DP: DAVIS THOMAS ELLIS PASKVAN
133501,2/11/2009,FN1: (DHS)
133501,2/11/2009,FN2: (DHS)
133501,2/11/2009,FN3: (DHS)
133501,2/11/2009,COSPONSOR(S): PASKVAN
133501,2/19/2009,COSPONSOR(S): WIELECHOWSKI
133501,2/23/2009,COSPONSOR(S): FRENCH
133501,3/11/2009,FIN RPT 3DP 3NR
133501,3/11/2009,DP: HOFFMAN THOMAS ELLIS
133501,3/11/2009,NR: STEDMAN HUGGINS OLSON
133501,3/11/2009,FN1: (DHS)
133501,3/11/2009,FN2: (DHS)
133501,3/11/2009,FN4: (DHS)
133501,4/2/2009,RULES TO CALENDAR 4/3/2009
133501,4/3/2009,READ THE SECOND TIME
133501,4/3/2009,ADVANCED TO THIRD READING UNAN CONSENT
133501,4/3/2009,READ THE THIRD TIME SB 13
133501,4/3/2009,PASSED Y13 N3 E2 A1 V1
133501,4/3/2009,EFFECTIVE DATE(S) FAILED Y13 N3 E2 A1 V1
133501,4/3/2009,WAGONER NOTICE OF RECONSIDERATION
133501,4/6/2009,RECON TAKEN UP - IN THIRD READING
133501,4/6/2009,PASSED ON RECONSIDERATION Y15 N4 V1
133501,4/6/2009,EFFECTIVE DATE(S) SAME AS PASSAGE
133501,4/6/2009,TRANSMITTED TO (H)
133501,4/6/2009,VERSION: SB 13
133501,4/7/2009,READ THE FIRST TIME - REFERRALS
133501,4/7/2009,HSS FIN
133501,4/7/2009,CROSS SPONSOR(S): GRUENBERG
133501,3/8/2010,CROSS SPONSOR(S): TUCK
133501,3/11/2010,CROSS SPONSOR(S): KAWASAKI
133501,3/12/2010,CROSS SPONSOR(S): CRAWFORD
133501,3/19/2010,HSS RPT 5DP 2DNP
133501,3/19/2010,DP: HOLMES LYNN SEATON CISSNA HERRON
133501,3/19/2010,DNP: T.WILSON KELLER
133501,3/19/2010,FN5: (DHS)
133501,3/19/2010,FN6: (DHS)
133501,3/19/2010,FN7: (DHS)
133501,3/19/2010,CROSS SPONSOR(S): HERRON
133501,3/24/2010,CROSS SPONSOR(S): MUNOZ
133501,3/29/2010,CROSS SPONSOR(S): HOLMES KERTTULA
133501,4/15/2010,FIN RPT 4DP 2DNP 4NR
133501,4/15/2010,DP: THOMAS JOULE N.FOSTER SALMON
133501,4/15/2010,DNP: KELLY AUSTERMAN
133501,4/15/2010,NR: DOOGAN FAIRCLOUGH STOLTZE HAWKER
133501,4/15/2010,FN5: (DHS)
133501,4/15/2010,FN6: (DHS)
133501,4/15/2010,FN7: (DHS)
133501,4/15/2010,CROSS SPONSOR(S): GARA PETERSEN
133501,4/17/2010,RULES TO 1ST SUP CALENDAR 4/17/2010
133501,4/17/2010,READ THE SECOND TIME
133501,4/17/2010,ADVANCED TO THIRD READING 4/18 CALENDAR
133501,4/17/2010,CROSS SPONSOR(S): GARDNER
133501,4/18/2010,READ THE THIRD TIME SB 13
133501,4/18/2010,PASSED Y37 N3
133501,4/18/2010,EFFECTIVE DATE(S) SAME AS PASSAGE
133501,4/18/2010,RETURN TO (S) TRANSMIT TO GOV NEXT
133501,4/18/2010,VERSION: SB 13
133501,4/18/2010,CROSS SPONSOR(S): GUTTENBERG
133501,7/9/2010,2:27 PM 6/3/10 TRANSMITTED TO GOVERNOR
133501,7/9/2010,VETOED BY GOVERNOR 6/4/10
133502,1/21/2009,PREFILE RELEASED 1/9/09
133502,1/21/2009,READ THE FIRST TIME - REFERRALS
133502,1/21/2009,L&C TRA FIN
133502,3/27/2009,L&C RPT 3DP 1AM
133502,3/27/2009,DP: PASKVAN DAVIS MEYER
133502,3/27/2009,AM: THOMAS
133502,3/27/2009,FN1: (REV)
133502,4/8/2009,TRA RPT 4DP
133502,4/8/2009,DP: KOOKESH MENARD DAVIS MEYER
133502,4/8/2009,FN1: (REV)
133502,4/8/2009,REFERRED TO FINANCE
133503,1/21/2009,PREFILE RELEASED 1/9/09
133503,1/21/2009,READ THE FIRST TIME - REFERRALS
133503,1/21/2009,HSS JUD
133503,1/21/2009,REFERRED TO HEALTH & SOCIAL SERVICES
133504,1/21/2009,PREFILE RELEASED 1/9/09
133504,1/21/2009,READ THE FIRST TIME - REFERRALS
133504,1/21/2009,HSS JUD
133504,1/21/2009,REFERRED TO HEALTH & SOCIAL SERVICES
133505,1/21/2009,PREFILE RELEASED 1/9/09
133505,1/21/2009,READ THE FIRST TIME - REFERRALS
133505,1/21/2009,L&C JUD
133505,1/21/2009,REFERRED TO LABOR & COMMERCE
133506,1/21/2009,PREFILE RELEASED 1/9/09
133506,1/21/2009,READ THE FIRST TIME - REFERRALS
133506,1/21/2009,EDC FIN
133506,2/4/2009,COSPONSOR(S): PASKVAN
133506,3/16/2009,EDC RPT CS 1DP 1DNP 1NR SAME TITLE
133506,3/16/2009,DP: DAVIS
133506,3/16/2009,DNP: OLSON
133506,3/16/2009,NR: STEVENS
133506,3/16/2009,FN1: ZERO(UA)
133506,3/16/2009,FN2: (EED)
133506,3/16/2009,REFERRED TO FINANCE
133507,1/21/2009,PREFILE RELEASED 1/9/09
133507,1/21/2009,READ THE FIRST TIME - REFERRALS
133507,1/21/2009,CRA STA JUD
133507,2/6/2009,CRA RPT CS 4DP 1NR NEW TITLE
133507,2/6/2009,DP: FRENCH THOMAS KOOKESH MENARD
133507,2/6/2009,NR: OLSON
133507,2/6/2009,FN1: ZERO(DPS)
133507,2/25/2009,STA RPT CS(CRA) 2DP 1NR 2AM
133507,2/25/2009,DP: MENARD FRENCH
133507,2/25/2009,NR: KOOKESH
133507,2/25/2009,AM: PASKVAN MEYER
133507,2/25/2009,FN1: ZERO(DPS)
133507,2/25/2009,REFERRED TO JUDICIARY
133508,1/21/2009,PREFILE RELEASED 1/9/09
133508,1/21/2009,READ THE FIRST TIME - REFERRALS
133508,1/21/2009,L&C JUD
133508,1/21/2009,REFERRED TO LABOR & COMMERCE
133509,1/21/2009,PREFILE RELEASED 1/9/09
133509,1/21/2009,READ THE FIRST TIME - REFERRALS
133509,1/21/2009,HSS L&C FIN
133509,1/21/2009,REFERRED TO HEALTH & SOCIAL SERVICES
133510,1/21/2009,PREFILE RELEASED 1/9/09
133510,1/21/2009,READ THE FIRST TIME - REFERRALS
133510,1/21/2009,RES FIN
133510,1/21/2009,REFERRED TO RESOURCES
133511,1/21/2009,PREFILE RELEASED 1/9/09
133511,1/21/2009,READ THE FIRST TIME - REFERRALS
133511,1/21/2009,L&C STA FIN
133511,2/4/2009,COSPONSOR(S): PASKVAN
133511,2/6/2009,COSPONSOR(S): MCGUIRE THOMAS DAVIS
133511,2/27/2009,L&C RPT CS 4DP 1NR NEW TITLE
133511,2/27/2009,DP: PASKVAN MEYER THOMAS DAVIS
133511,2/27/2009,NR: BUNDE
133511,2/27/2009,FN1: (ADM)
133511,2/27/2009,FISCAL INFO FORTHCOMING
133511,3/25/2009,STA RPT CS(L&C) 4DP 1NR
133511,3/25/2009,DP: MENARD PASKVAN MEYER FRENCH
133511,3/25/2009,NR: KOOKESH
133511,3/25/2009,FN1: (ADM)
133511,3/25/2009,FN2: (ADM)
133511,3/25/2009,REFERRED TO FINANCE
133511,2/5/2010,COSPONSOR(S): EGAN
133512,1/21/2009,PREFILE RELEASED 1/9/09
133512,1/21/2009,READ THE FIRST TIME - REFERRALS
133512,1/21/2009,TRA FIN
133512,2/4/2009,TRA RPT 4DP
133512,2/4/2009,DP: KOOKESH DAVIS MEYER PASKVAN
133512,2/4/2009,FN1: (DOT)
133512,3/30/2009,FIN RPT 5DP
133512,3/30/2009,DP: HOFFMAN STEDMAN THOMAS ELLIS HUGGINS
133512,3/30/2009,FN1: (DOT)
133512,4/1/2009,RULES TO CALENDAR 4/1/2009
133512,4/1/2009,READ THE SECOND TIME
133512,4/1/2009,ADVANCED TO THIRD READING UNAN CONSENT
133512,4/1/2009,READ THE THIRD TIME SB 24
133512,4/1/2009,PASSED Y19 N- V1
133512,4/1/2009,TRANSMITTED TO (H)
133512,4/1/2009,VERSION: SB 24
133512,4/2/2009,READ THE FIRST TIME - REFERRALS
133512,4/2/2009,TRA FIN
133512,4/8/2009,TRA RPT 5DP
133512,4/8/2009,DP: MUNOZ DOOGAN GRUENBERG JOHNSON P.WILSON
133512,4/8/2009,FN1: (DOT)
133512,4/17/2010,FIN RPT 7DP 3NR
133512,4/17/2010,DP: THOMAS DOOGAN JOULE FAIRCLOUGH AUSTERMAN KELLY STOLTZE
133512,4/17/2010,NR: GARA SALMON HAWKER
133512,4/17/2010,FN2: (DOT)
133512,4/18/2010,RULES TO CALENDAR 4/18/2010
133512,4/18/2010,READ THE SECOND TIME
133512,4/18/2010,ADVANCED TO THIRD READING UNAN CONSENT
133512,4/18/2010,READ THE THIRD TIME SB 24
133512,4/18/2010,PASSED Y33 A7
133512,4/18/2010,RETURN TO (S) TRANSMIT TO GOV NEXT
133512,4/18/2010,VERSION: SB 24
133512,7/9/2010,2:55 PM 6/14/10 TRANSMITTED TO GOVERNOR
133512,7/9/2010,MANIFEST ERROR(S)
133512,7/9/2010,SIGNED INTO LAW 6/25 CHAPTER 105 SLA 10
133512,7/9/2010,EFFECTIVE DATE(S) OF LAW 9/23/10
133513,1/21/2009,PREFILE RELEASED 1/9/09
133513,1/21/2009,READ THE FIRST TIME - REFERRALS
133513,1/21/2009,TRA FIN
133513,2/11/2009,TRA RPT 5DP
133513,2/11/2009,DP: KOOKESH MENARD DAVIS MEYER PASKVAN
133513,2/11/2009,FN1: (DOT)
133513,3/30/2009,FIN RPT 5DP
133513,3/30/2009,DP: HOFFMAN STEDMAN HUGGINS THOMAS ELLIS
133513,3/30/2009,FN1: (DOT)
133513,4/2/2009,RULES TO CALENDAR 4/3/2009
133513,4/3/2009,READ THE SECOND TIME
133513,4/3/2009,ADVANCED TO THIRD READING UNAN CONSENT
133513,4/3/2009,READ THE THIRD TIME SB 25
133513,4/3/2009,PASSED Y16 N- E2 A1 V1
133513,4/3/2009,TRANSMITTED TO (H)
133513,4/3/2009,VERSION: SB 25
133513,4/6/2009,READ THE FIRST TIME - REFERRALS
133513,4/6/2009,TRA FIN
133513,4/10/2009,TRA RPT 5DP
133513,4/10/2009,DP: JOHANSEN MUNOZ DOOGAN GRUENBERG JOHNSON
133513,4/10/2009,FN1: (DOT)
133513,4/17/2010,FIN RPT 7DP 1NR
133513,4/17/2010,DP: THOMAS FAIRCLOUGH GARA KELLY AUSTERMAN SALMON STOLTZE
133513,4/17/2010,NR: HAWKER
133513,4/17/2010,FN2: (DOT)
133513,4/18/2010,RULES TO CALENDAR 4/18/2010
133513,4/18/2010,READ THE SECOND TIME
133513,4/18/2010,ADVANCED TO THIRD READING UNAN CONSENT
133513,4/18/2010,READ THE THIRD TIME SB 25
133513,4/18/2010,PASSED Y36 A4
133513,4/18/2010,RETURN TO (S) TRANSMIT TO GOV NEXT
133513,4/18/2010,VERSION: SB 25
133513,7/9/2010,2:55 PM 6/14/10 TRANSMITTED TO GOVERNOR
133513,7/9/2010,MANIFEST ERROR(S)
133513,7/9/2010,SIGNED INTO LAW 6/25 CHAPTER 106 SLA 10
133513,7/9/2010,EFFECTIVE DATE(S) OF LAW 9/23/10
133514,1/21/2009,PREFILE RELEASED 1/9/09
133514,1/21/2009,READ THE FIRST TIME - REFERRALS
133514,1/21/2009,ENE RES FIN
133514,1/21/2009,REFERRED TO SPECIAL COMMITTEE ON ENERGY
133515,1/21/2009,PREFILE RELEASED 1/9/09
133515,1/21/2009,READ THE FIRST TIME - REFERRALS
133515,1/21/2009,HSS L&C FIN
133515,3/11/2009,COSPONSOR(S): PASKVAN
133515,4/7/2009,HSS RPT CS 4DP 1NR NEW TITLE
133515,4/7/2009,DP: DAVIS ELLIS THOMAS PASKVAN
133515,4/7/2009,NR: DYSON
133515,4/7/2009,FN1: (DHS)
133515,4/7/2009,FN2: (DHS)
133515,4/7/2009,FN3: (DHS)
133515,4/7/2009,REFERRED TO LABOR & COMMERCE
133516,1/21/2009,PREFILE RELEASED 1/9/09
133516,1/21/2009,READ THE FIRST TIME - REFERRALS
133516,1/21/2009,EDC FIN
133516,1/21/2009,REFERRED TO EDUCATION
133517,1/21/2009,PREFILE RELEASED 1/9/09
133517,1/21/2009,READ THE FIRST TIME - REFERRALS
133517,1/21/2009,STA
133517,2/4/2009,COSPONSOR(S): PASKVAN
133517,2/6/2009,COSPONSOR(S): THOMAS
133517,2/25/2009,COSPONSOR(S): WIELECHOWSKI
133517,2/27/2009,STA RPT 4DP
133517,2/27/2009,DP: MENARD KOOKESH PASKVAN MEYER
133517,2/27/2009,FN1: ZERO(LEG)
133517,3/2/2009,RULES TO CALENDAR 3/2/2009
133517,3/2/2009,READ THE SECOND TIME
133517,3/2/2009,ADVANCED TO THIRD READING UNAN CONSENT
133517,3/2/2009,READ THE THIRD TIME SB 29
133517,3/2/2009,PASSED Y17 N- E2 A1
133517,3/2/2009,TRANSMITTED TO (H)
133517,3/2/2009,VERSION: SB 29
133517,3/9/2009,READ THE FIRST TIME - REFERRALS
133517,3/9/2009,CRA STA
133517,3/9/2009,CROSS SPONSOR(S): KERTTULA
133517,3/16/2009,CROSS SPONSOR(S): MUNOZ
133517,3/18/2009,CROSS SPONSOR(S): COGHILL
133517,3/19/2009,CRA RPT 5DP
133517,3/19/2009,DP: CISSNA HARRIS KELLER HERRON MUNOZ
133517,3/19/2009,FN1: ZERO(LEG)
133517,3/27/2009,STA RPT 4DP 1NR
133517,3/27/2009,DP: SEATON P.WILSON GRUENBERG LYNN
133517,3/27/2009,NR: JOHNSON
133517,3/27/2009,FN1: ZERO(LEG)
133517,4/10/2009,RULES TO CALENDAR 4/10/2009
133517,4/10/2009,READ THE SECOND TIME
133517,4/10/2009,ADVANCED TO THIRD READING UNAN CONSENT
133517,4/10/2009,READ THE THIRD TIME SB 29
133517,4/10/2009,PASSED Y40
133517,4/10/2009,RETURN TO (S) TRANSMIT TO GOV NEXT
133517,4/10/2009,VERSION: SB 29
133517,4/10/2009,CROSS SPONSOR(S): GARA DOOGAN TUCK
133517,8/5/2009,1:40 PM 5/13/09 TRANSMITTED TO GOVERNOR
133517,8/5/2009,SIGNED INTO LAW 5/18 CHAPTER 11 SLA 09
133517,8/5/2009,EFFECTIVE DATE(S) OF LAW 8/16/09
133518,1/21/2009,PREFILE RELEASED 1/9/09
133518,1/21/2009,READ THE FIRST TIME - REFERRALS
133518,1/21/2009,STA JUD FIN
133518,1/21/2009,REFERRED TO STATE AFFAIRS
133519,1/21/2009,PREFILE RELEASED 1/9/09
133519,1/21/2009,READ THE FIRST TIME - REFERRALS
133519,1/21/2009,ENE RES FIN
133519,2/23/2009,COSPONSOR(S): THOMAS
133519,3/2/2009,ENE RPT CS 1DP 2AM NEW TITLE
133519,3/2/2009,DP: MCGUIRE
133519,3/2/2009,AM: WIELECHOWSKI STEDMAN
133519,3/2/2009,FN1: (REV)
133519,3/16/2009,RES RPT CS 4DP 1NR NEW TITLE
133519,3/16/2009,DP: MCGUIRE WIELECHOWSKI STEVENS WAGONER
133519,3/16/2009,NR: STEDMAN
133519,3/16/2009,FN1: (REV)
133519,3/16/2009,REFERRED TO FINANCE
133519,3/16/2009,COSPONSOR(S): WIELECHOWSKI
133519,3/20/2009,COSPONSOR(S): DAVIS
133520,1/21/2009,PREFILE RELEASED 1/9/09
133520,1/21/2009,READ THE FIRST TIME - REFERRALS
133520,1/21/2009,HSS FIN
133520,1/28/2009,COSPONSOR(S): DAVIS
133520,2/4/2009,COSPONSOR(S): PASKVAN
133520,2/27/2009,HSS RPT CS 4DP 1NR NEW TITLE
133520,2/27/2009,DP: DAVIS ELLIS THOMAS PASKVAN
133520,2/27/2009,NR: DYSON
133520,2/27/2009,FN1: (DHS)
133520,2/27/2009,FN2: (DHS)
133520,3/16/2009,COSPONSOR(S): MCGUIRE
133520,3/30/2009,FIN RPT CS 3DP 2NR NEW TITLE
133520,3/30/2009,DP: HOFFMAN THOMAS ELLIS
133520,3/30/2009,NR: STEDMAN OLSON
133520,3/30/2009,FN3: (DHS)
133520,3/30/2009,FN4: (DHS)
133520,3/30/2009,COSPONSOR(S): MENARD
133520,4/6/2009,RULES TO CALENDAR 4/6/2009
133520,4/6/2009,READ THE SECOND TIME
133520,4/6/2009,FIN CS ADOPTED UNAN CONSENT
133520,4/6/2009,ADVANCED TO THIRD READING UNAN CONSENT
133520,4/6/2009,READ THE THIRD TIME CSSB 32(FIN)
133520,4/6/2009,COSPONSOR(S): THOMAS FRENCH MEYER WIELECHOWSKI KOOKESH
133520,4/6/2009,PASSED Y19 N- V1
133520,4/6/2009,EFFECTIVE DATE(S) SAME AS PASSAGE
133520,4/6/2009,DYSON NOTICE OF RECONSIDERATION
133520,4/7/2009,RECONSIDERATION NOT TAKEN UP
133520,4/7/2009,TRANSMITTED TO (H)
133520,4/7/2009,VERSION: CSSB 32(FIN)
133520,4/8/2009,READ THE FIRST TIME - REFERRALS
133520,4/8/2009,HSS FIN
133520,4/8/2009,CROSS SPONSOR(S): KELLER
133520,4/14/2009,HSS RPT 5DP 1NR
133520,4/14/2009,DP: HOLMES COGHILL LYNN CISSNA KELLER
133520,4/14/2009,NR: HERRON
133520,4/14/2009,FN3: (DHS)
133520,4/14/2009,FN4: (DHS)
133520,4/14/2009,REFERRED TO FINANCE
133520,4/16/2009,CROSS SPONSOR(S): KERTTULA
133520,1/25/2010,CROSS SPONSOR(S): MUNOZ
133520,3/8/2010,CROSS SPONSOR(S): GATTO
133520,3/15/2010,CROSS SPONSOR(S): AUSTERMAN
133520,4/5/2010,CROSS SPONSOR(S): RAMRAS
133520,4/7/2010,CROSS SPONSOR(S): JOHNSON
133520,4/15/2010,CROSS SPONSOR(S): PETERSEN
133521,1/21/2009,PREFILE RELEASED 1/9/09
133521,1/21/2009,READ THE FIRST TIME - REFERRALS
133521,1/21/2009,EDC FIN
133521,2/4/2009,COSPONSOR(S): PASKVAN
133521,2/6/2009,COSPONSOR(S): THOMAS
133521,2/23/2009,EDC RPT CS 3DP 1NR SAME TITLE
133521,2/23/2009,DP: ELTON STEVENS DAVIS
133521,2/23/2009,NR: OLSON
133521,2/23/2009,FN1: (REV)
133521,2/23/2009,FN2: (EED)
133521,2/23/2009,REFERRED TO FINANCE
133521,2/25/2009,COSPONSOR(S): MCGUIRE
133521,1/22/2010,COSPONSOR(S): STEVENS
133522,1/21/2009,PREFILE RELEASED 1/9/09
133522,1/21/2009,READ THE FIRST TIME - REFERRALS
133522,1/21/2009,TRA ENE FIN
133522,3/16/2009,COSPONSOR(S): HOFFMAN
133522,4/8/2009,TRA RPT 5DP
133522,4/8/2009,DP: KOOKESH MENARD DAVIS MEYER PASKVAN
133522,4/8/2009,FN1: (DOT)
133522,4/8/2009,REFERRED TO ENERGY
133523,1/21/2009,PREFILE RELEASED 1/9/09
133523,1/21/2009,READ THE FIRST TIME - REFERRALS
133523,1/21/2009,HSS FIN
133523,2/27/2009,HSS RPT CS 5DP NEW TITLE
133523,2/27/2009,DP: DAVIS ELLIS THOMAS PASKVAN DYSON
133523,2/27/2009,FN1: (DHS)
133523,2/27/2009,FN2: (DHS)
133523,4/11/2009,FIN RPT CS(HSS) 6DP
133523,4/11/2009,DP: HOFFMAN STEDMAN HUGGINS THOMAS OLSON ELLIS
133523,4/11/2009,FN1: (DHS)
133523,4/11/2009,FN2: (DHS)
133523,4/11/2009,REFERRED TO RULES
133524,1/21/2009,PREFILE RELEASED 1/9/09
133524,1/21/2009,READ THE FIRST TIME - REFERRALS
133524,1/21/2009,STA FIN
133524,1/30/2009,STA RPT CS 4DP 1NR NEW TITLE
133524,1/30/2009,DP: MENARD KOOKESH PASKVAN MEYER
133524,1/30/2009,NR: FRENCH
133524,1/30/2009,FN1: ZERO(S.STA)
133524,1/30/2009,REFERRED TO FINANCE
133525,1/21/2009,PREFILE RELEASED 1/9/09
133525,1/21/2009,READ THE FIRST TIME - REFERRALS
133525,1/21/2009,WTI STA FIN
133525,2/23/2009,COSPONSOR(S): THOMAS
133525,4/3/2009,WTI RPT 4DP
133525,4/3/2009,DP: MCGUIRE WIELECHOWSKI STEVENS FRENCH
133525,4/3/2009,FN1: (REV)
133525,4/3/2009,FN2: INDETERMINATE(REV)
133525,4/9/2009,STA RPT CS 4DP 1NR NEW TITLE
133525,4/9/2009,DP: MENARD FRENCH PASKVAN KOOKESH
133525,4/9/2009,NR: MEYER
133525,4/9/2009,FN1: (REV)
133525,4/9/2009,FN2: INDETERMINATE(REV)
133525,4/9/2009,REFERRED TO FINANCE
133526,1/21/2009,PREFILE RELEASED 1/9/09
133526,1/21/2009,READ THE FIRST TIME - REFERRALS
133526,1/21/2009,HSS L&C FIN
133526,3/25/2009,COSPONSOR(S): FRENCH
133526,4/6/2009,HSS RPT 3DP 1AM
133526,4/6/2009,DP: DAVIS ELLIS PASKVAN
133526,4/6/2009,AM: DYSON
133526,4/6/2009,FN1: ZERO(CED)
133526,4/6/2009,REFERRED TO LABOR & COMMERCE
133527,1/21/2009,PREFILE RELEASED 1/9/09
133527,1/21/2009,READ THE FIRST TIME - REFERRALS
133527,1/21/2009,L&C FIN
133527,3/13/2009,L&C RPT 5DP
133527,3/13/2009,DP: PASKVAN MEYER THOMAS DAVIS BUNDE
133527,3/13/2009,FN1: (CED)
133527,3/13/2009,REFERRED TO FINANCE
133528,1/21/2009,PREFILE RELEASED 1/9/09
133528,1/21/2009,READ THE FIRST TIME - REFERRALS
133528,1/21/2009,HSS FIN
133528,1/21/2009,REFERRED TO HEALTH & SOCIAL SERVICES
133529,1/21/2009,PREFILE RELEASED 1/9/09
133529,1/21/2009,READ THE FIRST TIME - REFERRALS
133529,1/21/2009,HSS STA
133529,1/21/2009,REFERRED TO HEALTH & SOCIAL SERVICES
133530,1/21/2009,PREFILE RELEASED 1/9/09
133530,1/21/2009,READ THE FIRST TIME - REFERRALS
133530,1/21/2009,L&C HSS
133530,1/21/2009,REFERRED TO LABOR & COMMERCE
133531,1/21/2009,PREFILE RELEASED 1/9/09
133531,1/21/2009,READ THE FIRST TIME - REFERRALS
133531,1/21/2009,CRA STA
133531,1/29/2010,CRA RPT 4DP
133531,1/29/2010,DP: OLSON KOOKESH MENARD THOMAS
133531,1/29/2010,FN1: ZERO(GOV/ALL)
133531,2/5/2010,COSPONSOR(S): EGAN
133531,2/10/2010,STA RPT 5DP
133531,2/10/2010,DP: MENARD FRENCH MEYER PASKVAN KOOKESH
133531,2/10/2010,FN1: ZERO(GOV/ALL DEPTS)
133531,3/10/2010,RULES TO CALENDAR 3/10/2010
133531,3/10/2010,READ THE SECOND TIME
133531,3/10/2010,ADVANCED TO THIRD READING UNAN CONSENT
133531,3/10/2010,READ THE THIRD TIME SB 43
133531,3/10/2010,COSPONSOR(S): HOFFMAN PASKVAN MCGUIRE MEYER STEDMAN OLSON DAVIS DYSON
133531,3/10/2010,COGHILL WAGONER KOOKESH STEVENS
133531,3/10/2010,PASSED Y18 N2
133531,3/10/2010,TRANSMITTED TO (H)
133531,3/10/2010,VERSION: SB 43
133531,3/11/2010,READ THE FIRST TIME - REFERRALS
133531,3/11/2010,STA JUD
133531,3/11/2010,CROSS SPONSOR(S): KERTTULA
133531,3/26/2010,CROSS SPONSOR(S): MUNOZ
133531,3/31/2010,STA RPT HCS(STA) 3DP 2DNP 1NR 1AM
133531,3/31/2010,DP: SEATON GRUENBERG PETERSEN
133531,3/31/2010,DNP: JOHNSON GATTO
133531,3/31/2010,NR: LYNN
133531,3/31/2010,AM: P.WILSON
133531,3/31/2010,FN1: ZERO(GOV/ALL)
133531,4/10/2010,JUD RPT HCS(JUD) 2DP 1DNP 3NR
133531,4/10/2010,DP: GRUENBERG HOLMES
133531,4/10/2010,DNP: GATTO
133531,4/10/2010,NR: LYNN HERRON RAMRAS
133531,4/10/2010,FN1: ZERO(GOV/ALL)
133531,4/12/2010,FN2: INDETERMINATE(GOV/ALL DEPTS)(UPDATED FN FROM RLS)
133531,4/14/2010,FIN REFERRAL ADDED
133531,4/15/2010,FIN REFERRAL REMOVED
133531,4/15/2010,REFERRED TO RULES
133532,1/21/2009,PREFILE RELEASED 1/9/09
133532,1/21/2009,READ THE FIRST TIME - REFERRALS
133532,1/21/2009,HSS JUD
133532,1/21/2009,REFERRED TO HEALTH & SOCIAL SERVICES
133533,1/21/2009,PREFILE RELEASED 1/9/09
133533,1/21/2009,READ THE FIRST TIME - REFERRALS
133533,1/21/2009,STA L&C FIN
133533,2/11/2009,STA RPT CS 5DP SAME TITLE
133533,2/11/2009,DP: MENARD KOOKESH PASKVAN MEYER FRENCH
133533,2/11/2009,FN1: (MVA)
133533,2/11/2009,L&C REFERRAL WAIVED
133533,3/30/2009,FIN RPT CS 2DP 2NR 1AM SAME TITLE
133533,3/30/2009,DP: HOFFMAN THOMAS
133533,3/30/2009,NR: STEDMAN OLSON
133533,3/30/2009,AM: ELLIS
133533,3/30/2009,FN1: (MVA)
133533,3/30/2009,RULES TO CALENDAR 3/30/2009
133533,3/30/2009,READ THE SECOND TIME
133533,3/30/2009,FIN CS ADOPTED UNAN CONSENT
133533,3/30/2009,ADVANCED TO THIRD READING UNAN CONSENT
133533,3/30/2009,READ THE THIRD TIME CSSB 45(FIN)
133533,3/30/2009,COSPONSOR(S): WAGONER FRENCH OLSON THOMAS DAVIS ELLIS PASKVAN
133533,3/30/2009,WIELECHOWSKI MENARD MEYER MCGUIRE HOFFMAN STEDMAN STEVENS BUNDE
133533,3/30/2009,PASSED Y17 N- E2 V1
133533,3/30/2009,TRANSMITTED TO (H)
133533,3/30/2009,VERSION: CSSB 45(FIN)
133533,4/1/2009,READ THE FIRST TIME - REFERRALS
133533,4/1/2009,FIN
133533,4/1/2009,CROSS SPONSOR(S): STOLTZE
133533,4/10/2009,FIN RPT 9DP
133533,4/10/2009,DP: THOMAS GARA AUSTERMAN CRAWFORD KELLY JOULE FAIRCLOUGH HAWKER
133533,4/10/2009,STOLTZE
133533,4/10/2009,FN1: (MVA)
133533,4/10/2009,CROSS SPONSOR(S): KELLY FAIRCLOUGH THOMAS
133533,4/15/2009,RULES TO CALENDAR 4/15/2009
133533,4/15/2009,READ THE SECOND TIME
133533,4/15/2009,ADVANCED TO THIRD READING UNAN CONSENT
133533,4/15/2009,READ THE THIRD TIME CSSB 45(FIN)
133533,4/15/2009,CROSS SPONSOR(S): GUTTENBERG - FIRST CROSS SPONSOR
133533,4/15/2009,PASSED Y39 E1
133533,4/15/2009,RETURN TO (S) TRANSMIT TO GOV NEXT
133533,4/15/2009,VERSION: CSSB 45(FIN)
133533,4/15/2009,CROSS SPONSOR(S): DAHLSTROM CHENAULT HERRON LYNN RAMRAS KAWASAKI JOHNSON
133533,4/15/2009,TUCK MILLETT P.WILSON PETERSEN GARDNER GARA NEUMAN
133533,8/5/2009,1:15 PM 5/21/09 TRANSMITTED TO GOVERNOR
133533,8/5/2009,SIGNED INTO LAW 5/25 CHAPTER 21 SLA 09
133533,8/5/2009,EFFECTIVE DATE(S) OF LAW 8/23/09
133534,1/21/2009,PREFILE RELEASED 1/9/09
133534,1/21/2009,READ THE FIRST TIME - REFERRALS
133534,1/21/2009,HSS JUD FIN
133534,3/12/2010,HSS RPT CS 5DP NEW TITLE
133534,3/12/2010,DP: DAVIS THOMAS ELLIS PASKVAN DYSON
133534,3/12/2010,FN1: ZERO(REV)
133534,3/12/2010,REFERRED TO JUDICIARY
133535,1/21/2009,PREFILE RELEASED 1/9/09
133535,1/21/2009,READ THE FIRST TIME - REFERRALS
133535,1/21/2009,HSS JUD
133535,3/2/2009,HSS RPT 3DP 1AM
133535,3/2/2009,DP: DAVIS THOMAS DYSON
133535,3/2/2009,AM: PASKVAN
133535,3/2/2009,FN1: ZERO(COR)
133535,3/2/2009,FN2: ZERO(LAW)
133535,4/1/2009,JUD RPT 2DP 2NR
133535,4/1/2009,DP: FRENCH MCGUIRE
133535,4/1/2009,NR: THERRIAULT WIELECHOWSKI
133535,4/1/2009,FN1: ZERO(COR)
133535,4/1/2009,FN2: ZERO(LAW)
133535,4/1/2009,FN3: ZERO(CRT)
133535,4/1/2009,REFERRED TO RULES
133536,1/21/2009,PREFILE RELEASED 1/9/09
133536,1/21/2009,READ THE FIRST TIME - REFERRALS
133536,1/21/2009,CRA TRA JUD
133536,2/11/2009,CRA RPT CS 4DP 1NR NEW TITLE
133536,2/11/2009,DP: OLSON THOMAS KOOKESH MENARD
133536,2/11/2009,NR: FRENCH
133536,2/11/2009,FN1: ZERO(CED)
133536,2/23/2009,COSPONSOR(S): THOMAS
133536,3/11/2009,TRA RPT CS(CRA) 5DP
133536,3/11/2009,DP: KOOKESH MENARD DAVIS MEYER PASKVAN
133536,3/11/2009,FN1: ZERO(CED)
133536,4/11/2009,JUD RPT CS 1DP 3NR NEW TITLE
133536,4/11/2009,DP: THERRIAULT
133536,4/11/2009,NR: FRENCH WIELECHOWSKI MCGUIRE
133536,4/11/2009,FN1: ZERO(CED)
133536,4/14/2009,RULES TO CALENDAR 4/14/2009
133536,4/14/2009,READ THE SECOND TIME
133536,4/14/2009,JUD CS ADOPTED UNAN CONSENT
133536,4/14/2009,ADVANCED TO THIRD READING UNAN CONSENT
133536,4/14/2009,READ THE THIRD TIME CSSB 48(JUD)
133536,4/14/2009,PASSED Y18 N- E1 VACANT 1
133536,4/14/2009,TRANSMITTED TO (H)
133536,4/14/2009,VERSION: CSSB 48(JUD)
133536,4/15/2009,READ THE FIRST TIME - REFERRALS
133536,4/15/2009,JUD
133536,4/15/2009,CROSS SPONSOR(S): RAMRAS
133536,4/16/2009,JUD RPT 4DP 1NR
133536,4/16/2009,DP: LYNN GRUENBERG DAHLSTROM RAMRAS
133536,4/16/2009,NR: HOLMES
133536,4/16/2009,FN1: ZERO(CED)
133536,4/17/2009,RULES TO CALENDAR 4/17/2009
133536,4/17/2009,READ THE SECOND TIME
133536,4/17/2009,ADVANCED TO THIRD READING 4/18 CALENDAR
133536,4/18/2009,READ THE THIRD TIME CSSB 48(JUD)
133536,4/18/2009,RETURN TO SECOND FOR AM 1 UNAN CONSENT
133536,4/18/2009,AM NO 1 FAILED Y12 N25 A3
133536,4/18/2009,AUTOMATICALLY IN THIRD READING
133536,4/18/2009,PASSED Y35 N4 A1
133536,4/18/2009,RETURN TO (S) TRANSMIT TO GOV NEXT
133536,4/18/2009,VERSION: CSSB 48(JUD)
133536,8/5/2009,1:15 PM 5/21/09 TRANSMITTED TO GOVERNOR
133536,8/5/2009,SIGNED INTO LAW 5/25 CHAPTER 25 SLA 09
133536,8/5/2009,EFFECTIVE DATE(S) OF LAW 8/23/09
133537,1/21/2009,PREFILE RELEASED 1/9/09
133537,1/21/2009,READ THE FIRST TIME - REFERRALS
133537,1/21/2009,STA FIN
133537,2/19/2009,COSPONSOR(S): MENARD
133537,2/27/2009,STA RPT 4DP
133537,2/27/2009,DP: MENARD KOOKESH PASKVAN MEYER
133537,2/27/2009,FN1: ZERO(ADM)
133537,2/27/2009,FN2: (ADM)
133537,2/27/2009,REFERRED TO FINANCE
133537,3/11/2009,COSPONSOR(S): PASKVAN
133538,1/21/2009,PREFILE RELEASED 1/9/09
133538,1/21/2009,READ THE FIRST TIME - REFERRALS
133538,1/21/2009,STA FIN
133538,2/25/2009,STA RPT 5DP
133538,2/25/2009,DP: MENARD FRENCH MEYER PASKVAN KOOKESH
133538,2/25/2009,FN1: ZERO(ADM)
133538,3/11/2009,FIN RPT 2DP 2NR 1AM
133538,3/11/2009,DP: HOFFMAN STEDMAN
133538,3/11/2009,NR: OLSON ELLIS
133538,3/11/2009,AM: THOMAS
133538,3/11/2009,FN1: ZERO(ADM)
133538,3/11/2009,RULES TO CALENDAR 3/11/2009
133538,3/11/2009,READ THE SECOND TIME
133538,3/11/2009,ADVANCED TO THIRD READING UNAN CONSENT
133538,3/11/2009,READ THE THIRD TIME SB 50
133538,3/11/2009,PASSED Y19 N- V1
133538,3/11/2009,TRANSMITTED TO (H)
133538,3/11/2009,VERSION: SB 50
133538,3/12/2009,READ THE FIRST TIME - REFERRALS
133538,3/12/2009,STA
133538,3/12/2009,FIN REPLACES STA REFERRAL
133538,3/12/2009,CROSS SPONSOR(S): NEUMAN KERTTULA STOLTZE
133538,3/18/2009,FIN RPT 5DP 4NR
133538,3/18/2009,DP: GARA CRAWFORD AUSTERMAN KELLY STOLTZE
133538,3/18/2009,NR: THOMAS SALMON FAIRCLOUGH HAWKER
133538,3/18/2009,FN1: ZERO(ADM)
133538,3/19/2009,RULES TO CALENDAR 3/19/2009
133538,3/19/2009,READ THE SECOND TIME
133538,3/19/2009,ADVANCED TO THIRD READING UNAN CONSENT
133538,3/19/2009,READ THE THIRD TIME SB 50
133538,3/19/2009,PASSED Y32 E4 A4
133538,3/19/2009,RETURN TO (S) TRANSMIT TO GOV NEXT
133538,3/19/2009,VERSION: SB 50
133538,3/19/2009,CROSS SPONSOR(S): R.FOSTER LYNN
133538,3/25/2009,9:05 AM 3/24/09 TRANSMITTED TO GOVERNOR
133538,3/27/2009,SIGNED INTO LAW 3/25 CHAPTER 2 SLA 09
133538,3/27/2009,EFFECTIVE DATE(S) OF LAW 6/23/09
133539,1/21/2009,PREFILE RELEASED 1/9/09
133539,1/21/2009,READ THE FIRST TIME - REFERRALS
133539,1/21/2009,TRA JUD
133539,3/5/2009,TRA RPT CS 1DP 1NR 2AM SAME TITLE
133539,3/5/2009,DP: KOOKESH
133539,3/5/2009,NR: MEYER
133539,3/5/2009,AM: DAVIS PASKVAN
133539,3/5/2009,FN1: ZERO(DPS)
133539,3/18/2009,JUD RPT CS(TRA) 1DP 1DNP 2NR
133539,3/18/2009,DP: FRENCH
133539,3/18/2009,DNP: THERRIAULT
133539,3/18/2009,NR: WIELECHOWSKI MCGUIRE
133539,3/18/2009,FN1: ZERO(DPS)
133539,4/15/2009,RULES TO CALENDAR 4/15/2009
133539,4/15/2009,READ THE SECOND TIME
133539,4/15/2009,TRA CS ADOPTED UNAN CONSENT
133539,4/15/2009,ADVANCED TO THIRD READING UNAN CONSENT
133539,4/15/2009,READ THE THIRD TIME CSSB 51(TRA)
133539,4/15/2009,PASSED Y14 N5 V1
133539,4/15/2009,TRANSMITTED TO (H)
133539,4/15/2009,VERSION: CSSB 51(TRA)
133539,4/16/2009,READ THE FIRST TIME - REFERRALS
133539,4/16/2009,TRA JUD
133539,4/16/2009,REFERRED TO TRANSPORTATION
133540,1/21/2009,PREFILE RELEASED 1/9/09
133540,1/21/2009,READ THE FIRST TIME - REFERRALS
133540,1/21/2009,HSS JUD FIN
133540,2/25/2009,HSS RPT 1DP 3NR 1AM
133540,2/25/2009,DP: DYSON
133540,2/25/2009,NR: DAVIS ELLIS PASKVAN
133540,2/25/2009,AM: THOMAS
133540,2/25/2009,FN1: ZERO(COR)
133540,2/25/2009,FN2: INDETERMINATE(DPS)
133540,2/25/2009,FN3: INDETERMINATE(LAW)
133540,2/25/2009,FN4: INDETERMINATE(ADM)
133540,2/25/2009,FN5: INDETERMINATE(ADM)
133540,3/16/2009,COSPONSOR(S): MENARD
133540,3/18/2009,JUD RPT 2DP 2NR
133540,3/18/2009,DP: THERRIAULT MCGUIRE
133540,3/18/2009,NR: FRENCH WIELECHOWSKI
133540,3/18/2009,FN1: ZERO(COR)
133540,3/18/2009,FN2: INDETERMINATE(DPS)
133540,3/18/2009,FN3: INDETERMINATE(LAW)
133540,3/18/2009,FN4: INDETERMINATE(ADM)
133540,3/18/2009,FN5: INDETERMINATE(ADM)
133540,3/18/2009,REFERRED TO FINANCE
133541,1/21/2009,PREFILE RELEASED 1/9/09
133541,1/21/2009,READ THE FIRST TIME - REFERRALS
133541,1/21/2009,TRA FIN
133541,3/11/2009,TRA RPT 1DP 4NR
133541,3/11/2009,DP: KOOKESH
133541,3/11/2009,NR: MENARD DAVIS MEYER PASKVAN
133541,3/11/2009,FN1: ZERO(DOT)
133541,3/11/2009,REFERRED TO FINANCE
133542,1/21/2009,PREFILE RELEASED 1/16/09
133542,1/21/2009,READ THE FIRST TIME - REFERRALS
133542,1/21/2009,ENE RES JUD
133542,3/16/2009,ENE RPT CS 1DP 3NR SAME TITLE
133542,3/16/2009,DP: WIELECHOWSKI
133542,3/16/2009,NR: MCGUIRE KOOKESH STEDMAN
133542,3/16/2009,FN1: INDETERMINATE(LAW)
133542,3/16/2009,FIN REFERRAL ADDED JUD
133542,3/30/2009,RES RPT CS 2DP 2NR 1AM NEW TITLE
133542,3/30/2009,DP: WIELECHOWSKI FRENCH
133542,3/30/2009,NR: MCGUIRE STEVENS
133542,3/30/2009,AM: HUGGINS
133542,3/30/2009,FN1: INDETERMINATE(LAW)
133542,4/14/2009,JUD RPT CS 2DP 1NR NEW TITLE
133542,4/14/2009,DP: FRENCH WIELECHOWSKI
133542,4/14/2009,NR: THERRIAULT
133542,4/14/2009,FN2: INDETERMINATE(LAW)
133542,4/14/2009,REFERRED TO FINANCE
133543,1/21/2009,PREFILE RELEASED 1/16/09
133543,1/21/2009,READ THE FIRST TIME - REFERRALS
133543,1/21/2009,STA FIN
133543,1/21/2009,REFERRED TO STATE AFFAIRS
133543,2/4/2009,COSPONSOR(S): PASKVAN
133544,1/21/2009,PREFILE RELEASED 1/16/09
133544,1/21/2009,READ THE FIRST TIME - REFERRALS
133544,1/21/2009,EDC FIN
133544,2/9/2009,SPONSOR SUBSTITUTE INTRODUCED-REFERRALS
133544,2/9/2009,EDC FIN
133544,2/10/2010,EDC RPT 3DP 3NR
133544,2/10/2010,DP: THOMAS STEVENS DAVIS
133544,2/10/2010,NR: MEYER OLSON HUGGINS
133544,2/10/2010,REFERRED TO FINANCE
133545,1/21/2009,PREFILE RELEASED 1/16/09
133545,1/21/2009,READ THE FIRST TIME - REFERRALS
133545,1/21/2009,EDC FIN
133545,1/28/2009,COSPONSOR(S): STEVENS DAVIS
133545,2/2/2009,EDC RPT 4DP
133545,2/2/2009,DP: ELTON OLSON DAVIS HUGGINS
133545,2/2/2009,FN1: (EED)
133545,4/1/2009,FIN RPT CS 6DP NEW TITLE
133545,4/1/2009,DP: HOFFMAN STEDMAN HUGGINS THOMAS OLSON ELLIS
133545,4/1/2009,FN2: (EED)
133545,4/2/2009,RULES TO CALENDAR 4/3/2009
133545,4/3/2009,READ THE SECOND TIME
133545,4/3/2009,FIN CS ADOPTED UNAN CONSENT
133545,4/3/2009,ADVANCED TO THIRD READING UNAN CONSENT
133545,4/3/2009,READ THE THIRD TIME CSSB 57(FIN)
133545,4/3/2009,COSPONSOR(S): DYSON WAGONER ELLIS PASKVAN WIELECHOWSKI HUGGINS STEDMAN
133545,4/3/2009,MENARD
133545,4/3/2009,PASSED Y16 N- E2 A1 V1
133545,4/3/2009,TRANSMITTED TO (H)
133545,4/3/2009,VERSION: CSSB 57(FIN)
133545,4/6/2009,READ THE FIRST TIME - REFERRALS
133545,4/6/2009,EDC FIN
133545,4/6/2009,CROSS SPONSOR(S): KERTTULA
133545,4/8/2009,EDC RPT 4DP 1NR
133545,4/8/2009,DP: P.WILSON EDGMON GARDNER SEATON
133545,4/8/2009,NR: KELLER
133545,4/8/2009,FN2: (EED)
133545,4/8/2009,BUCH SIGNED EDUCATION RPT DP
133545,4/8/2009,CROSS SPONSOR(S): MUNOZ
133545,4/10/2009,CROSS SPONSOR(S): GARDNER
133545,4/17/2009,FIN RPT 10DP 1NR
133545,4/17/2009,DP: R.FOSTER GARA AUSTERMAN CRAWFORD FAIRCLOUGH KELLY SALMON JOULE
133545,4/17/2009,HAWKER STOLTZE
133545,4/17/2009,NR: THOMAS
133545,4/17/2009,FN2: (EED)
133545,4/17/2009,CROSS SPONSOR(S): GARA KAWASAKI
133545,4/18/2009,RULES TO CALENDAR 4/18/2009
133545,4/18/2009,READ THE SECOND TIME
133545,4/18/2009,ADVANCED TO THIRD READING UNAN CONSENT
133545,4/18/2009,READ THE THIRD TIME CSSB 57(FIN)
133545,4/18/2009,PASSED Y40
133545,4/18/2009,RETURN TO (S) TRANSMIT TO GOV NEXT
133545,4/18/2009,VERSION: CSSB 57(FIN)
133545,4/18/2009,CROSS SPONSOR(S): RAMRAS GATTO KELLY SEATON
133545,8/5/2009,1:40 PM 5/13/09 TRANSMITTED TO GOVERNOR
133545,8/5/2009,SIGNED INTO LAW 5/15 CHAPTER 9 SLA 09
133545,8/5/2009,EFFECTIVE DATE(S) OF LAW 8/13/09
133546,1/21/2009,PREFILE RELEASED 1/16/09
133546,1/21/2009,READ THE FIRST TIME - REFERRALS
133546,1/21/2009,STA RES
133546,3/3/2009,STA RPT 4DP
133546,3/3/2009,DP: MEYER FRENCH KOOKESH PASKVAN
133546,3/3/2009,FN1: ZERO(GOV/ALL)
133546,3/16/2009,RES RPT 1DP 3NR
133546,3/16/2009,DP: MCGUIRE
133546,3/16/2009,NR: WIELECHOWSKI WAGONER STEVENS
133546,3/16/2009,FN1: ZERO(GOV/ALL DEPTS)
133546,3/20/2009,RULES TO CALENDAR 3/20/2009
133546,3/20/2009,READ THE SECOND TIME
133546,3/20/2009,ADVANCED TO THIRD READING 3/23 CALENDAR
133546,3/23/2009,READ THE THIRD TIME SB 58
133546,3/23/2009,HELD IN THIRD READING TO 3/25 CALENDAR
133546,3/25/2009,PASSED Y14 N4 E1 V1
133546,3/25/2009,EFFECTIVE DATE(S) SAME AS PASSAGE
133546,3/25/2009,TRANSMITTED TO (H)
133546,3/25/2009,VERSION: SB 58
133546,3/27/2009,READ THE FIRST TIME - REFERRALS
133546,3/27/2009,STA JUD
133546,4/11/2009,STA RPT 4DP 3NR
133546,4/11/2009,DP: PETERSEN P.WILSON SEATON LYNN
133546,4/11/2009,NR: JOHNSON GATTO GRUENBERG
133546,4/11/2009,FN1: ZERO(GOV/ALL)
133546,4/11/2009,JUD REFERRAL WAIVED
133546,4/18/2009,RULES TO CALENDAR 4/18/2009
133546,4/18/2009,READ THE SECOND TIME
133546,4/18/2009,ADVANCED TO THIRD READING UNAN CONSENT
133546,4/18/2009,READ THE THIRD TIME SB 58
133546,4/18/2009,PASSED Y38 A2
133546,4/18/2009,EFFECTIVE DATE(S) SAME AS PASSAGE
133546,4/18/2009,RETURN TO (S) TRANSMIT TO GOV NEXT
133546,4/18/2009,VERSION: SB 58
133546,8/5/2009,8:25 AM 6/30/09 TRANSMITTED TO GOVERNOR
133546,8/5/2009,SIGNED INTO LAW 7/9 CHAPTER 57 SLA 09
133546,8/5/2009,EFFECTIVE DATE(S) OF LAW 7/10/09
133547,1/21/2009,PREFILE RELEASED 1/16/09
133547,1/21/2009,READ THE FIRST TIME - REFERRALS
133547,1/21/2009,TRA JUD
133547,3/5/2009,TRA RPT CS 4DP SAME TITLE
133547,3/5/2009,DP: KOOKESH MEYER DAVIS PASKVAN
133547,3/5/2009,FN1: ZERO(DOT)
133547,4/11/2009,JUD RPT CS(TRA) 1DP 3NR
133547,4/11/2009,DP: THERRIAULT
133547,4/11/2009,NR: FRENCH WIELECHOWSKI MCGUIRE
133547,4/11/2009,FN1: ZERO(DOT)
133547,4/13/2009,RULES TO CALENDAR 4/13/2009
133547,4/13/2009,READ THE SECOND TIME
133547,4/13/2009,TRA CS ADOPTED UNAN CONSENT
133547,4/13/2009,AM NO 1 ADOPTED UNAN CONSENT
133547,4/13/2009,ADVANCED TO THIRD READING UNAN CONSENT
133547,4/13/2009,READ THE THIRD TIME CSSB 59(TRA) AM
133547,4/13/2009,PASSED Y17 N1 E1 V1
133547,4/13/2009,ELLIS NOTICE OF RECONSIDERATION
133547,4/13/2009,RECON TAKEN UP SAME DAY UNAN CONSENT
133547,4/13/2009,IN THIRD READING ON RECONSIDERATION
133547,4/13/2009,RETURN TO SECOND FOR AM 2 UNAN CONSENT
133547,4/13/2009,AM NO 2 ADOPTED Y15 N- E1 A3 V1
133547,4/13/2009,AUTOMATICALLY IN THIRD READING
133547,4/13/2009,PASSED ON RECONSIDERATION Y15 N- E1 A3 V1
133547,4/13/2009,TRANSMITTED TO (H)
133547,4/13/2009,VERSION: CSSB 59(TRA) AM
133547,4/14/2009,READ THE FIRST TIME - REFERRALS
133547,4/14/2009,TRA
133547,4/15/2009,TRA RPT HCS(TRA) 3DP 3NR
133547,4/15/2009,DP: MUNOZ GRUENBERG P.WILSON
133547,4/15/2009,NR: JOHANSEN DOOGAN JOHNSON
133547,4/15/2009,FN1: ZERO(DOT)
133547,4/18/2009,RULES TO CALENDAR 4/18/2009
133547,4/18/2009,READ THE SECOND TIME
133547,4/18/2009,TRA HCS ADOPTED UNAN CONSENT
133547,4/18/2009,ADVANCED TO THIRD READING 4/19 CALENDAR
133547,4/19/2009,RETURNED TO RLS COMMITTEE
133547,1/25/2010,RULES TO CALENDAR 1/25/2010
133547,1/25/2010,READ THE THIRD TIME HCS CSSB 59(TRA)
133547,1/25/2010,FN2: ZERO(H.RLS)
133547,1/25/2010,RETURN TO SECOND FOR AM 1 UNAN CONSENT
133547,1/25/2010,AM NO 1 NOT OFFERED
133547,1/25/2010,PASSED Y39 A1
133547,1/25/2010,CROSS SPONSOR(S): P.WILSON
133547,1/25/2010,TRANSMITTED TO (S) AS AMENDED
133547,1/25/2010,VERSION: HCS CSSB 59(TRA)
133547,1/27/2010,CONCUR MESSAGE READ AND TAKEN UP
133547,1/27/2010,CONCUR AM OF (H) Y19 N- E1
133547,2/3/2010,3:40 PM 2/2/10 TRANSMITTED TO GOVERNOR
133547,2/18/2010,SIGNED INTO LAW 2/16 CHAPTER 1 SLA 10
133547,2/18/2010,EFFECTIVE DATE(S) OF LAW 5/17/10
133548,1/21/2009,PREFILE RELEASED 1/16/09
133548,1/21/2009,READ THE FIRST TIME - REFERRALS
133548,1/21/2009,L&C JUD
133548,4/17/2009,L&C RPT CS 1DP 2NR 2AM SAME TITLE
133548,4/17/2009,DP: THOMAS
133548,4/17/2009,NR: MEYER DAVIS
133548,4/17/2009,AM: PASKVAN BUNDE
133548,4/17/2009,FN1: ZERO(LAW)
133548,2/10/2010,JUD RPT CS(L&C) 4DP
133548,2/10/2010,DP: FRENCH COGHILL EGAN MCGUIRE
133548,2/10/2010,FN2: ZERO(LAW)
133548,3/10/2010,RULES TO CALENDAR 3/10/2010
133548,3/10/2010,READ THE SECOND TIME
133548,3/10/2010,L&C CS ADOPTED UNAN CONSENT
133548,3/10/2010,ADVANCED TO THIRD READING UNAN CONSENT
133548,3/10/2010,READ THE THIRD TIME CSSB 60(L&C)
133548,3/10/2010,PASSED Y20 N-
133548,3/10/2010,COURT RULE(S) SAME AS PASSAGE
133548,3/10/2010,TRANSMITTED TO (H)
133548,3/10/2010,VERSION: CSSB 60(L&C)
133548,3/17/2010,READ THE FIRST TIME - REFERRALS
133548,3/17/2010,JUD
133548,3/26/2010,JUD RPT 4DP
133548,3/26/2010,DP: LYNN HERRON GATTO RAMRAS
133548,3/26/2010,FN2: ZERO(LAW)
133548,4/15/2010,RULES TO CALENDAR 4/15/2010
133548,4/15/2010,READ THE SECOND TIME
133548,4/15/2010,ADVANCED TO THIRD READING UNAN CONSENT
133548,4/15/2010,READ THE THIRD TIME CSSB 60(L&C)
133548,4/15/2010,PASSED Y38 A2
133548,4/15/2010,COURT RULE(S) SAME AS PASSAGE
133548,4/15/2010,RETURN TO (S) TRANSMIT TO GOV NEXT
133548,4/15/2010,VERSION: CSSB 60(L&C)
133548,7/9/2010,2:50 PM 6/7/10 TRANSMITTED TO GOVERNOR
133548,7/9/2010,MANIFEST ERROR(S)
133548,7/9/2010,SIGNED INTO LAW 6/9 CHAPTER 64 SLA 10
133548,7/9/2010,EFFECTIVE DATE(S) OF LAW 9/7/10
133549,1/21/2009,PREFILE RELEASED 1/16/09
133549,1/21/2009,READ THE FIRST TIME - REFERRALS
133549,1/21/2009,HSS L&C FIN
133549,3/16/2009,HSS RPT CS 2DP 1DNP 2AM SAME TITLE
133549,3/16/2009,DP: DAVIS ELLIS
133549,3/16/2009,DNP: DYSON
133549,3/16/2009,AM: THOMAS PASKVAN
133549,3/16/2009,FN1: (CED)
133549,3/16/2009,FN2: (DHS)
133549,3/16/2009,FN3: (DHS)
133549,3/16/2009,FN4: (DHS)
133549,3/16/2009,REFERRED TO LABOR & COMMERCE
133550,1/21/2009,PREFILE RELEASED 1/16/09
133550,1/21/2009,READ THE FIRST TIME - REFERRALS
133550,1/21/2009,STA JUD
133550,1/21/2009,REFERRED TO STATE AFFAIRS
133551,1/21/2009,PREFILE RELEASED 1/16/09
133551,1/21/2009,READ THE FIRST TIME - REFERRALS
133551,1/21/2009,STA JUD FIN
133551,3/12/2010,STA RPT CS 2DP 3NR SAME TITLE
133551,3/12/2010,DP: MENARD MEYER
133551,3/12/2010,NR: FRENCH PASKVAN KOOKESH
133551,3/12/2010,FN1: ZERO(LAW)
133551,3/30/2010,JUD RPT CS 2DP 3NR SAME TITLE
133551,3/30/2010,DP: EGAN MCGUIRE
133551,3/30/2010,NR: FRENCH COGHILL WIELECHOWSKI
133551,3/30/2010,FN1: ZERO(LAW)
133551,4/10/2010,FIN RPT CS(JUD) 6DP 1NR
133551,4/10/2010,DP: HOFFMAN STEDMAN HUGGINS THOMAS EGAN ELLIS
133551,4/10/2010,NR: OLSON
133551,4/10/2010,FN1: ZERO(LAW)
133551,4/13/2010,RULES TO CALENDAR 4/13/2010
133551,4/13/2010,READ THE SECOND TIME
133551,4/13/2010,JUD CS ADOPTED UNAN CONSENT
133551,4/13/2010,ADVANCED TO THIRD READING UNAN CONSENT
133551,4/13/2010,READ THE THIRD TIME CSSB 63(JUD)
133551,4/13/2010,PASSED Y19 N- A1
133551,4/13/2010,TRANSMITTED TO (H)
133551,4/13/2010,VERSION: CSSB 63(JUD)
133551,4/13/2010,READ THE FIRST TIME - REFERRALS
133551,4/13/2010,JUD
133551,4/14/2010,JUD RPT 4DP 1NR
133551,4/14/2010,DP: HERRON LYNN GATTO RAMRAS
133551,4/14/2010,NR: GRUENBERG
133551,4/14/2010,FN1: ZERO(LAW)
133551,4/16/2010,RULES TO CALENDAR 4/16/2010
133551,4/16/2010,READ THE SECOND TIME
133551,4/16/2010,ADVANCED TO THIRD READING UNAN CONSENT
133551,4/16/2010,READ THE THIRD TIME CSSB 63(JUD)
133551,4/16/2010,PASSED Y37 A3
133551,4/16/2010,RETURN TO (S) TRANSMIT TO GOV NEXT
133551,4/16/2010,VERSION: CSSB 63(JUD)
133551,7/9/2010,2:50 PM 6/7/10 TRANSMITTED TO GOVERNOR
133551,7/9/2010,SIGNED INTO LAW 6/9 CHAPTER 65 SLA 10
133551,7/9/2010,EFFECTIVE DATE(S) OF LAW 9/7/10
133552,1/21/2009,READ THE FIRST TIME - REFERRALS
133552,1/21/2009,L&C FIN
133552,1/21/2009,REFERRED TO LABOR & COMMERCE
133553,1/21/2009,READ THE FIRST TIME - REFERRALS
133553,1/21/2009,HSS FIN
133553,1/21/2009,REFERRED TO HEALTH & SOCIAL SERVICES
133554,1/21/2009,READ THE FIRST TIME - REFERRALS
133554,1/21/2009,HSS FIN
133554,1/21/2009,REFERRED TO HEALTH & SOCIAL SERVICES
133555,1/21/2009,READ THE FIRST TIME - REFERRALS
133555,1/21/2009,L&C FIN
133555,1/21/2009,REFERRED TO LABOR & COMMERCE
133556,1/21/2009,READ THE FIRST TIME - REFERRALS
133556,1/21/2009,STA JUD FIN
133556,4/1/2009,STA RPT 3DP 1NR
133556,4/1/2009,DP: MENARD MEYER PASKVAN
133556,4/1/2009,NR: FRENCH
133556,4/1/2009,FN1: ZERO(COR)
133556,4/1/2009,FN2: ZERO(GOV)
133556,4/16/2009,JUD RPT 3NR
133556,4/16/2009,NR: FRENCH WIELECHOWSKI MCGUIRE
133556,4/16/2009,FN1: ZERO(COR)
133556,4/16/2009,FN2: ZERO(GOV)
133556,4/16/2009,REFERRED TO FINANCE
133557,1/21/2009,READ THE FIRST TIME - REFERRALS
133557,1/21/2009,STA FIN
133557,3/20/2009,STA RPT CS 4DP SAME TITLE
133557,3/20/2009,DP: MENARD FRENCH MEYER PASKVAN
133557,3/20/2009,FN1: (GOV)
133557,3/20/2009,REFERRED TO FINANCE
133558,1/21/2009,READ THE FIRST TIME - REFERRALS
133558,1/21/2009,HSS L&C FIN
133558,4/1/2009,HSS RPT 3DP 1NR
133558,4/1/2009,DP: DAVIS ELLIS THOMAS
133558,4/1/2009,NR: PASKVAN
133558,4/1/2009,FN1: (DHS)
133558,4/1/2009,FN2: (CED)
133558,4/1/2009,REFERRED TO LABOR & COMMERCE
133559,1/21/2009,READ THE FIRST TIME - REFERRALS
133559,1/21/2009,ENE RES FIN
133559,3/16/2009,ENE RPT 2DP 1AM
133559,3/16/2009,DP: MCGUIRE KOOKESH
133559,3/16/2009,AM: WIELECHOWSKI
133559,3/16/2009,FN1: ZERO(DOT)
133559,3/30/2009,RES RPT CS 2DP 2NR SAME TITLE
133559,3/30/2009,DP: MCGUIRE WIELECHOWSKI
133559,3/30/2009,NR: FRENCH STEVENS
133559,3/30/2009,FN1: ZERO(DOT)
133559,3/30/2009,REFERRED TO FINANCE
133560,1/21/2009,READ THE FIRST TIME - REFERRALS
133560,1/21/2009,TRA STA
133560,2/11/2009,TRA RPT 5DP
133560,2/11/2009,DP: KOOKESH MENARD DAVIS MEYER PASKVAN
133560,2/11/2009,FN1: ZERO(DOT)
133560,2/11/2009,COSPONSOR(S): PASKVAN
133560,2/20/2009,STA RPT CS 5DP SAME TITLE
133560,2/20/2009,DP: MENARD FRENCH MEYER PASKVAN KOOKESH
133560,2/20/2009,FN1: ZERO(DOT)
133560,2/25/2009,RULES TO CALENDAR 2/25/2009
133560,2/25/2009,READ THE SECOND TIME
133560,2/25/2009,STA CS ADOPTED UNAN CONSENT
133560,2/25/2009,ADVANCED TO THIRD READING UNAN CONSENT
133560,2/25/2009,READ THE THIRD TIME CSSB 72(STA)
133560,2/25/2009,PASSED Y19 N- E1
133560,2/25/2009,TRANSMITTED TO (H)
133560,2/25/2009,VERSION: CSSB 72(STA)
133560,2/27/2009,READ THE FIRST TIME - REFERRALS
133560,2/27/2009,TRA STA FIN
133560,3/23/2009,TRA RPT HCS(TRA) 3DP 2NR
133560,3/23/2009,DP: DOOGAN GRUENBERG P.WILSON
133560,3/23/2009,NR: JOHANSEN MUNOZ
133560,3/23/2009,FN1: ZERO(DOT)
133560,3/23/2009,CROSS SPONSOR(S): GRUENBERG
133560,4/13/2009,STA RPT HCS(STA) 3DP 1NR 3AM
133560,4/13/2009,DP: SEATON PETERSEN LYNN
133560,4/13/2009,NR: GRUENBERG
133560,4/13/2009,AM: JOHNSON P.WILSON GATTO
133560,4/13/2009,FN1: ZERO(DOT)
133560,4/18/2009,FIN RPT HCS(FIN) 4DP 4NR
133560,4/18/2009,DP: GARA CRAWFORD AUSTERMAN JOULE
133560,4/18/2009,NR: KELLY FAIRCLOUGH HAWKER STOLTZE
133560,4/18/2009,FN1: ZERO(DOT)
133560,4/19/2009,RULES TO CALENDAR 4/19/2009
133560,4/19/2009,READ THE SECOND TIME
133560,4/19/2009,FIN HCS ADOPTED UNAN CONSENT
133560,4/19/2009,AM NO 1 ADOPTED UNAN CONSENT
133560,4/19/2009,ADVANCED TO THIRD READING UNAN CONSENT
133560,4/19/2009,READ THE THIRD TIME HCS CSSB 72(FIN) AM H
133560,4/19/2009,PASSED Y33 N5 A2
133560,4/19/2009,CROSS SPONSOR(S): HOLMES
133560,4/19/2009,TRANSMITTED TO (S) AS AMENDED
133560,4/19/2009,VERSION: HCS CSSB 72(FIN) AM H
133560,4/19/2009,CONCUR MESSAGE READ AND TAKEN UP
133560,4/19/2009,CONCUR AM OF (H) Y18 N- A1 VACANT 1
133560,8/5/2009,10:35 AM 6/11/09 TRANSMITTED TO GOVERNOR
133560,8/5/2009,SIGNED INTO LAW 6/17 CHAPTER 34 SLA 09
133560,8/5/2009,EFFECTIVE DATE(S) OF LAW 9/15/09
133561,1/22/2009,READ THE FIRST TIME - REFERRALS
133561,1/22/2009,TRA JUD
133561,3/5/2009,TRA RPT 4DP
133561,3/5/2009,DP: KOOKESH DAVIS MEYER PASKVAN
133561,3/5/2009,FN1: ZERO (DPS)
133561,3/11/2009,COSPONSOR(S): PASKVAN
133561,3/20/2009,JUD RPT CS 1DP 3NR NEW TITLE
133561,3/20/2009,DP: FRENCH
133561,3/20/2009,NR: THERRIAULT WIELECHOWSKI MCGUIRE
133561,3/20/2009,FN1: ZERO (DPS)
133561,3/20/2009,FN2: (DOT)
133561,3/20/2009,FIN REFERRAL ADDED AFTER JUD
133561,3/20/2009,REFERRED TO FINANCE
133562,1/22/2009,READ THE FIRST TIME - REFERRALS
133562,1/22/2009,FIN
133562,1/22/2009,GOVERNOR'S TRANSMITTAL LETTER
133562,1/22/2009,REFERRED TO FINANCE
133563,1/22/2009,READ THE FIRST TIME - REFERRALS
133563,1/22/2009,FIN
133563,1/22/2009,GOVERNOR'S TRANSMITTAL LETTER
133563,4/11/2009,FIN RPT CS 6DP SAME TITLE
133563,4/11/2009,DP: HOFFMAN STEDMAN ELLIS OLSON THOMAS HUGGINS
133563,4/11/2009,RULES TO CALENDAR 4/11/2009
133563,4/11/2009,READ THE SECOND TIME
133563,4/11/2009,FIN CS ADOPTED UNAN CONSENT
133563,4/11/2009,AM NO 1 FAILED Y4 N15 V1
133563,4/11/2009,AM NO 2 FAILED Y3 N16 V1
133563,4/11/2009,ADVANCED TO THIRD READING UNAN CONSENT
133563,4/11/2009,READ THE THIRD TIME CSSB 75(FIN)
133563,4/11/2009,PASSED Y16 N3 V1
133563,4/11/2009,EFFECTIVE DATE(S) SAME AS PASSAGE
133563,4/11/2009,TRANSMITTED TO (H)
133563,4/11/2009,VERSION: CSSB 75(FIN)
133563,4/13/2009,READ THE FIRST TIME - REFERRALS
133563,4/13/2009,FIN
133563,4/17/2009,FIN RPT HCS(FIN) 8DP 2AM
133563,4/17/2009,DP: THOMAS R.FOSTER FAIRCLOUGH KELLY AUSTERMAN JOULE HAWKER STOLTZE
133563,4/17/2009,AM: GARA CRAWFORD
133563,4/17/2009,RULES TO CALENDAR 4/17/2009
133563,4/17/2009,READ THE SECOND TIME
133563,4/17/2009,FIN HCS ADOPTED UNAN CONSENT
133563,4/17/2009,ADVANCED TO THIRD READING 4/18 CALENDAR
133563,4/18/2009,READ THE THIRD TIME HCS CSSB 75(FIN)
133563,4/18/2009,RETURN TO SECOND FOR AM 1 UNAN CONSENT
133563,4/18/2009,AM NO 1 FAILED Y14 N26
133563,4/18/2009,AUTOMATICALLY IN THIRD READING
133563,4/18/2009,PASSED Y27 N13
133563,4/18/2009,EFFECTIVE DATE(S) SAME AS PASSAGE
133563,4/18/2009,STOLTZE NOTICE OF RECONSIDERATION
133563,4/19/2009,RECON TAKEN UP - IN THIRD READING
133563,4/19/2009,RETURN TO SECOND FOR AMS 2 & 3 UC
133563,4/19/2009,AM NO 2 OFFERED AND WITHDRAWN
133563,4/19/2009,AM NO 3 OFFERED AND WITHDRAWN
133563,4/19/2009,AUTOMATICALLY IN THIRD READING
133563,4/19/2009,PASSED ON RECONSIDERATION Y26 N13 A1
133563,4/19/2009,EFFECTIVE DATE(S) ADOPTED Y36 N4
133563,4/19/2009,TRANSMITTED TO (S) AS AMENDED
133563,4/19/2009,VERSION: HCS CSSB 75(FIN)
133563,4/19/2009,CONCUR MESSAGE READ AND TAKEN UP
133563,4/19/2009,CONCUR AM OF (H) Y14 N2 A3 V1
133563,4/19/2009,EFFECTIVE DATE(S) SAME AS PASSAGE
133563,8/5/2009,9:15 AM 5/1/09 TRANSMITTED TO GOVERNOR
133563,8/5/2009,MANIFEST ERROR(S)
133563,8/5/2009,SIGNED INTO LAW 5/21 CHAPTER 15 SLA 09
133563,8/5/2009,PARTIAL VETO AND REDUCTIONS
133563,8/5/2009,OMB SPREADSHEET ATTACHED
133563,8/5/2009,EFFECTIVE DATE(S) OF LAW SEE CHAPTER
133563,8/10/2009,MOTION TO OVERRIDE VETOES
133563,8/10/2009,PG. 37 LNS 15-16
133563,8/10/2009,PG. 37 LN 19;
133563,8/10/2009,PG. 44 LNS 31-32
133563,8/10/2009,PG. 45 LNS 3-5
133563,8/10/2009,PG. 45 LNS 31-32
133563,8/10/2009,PG. 45 LN 33 THRU PG. 46 LN 3
133563,8/10/2009,MOTION TO DIVIDE THE QUESTION FAILED Y3 N56 E1
133563,8/10/2009,GOVERNOR VETOES SUSTAINED Y40 N19 E1
133564,1/22/2009,READ THE FIRST TIME - REFERRALS
133564,1/22/2009,FIN
133564,1/22/2009,GOVERNOR'S TRANSMITTAL LETTER
133564,1/22/2009,OMB ATTACHMENT PER AS 37.14.003
133564,1/22/2009,REFERRED TO FINANCE
133565,1/22/2009,READ THE FIRST TIME - REFERRALS
133565,1/22/2009,STA
133565,1/28/2009,STA RPT CS 3DP NEW TITLE
133565,1/28/2009,DP: MENARD KOOKESH PASKVAN
133565,1/28/2009,FN1: (LEG)
133565,1/28/2009,RULES TO CALENDAR 1/28/2009
133565,1/28/2009,READ THE SECOND TIME
133565,1/28/2009,STA CS ADOPTED UNAN CONSENT
133565,1/28/2009,ADVANCED TO THIRD READING UNAN CONSENT
133565,1/28/2009,READ THE THIRD TIME CSSB 77(STA)
133565,1/28/2009,PASSED Y18 N- E1 A1
133565,1/28/2009,EFFECTIVE DATE(S) SAME AS PASSAGE
133565,1/28/2009,TRANSMITTED TO (H)
133565,1/28/2009,VERSION: CSSB 77(STA)
133565,1/30/2009,READ THE FIRST TIME - REFERRALS
133565,1/30/2009,FIN
133565,2/4/2009,FIN RPT 10DP
133565,2/4/2009,DP: THOMAS CRAWFORD AUSTERMAN SALMON JOULE R.FOSTER KELLY FAIRCLOUGH
133565,2/4/2009,HAWKER STOLTZE
133565,2/4/2009,FN1: (LEG)
133565,2/4/2009,RULES TO CALENDAR 2/4/2009
133565,2/4/2009,READ THE SECOND TIME
133565,2/4/2009,ADVANCED TO THIRD READING 2/6 CALENDAR
133565,2/4/2009,BEFORE HOUSE
133565,2/4/2009,ADVANCED TO THIRD READING UNAN CONSENT
133565,2/4/2009,READ THE THIRD TIME CSSB 77(STA)
133565,2/4/2009,PASSED Y37 E3
133565,2/4/2009,EFFECTIVE DATE(S) SAME AS PASSAGE
133565,2/4/2009,RETURN TO (S) TRANSMIT TO GOV NEXT
133565,2/4/2009,VERSION: CSSB 77(STA)
133565,2/6/2009,MEMBERS: WIELECHOWSKI CO-CHAIR HUGGINS
133565,2/6/2009,MEMBERS: MCGUIRE PASKVAN THERRIAULT
133565,2/6/2009,11:00 AM 2/6/09 TRANSMITTED TO GOVERNOR
133565,2/19/2009,SIGNED INTO LAW 2/17 CHAPTER 1 SLA 09
133565,2/19/2009,EFFECTIVE DATE(S) OF LAW SEE CHAPTER
133566,1/26/2009,READ THE FIRST TIME - REFERRALS
133566,1/26/2009,STA FIN
133566,3/20/2009,STA RPT CS 1DP 3NR SAME TITLE
133566,3/20/2009,DP: MENARD
133566,3/20/2009,NR: FRENCH MEYER PASKVAN
133566,3/20/2009,FN1: ZERO(LEG)
133566,3/20/2009,REFERRED TO FINANCE
133567,1/26/2009,READ THE FIRST TIME - REFERRALS
133567,1/26/2009,STA L&C FIN
133567,2/4/2009,COSPONSOR(S): PASKVAN
133567,2/20/2009,STA RPT CS 5DP NEW TITLE
133567,2/20/2009,DP: MENARD FRENCH MEYER PASKVAN KOOKESH
133567,2/20/2009,FN1: (ADM)
133567,3/5/2009,L&C RPT CS(STA) 3DP
133567,3/5/2009,DP: PASKVAN MEYER DAVIS
133567,3/5/2009,FN1: (ADM)
133567,3/5/2009,REFERRED TO FINANCE
133567,1/22/2010,COSPONSOR(S): ELLIS
133567,2/5/2010,COSPONSOR(S): EGAN
133567,2/10/2010,COSPONSOR(S): THOMAS WIELECHOWSKI
133567,2/15/2010,COSPONSOR(S): MEYER MENARD KOOKESH
133568,1/26/2009,READ THE FIRST TIME - REFERRALS
133568,1/26/2009,L&C FIN
133568,3/5/2009,L&C RPT 3DP
133568,3/5/2009,DP: PASKVAN DAVIS MEYER
133568,3/5/2009,FN1: (CED)
133569,1/26/2009,READ THE FIRST TIME - REFERRALS
133569,1/26/2009,WTI STA FIN
133569,1/26/2009,FN1: ZERO(REV)
133569,1/26/2009,FN2: ZERO(REV)
133569,1/26/2009,GOVERNOR'S TRANSMITTAL LETTER
133569,1/26/2009,REFERRED TO SPEC COM/WORLD TRADE TECH INNOVATIONS
133570,1/26/2009,READ THE FIRST TIME - REFERRALS
133570,1/26/2009,HSS FIN
133570,1/26/2009,FN1: (DHS)
133570,1/26/2009,GOVERNOR'S TRANSMITTAL LETTER
133570,2/4/2009,HSS RPT 4DP 1AM
133570,2/4/2009,DP: DAVIS THOMAS PASKVAN DYSON
133570,2/4/2009,AM: ELLIS
133570,2/4/2009,FN1: (DHS)
133570,2/4/2009,REFERRED TO FINANCE
133571,1/26/2009,READ THE FIRST TIME - REFERRALS
133571,1/26/2009,L&C FIN
133571,1/26/2009,FN1: ZERO(LWF)
133571,1/26/2009,GOVERNOR'S TRANSMITTAL LETTER
133571,2/6/2009,L&C RPT CS 3DP 2NR SAME TITLE
133571,2/6/2009,DP: PASKVAN THOMAS DAVIS
133571,2/6/2009,NR: MEYER BUNDE
133571,2/6/2009,FN1: ZERO(LWF)
133571,2/12/2010,FIN RPT CS(L&C) 3DP 2NR
133571,2/12/2010,DP: THOMAS EGAN ELLIS
133571,2/12/2010,NR: STEDMAN HUGGINS
133571,2/12/2010,FN2: (LWF)
133571,2/17/2010,RULES TO CALENDAR 2/17/2010
133571,2/17/2010,READ THE SECOND TIME
133571,2/17/2010,L&C CS ADOPTED UNAN CONSENT
133571,2/17/2010,ADVANCED TO THIRD READING UNAN CONSENT
133571,2/17/2010,READ THE THIRD TIME CSSB 83(L&C)
133571,2/17/2010,PASSED Y20 N-
133571,2/17/2010,EFFECTIVE DATE(S) SAME AS PASSAGE
133571,2/17/2010,TRANSMITTED TO (H)
133571,2/17/2010,VERSION: CSSB 83(L&C)
133571,2/19/2010,READ THE FIRST TIME - REFERRALS
133571,2/19/2010,L&C FIN
133571,2/26/2010,L&C REFERRAL REMOVED
133571,4/15/2010,FIN RPT 7DP 3NR
133571,4/15/2010,DP: THOMAS GARA DOOGAN N.FOSTER AUSTERMAN SALMON FAIRCLOUGH
133571,4/15/2010,NR: KELLY STOLTZE HAWKER
133571,4/15/2010,FN2: (LWF)
133571,4/16/2010,RULES TO CALENDAR 4/16/2010
133571,4/16/2010,READ THE SECOND TIME
133571,4/16/2010,ADVANCED TO THIRD READING UNAN CONSENT
133571,4/16/2010,READ THE THIRD TIME CSSB 83(L&C)
133571,4/16/2010,PASSED Y37 N1 A2
133571,4/16/2010,EFFECTIVE DATE(S) SAME AS PASSAGE
133571,4/16/2010,RETURN TO (S) TRANSMIT TO GOV NEXT
133571,4/16/2010,VERSION: CSSB 83(L&C)
133571,7/9/2010,2:50 PM 6/7/10 TRANSMITTED TO GOVERNOR
133571,7/9/2010,SIGNED INTO LAW 6/9 CHAPTER 57 SLA 10
133571,7/9/2010,EFFECTIVE DATE(S) OF LAW 6/10/10
133572,1/26/2009,READ THE FIRST TIME - REFERRALS
133572,1/26/2009,L&C FIN
133572,1/26/2009,FN1: ZERO(CED)
133572,1/26/2009,GOVERNOR'S TRANSMITTAL LETTER
133572,2/27/2009,L&C RPT CS FORTHCOMING 4DP
133572,3/2/2009,L&C CS RECEIVED NEW TITLE
133572,2/27/2009,DP: PASKVAN THOMAS BUNDE DAVIS
133572,2/27/2009,FN1: ZERO(CED)
133572,2/27/2009,REFERRED TO FINANCE
133573,1/26/2009,READ THE FIRST TIME - REFERRALS
133573,1/26/2009,CRA JUD FIN
133573,1/26/2009,FN1: INDETERMINATE(ADM)
133573,1/26/2009,FN2: INDETERMINATE(ADM)
133573,1/26/2009,FN3: INDETERMINATE(COR)
133573,1/26/2009,FN4: ZERO(DPS)
133573,1/26/2009,FN5: INDETERMINATE(LAW)
133573,1/26/2009,GOVERNOR'S TRANSMITTAL LETTER
133573,2/19/2009,CRA RPT CS 2DP 2NR NEW TITLE
133573,2/19/2009,DP: MENARD KOOKESH
133573,2/19/2009,NR: OLSON FRENCH
133573,2/19/2009,FN1: INDETERMINATE(ADM)
133573,2/19/2009,FN2: INDETERMINATE(ADM)
133573,2/19/2009,FN3: INDETERMINATE(COR)
133573,2/19/2009,FN5: INDETERMINATE(LAW)
133573,2/19/2009,FN6: ZERO(DHS)
133573,2/19/2009,FN7: ZERO(DPS)
133573,4/7/2009,JUD RPT CS 4NR NEW TITLE
133573,4/7/2009,NR: FRENCH THERRIAULT WIELECHOWSKI MCGUIRE
133573,4/7/2009,FN1: INDETERMINATE(ADM)
133573,4/7/2009,FN2: INDETERMINATE(ADM)
133573,4/7/2009,FN3: INDETERMINATE(COR)
133573,4/7/2009,FN5: INDETERMINATE(LAW)
133573,4/7/2009,FN6: ZERO(DHS)
133573,4/7/2009,FN7: ZERO(DPS)
133573,4/7/2009,REFERRED TO FINANCE
133574,1/26/2009,READ THE FIRST TIME - REFERRALS
133574,1/26/2009,L&C FIN
133574,3/11/2009,COSPONSOR(S): DAVIS
133574,3/25/2009,L&C RPT 1DP 1NR 3AM
133574,3/25/2009,DP: DAVIS
133574,3/25/2009,NR: MEYER
133574,3/25/2009,AM: PASKVAN THOMAS BUNDE
133574,3/25/2009,FN1: (LWF)
133574,3/25/2009,REFERRED TO FINANCE
133575,1/28/2009,READ THE FIRST TIME - REFERRALS
133575,1/28/2009,HSS FIN
133575,2/11/2009,HSS RPT 3DP 1AM
133575,2/11/2009,DP: DAVIS ELLIS PASKVAN
133575,2/11/2009,AM: THOMAS
133575,2/11/2009,FN1: (DHS)
133575,2/11/2009,FN2: (DHS)
133575,2/11/2009,FN3: (DHS)
133575,2/11/2009,FN4: (DHS)
133575,2/11/2009,REFERRED TO FINANCE
133575,2/11/2009,COSPONSOR(S): PASKVAN
133575,2/19/2009,COSPONSOR(S): ELLIS DAVIS KOOKESH ELTON
133575,2/23/2009,COSPONSOR(S): FRENCH
133575,3/16/2009,COSPONSOR(S): MENARD
133576,1/28/2009,READ THE FIRST TIME - REFERRALS
133576,1/28/2009,FIN
133576,4/6/2009,FIN RPT 5DP
133576,4/6/2009,DP: HOFFMAN STEDMAN HUGGINS THOMAS OLSON
133576,4/6/2009,FN1: (CED)
133576,4/7/2009,RULES TO CALENDAR 4/7/2009
133576,4/7/2009,READ THE SECOND TIME
133576,4/7/2009,ADVANCED TO THIRD READING UNAN CONSENT
133576,4/7/2009,READ THE THIRD TIME SB 88
133576,4/7/2009,PASSED Y15 N4 V1
133576,4/7/2009,EFFECTIVE DATE(S) SAME AS PASSAGE
133576,4/7/2009,TRANSMITTED TO (H)
133576,4/7/2009,VERSION: SB 88
133576,4/8/2009,READ THE FIRST TIME - REFERRALS
133576,4/8/2009,FIN
133576,4/17/2009,FIN RPT 9DP 1NR
133576,4/17/2009,DP: THOMAS FAIRCLOUGH GARA CRAWFORD AUSTERMAN SALMON JOULE HAWKER
133576,4/17/2009,STOLTZE
133576,4/17/2009,NR: KELLY
133576,4/17/2009,FN2: (CED)
133576,4/18/2009,RULES TO CALENDAR 4/18/2009
133576,4/18/2009,READ THE SECOND TIME
133576,4/18/2009,FN2: (CED) CORRECTED
133576,4/18/2009,ADVANCED TO THIRD READING 4/19 CALENDAR
133576,4/19/2009,READ THE THIRD TIME SB 88
133576,4/19/2009,PASSED Y39 N1
133576,4/19/2009,EFFECTIVE DATE(S) SAME AS PASSAGE
133576,4/19/2009,RETURN TO (S) TRANSMIT TO GOV NEXT
133576,4/19/2009,VERSION: SB 88
133576,8/5/2009,8:25 AM 6/30/09 TRANSMITTED TO GOVERNOR
133576,8/5/2009,SIGNED INTO LAW 7/17 CHAPTER 59 SLA 09
133576,8/5/2009,EFFECTIVE DATE(S) OF LAW SEE CHAPTER
133577,1/28/2009,READ THE FIRST TIME - REFERRALS
133577,1/28/2009,FIN
133577,3/23/2009,FIN RPT CS 5DP SAME TITLE
133577,3/23/2009,DP: STEDMAN HUGGINS THOMAS OLSON ELLIS
133577,3/23/2009,FN1: (MVA)
133577,3/24/2009,RULES TO CALENDAR 3/25/2009
133577,3/25/2009,READ THE SECOND TIME
133577,3/25/2009,FIN CS ADOPTED UNAN CONSENT
133577,3/25/2009,ADVANCED TO THIRD READING UNAN CONSENT
133577,3/25/2009,READ THE THIRD TIME CSSB 89(FIN)
133577,3/25/2009,PASSED Y18 N- E1 V1
133577,3/25/2009,EFFECTIVE DATE(S) SAME AS PASSAGE
133577,3/25/2009,TRANSMITTED TO (H)
133577,3/25/2009,VERSION: CSSB 89(FIN)
133577,3/27/2009,READ THE FIRST TIME - REFERRALS
133577,3/27/2009,FIN
133577,4/1/2009,FIN RPT 8DP
133577,4/1/2009,DP: THOMAS GARA CRAWFORD JOULE AUSTERMAN FAIRCLOUGH SALMON STOLTZE
133577,4/1/2009,FN1: (MVA)
133577,4/3/2009,RULES TO CALENDAR 4/3/2009
133577,4/3/2009,READ THE SECOND TIME
133577,4/3/2009,ADVANCED TO THIRD READING UNAN CONSENT
133577,4/3/2009,READ THE THIRD TIME CSSB 89(FIN)
133577,4/3/2009,PASSED Y36 E4
133577,4/3/2009,EFFECTIVE DATE(S) SAME AS PASSAGE
133577,4/3/2009,RETURN TO (S) TRANSMIT TO GOV NEXT
133577,4/3/2009,VERSION: CSSB 89(FIN)
133577,4/8/2009,2:35 PM 4/8/09 TRANSMITTED TO GOVERNOR
133577,8/5/2009,SIGNED INTO LAW 4/29 CHAPTER 6 SLA 09
133577,8/5/2009,EFFECTIVE DATE(S) OF LAW SEE CHAPTER
133578,1/28/2009,READ THE FIRST TIME - REFERRALS
133578,1/28/2009,FIN
133578,1/28/2009,REFERRED TO FINANCE
133579,2/2/2009,READ THE FIRST TIME - REFERRALS
133579,2/2/2009,RES FIN
133579,2/2/2009,REFERRED TO RESOURCES
133580,2/2/2009,READ THE FIRST TIME - REFERRALS
133580,2/2/2009,STA JUD FIN
133580,2/3/2010,STA RPT 3DP 2NR
133580,2/3/2010,DP: MENARD FRENCH KOOKESH
133580,2/3/2010,NR: MEYER PASKVAN
133580,2/3/2010,FN1: ZERO(GOV)
133580,3/15/2010,JUD RPT 1DNP 3NR
133580,3/15/2010,DNP: COGHILL
133580,3/15/2010,NR: FRENCH WIELECHOWSKI MCGUIRE
133580,3/15/2010,FN1: ZERO(GOV)
133580,3/15/2010,REFERRED TO FINANCE
133581,2/4/2009,READ THE FIRST TIME - REFERRALS
133581,2/4/2009,CRA FIN
133581,2/6/2009,COSPONSOR(S): THOMAS
133581,2/13/2009,CRA RPT 3DP 1NR
133581,2/13/2009,DP: FRENCH THOMAS MENARD
133581,2/13/2009,NR: OLSON
133581,2/13/2009,FN1: ZERO(CED)
133581,2/13/2009,REFERRED TO FINANCE
133582,2/4/2009,READ THE FIRST TIME - REFERRALS
133582,2/4/2009,STA FIN
133582,3/13/2009,STA RPT CS 2DP 3NR SAME TITLE
133582,3/13/2009,DP: MENARD KOOKESH
133582,3/13/2009,NR: FRENCH MEYER PASKVAN
133582,3/13/2009,FN1: (REV)
133582,3/13/2009,REFERRED TO FINANCE
133583,2/4/2009,READ THE FIRST TIME - REFERRALS
133583,2/4/2009,FIN
133583,2/4/2009,GOVERNOR'S TRANSMITTAL LETTER
133583,2/4/2009,OMB SPREADSHEET ATTACHED
133583,2/4/2009,REFERRED TO FINANCE
133584,2/4/2009,READ THE FIRST TIME - REFERRALS
133584,2/4/2009,HSS JUD FIN
133584,3/3/2009,HSS RPT CS 2DP 2NR NEW TITLE
133584,3/3/2009,DP: DAVIS PASKVAN
133584,3/3/2009,NR: THOMAS ELLIS
133584,3/3/2009,FN1: ZERO(REV)
133584,3/18/2009,JUD RPT CS(HSS) 1DP 3NR
133584,3/18/2009,DP: FRENCH
133584,3/18/2009,NR: THERRIAULT WIELECHOWSKI MCGUIRE
133584,3/18/2009,FN1: ZERO(REV)
133584,4/9/2009,FIN RPT CS 4DP 2NR NEW TITLE
133584,4/9/2009,DP: HOFFMAN HUGGINS THOMAS ELLIS
133584,4/9/2009,NR: STEDMAN OLSON
133584,4/9/2009,FN1: ZERO(REV)
133584,4/10/2009,RULES TO CALENDAR 4/10/2009
133584,4/10/2009,READ THE SECOND TIME
133584,4/10/2009,FIN CS ADOPTED UNAN CONSENT
133584,4/10/2009,ADVANCED TO THIRD READING UNAN CONSENT
133584,4/10/2009,READ THE THIRD TIME CSSB 96(FIN)
133584,4/10/2009,PASSED Y19 N- V1
133584,4/10/2009,EFFECTIVE DATE(S) SAME AS PASSAGE
133584,4/10/2009,COURT RULE(S) SAME AS PASSAGE
133584,4/10/2009,TRANSMITTED TO (H)
133584,4/10/2009,VERSION: CSSB 96(FIN)
133584,4/10/2009,READ THE FIRST TIME - REFERRALS
133584,4/10/2009,JUD FIN
133584,4/14/2009,JUD RPT HCS(JUD) 2DP 3NR 2AM
133584,4/14/2009,DP: COGHILL RAMRAS
133584,4/14/2009,NR: LYNN DAHLSTROM GATTO
133584,4/14/2009,AM: GRUENBERG HOLMES
133584,4/14/2009,FN1: ZERO(REV)
133584,4/17/2009,FIN RPT HCS(FIN) 7DP
133584,4/17/2009,DP: THOMAS AUSTERMAN GARA FAIRCLOUGH SALMON JOULE HAWKER
133584,4/17/2009,FN1: ZERO(REV)
133584,4/17/2009,RULES TO CALENDAR 4/17/2009
133584,4/17/2009,READ THE SECOND TIME
133584,4/17/2009,FIN HCS ADOPTED UNAN CONSENT
133584,4/17/2009,ADVANCED TO THIRD READING UNAN CONSENT
133584,4/17/2009,READ THE THIRD TIME HCS CSSB 96(FIN)
133584,4/17/2009,PASSED Y40
133584,4/17/2009,EFFECTIVE DATE(S) SAME AS PASSAGE
133584,4/17/2009,COURT RULE(S) SAME AS PASSAGE
133584,4/17/2009,TRANSMITTED TO (S) AS AMENDED
133584,4/17/2009,VERSION: HCS CSSB 96(FIN)
133584,4/18/2009,CONCUR MESSAGE READ AND TAKEN UP
133584,4/18/2009,CONCUR AM OF (H) Y18 N- A1 V1
133584,4/18/2009,EFFECTIVE DATE(S) SAME AS PASSAGE
133584,4/18/2009,COURT RULE(S) SAME AS PASSAGE
133584,8/5/2009,10:35 AM 6/11/09 TRANSMITTED TO GOVERNOR
133584,8/5/2009,MANIFEST ERROR(S)
133584,8/5/2009,SIGNED INTO LAW 6/20 CHAPTER 45 SLA 09
133584,8/5/2009,EFFECTIVE DATE(S) OF LAW SEE CHAPTER
133585,2/4/2009,READ THE FIRST TIME - REFERRALS
133585,2/4/2009,L&C FIN
133585,2/4/2009,REFERRED TO LABOR & COMMERCE
133586,2/4/2009,READ THE FIRST TIME - REFERRALS
133586,2/4/2009,HSS FIN
133586,2/4/2009,REFERRED TO HEALTH & SOCIAL SERVICES
133587,2/4/2009,READ THE FIRST TIME - REFERRALS
133587,2/4/2009,STA FIN
133587,2/4/2009,REFERRED TO STATE AFFAIRS
133588,2/4/2009,READ THE FIRST TIME - REFERRALS
133588,2/4/2009,JUD FIN
133588,2/4/2009,REFERRED TO JUDICIARY
133589,2/6/2009,READ THE FIRST TIME - REFERRALS
133589,2/6/2009,EDC HSS
133589,3/18/2009,EDC RPT 1DP 2NR
133589,3/18/2009,DP: DAVIS
133589,3/18/2009,NR: OLSON HUGGINS
133589,3/18/2009,FN1: ZERO(EED)
133589,3/30/2009,HSS RPT 3DP
133589,3/30/2009,DP: DAVIS THOMAS PASKVAN
133589,3/30/2009,FN1: ZERO(EED)
133589,4/16/2009,RULES TO CALENDAR 4/16/2009
133589,4/16/2009,READ THE SECOND TIME
133589,4/16/2009,ADVANCED TO THIRD READING UNAN CONSENT
133589,4/16/2009,READ THE THIRD TIME SB 101
133589,4/16/2009,PASSED Y14 N5 V1
133589,4/16/2009,TRANSMITTED TO (H)
133589,4/16/2009,VERSION: SB 101
133589,4/16/2009,READ THE FIRST TIME - REFERRALS
133589,4/16/2009,HSS FIN
133589,3/15/2010,HSS RPT HCS(HSS) 3DP 3DNP 1NR
133589,3/15/2010,DP: HOLMES SEATON CISSNA
133589,3/15/2010,DNP: T.WILSON LYNN KELLER
133589,3/15/2010,NR: HERRON
133589,3/15/2010,FN2: ZERO(EED)
133589,3/15/2010,REFERRED TO FINANCE
133589,3/29/2010,CROSS SPONSOR(S): HOLMES KERTTULA
133589,4/5/2010,CROSS SPONSOR(S): P.WILSON
133590,2/6/2009,READ THE FIRST TIME - REFERRALS
133590,2/6/2009,EDC JUD FIN
133590,3/16/2009,EDC RPT CS 1DP 2NR NEW TITLE
133590,3/16/2009,DP: DAVIS
133590,3/16/2009,NR: STEVENS OLSON
133590,3/16/2009,FN1: (EED)
133590,3/30/2009,JUD RPT CS 1DP 2NR NEW TITLE
133590,3/30/2009,DP: MCGUIRE
133590,3/30/2009,NR: FRENCH THERRIAULT
133590,3/30/2009,FN1: (EED)
133590,3/30/2009,REFERRED TO FINANCE
133591,2/9/2009,READ THE FIRST TIME - REFERRALS
133591,2/9/2009,STA JUD
133591,2/9/2009,REFERRED TO STATE AFFAIRS
133592,2/9/2009,READ THE FIRST TIME - REFERRALS
133592,2/9/2009,RES FIN
133592,2/9/2009,REFERRED TO RESOURCES
133592,2/3/2010,COSPONSOR(S): EGAN
133593,2/11/2009,READ THE FIRST TIME - REFERRALS
133593,2/11/2009,EDC HSS FIN
133593,2/19/2009,COSPONSOR(S): ELLIS
133593,4/6/2009,EDC RPT CS 1DP 2NR 1AM NEW TITLE
133593,4/6/2009,DP: DAVIS
133593,4/6/2009,NR: OLSON STEVENS
133593,4/6/2009,AM: HUGGINS
133593,4/6/2009,FN1: (DHS)
133593,4/6/2009,FN2: (DHS)
133593,4/6/2009,FN3: (DHS)
133593,4/6/2009,FN4: (UA)
133593,4/6/2009,FN5: ZERO(EED)
133593,4/6/2009,FN6: (EED)
133593,4/14/2009,HSS RPT CS 4DP 1NR NEW TITLE
133593,4/14/2009,DP: DAVIS THOMAS ELLIS PASKVAN
133593,4/14/2009,NR: DYSON
133593,4/14/2009,FN1: (DHS)
133593,4/14/2009,FN2: (DHS)
133593,4/14/2009,FN4: (UA)
133593,4/14/2009,FN5: ZERO(EED)
133593,4/14/2009,FN6: (EED)
133593,4/14/2009,FN7: (DHS)
133593,4/14/2009,REFERRED TO FINANCE
133594,2/11/2009,READ THE FIRST TIME - REFERRALS
133594,2/11/2009,L&C JUD FIN
133594,2/20/2009,COSPONSOR(S): THERRIAULT
133594,3/18/2009,COSPONSOR(S): WAGONER
133594,3/27/2009,L&C RPT 3NR 1AM
133594,3/27/2009,NR: PASKVAN DAVIS MEYER
133594,3/27/2009,AM: THOMAS
133594,3/27/2009,FN1: (LEG)
133594,3/27/2009,FN2: ZERO(ADM)
133594,3/27/2009,REFERRED TO JUDICIARY
133594,3/27/2009,JUD REFERRAL WAIVED
133594,3/27/2009,REFERRED TO FINANCE
133595,2/11/2009,READ THE FIRST TIME - REFERRALS
133595,2/11/2009,L&C
133595,2/11/2009,REFERRED TO LABOR & COMMERCE
133596,2/17/2009,READ THE FIRST TIME - REFERRALS
133596,2/17/2009,RES FIN
133596,4/11/2009,RES RPT CS 1DP 5NR SAME TITLE
133596,4/11/2009,DP: FRENCH
133596,4/11/2009,NR: WIELECHOWSKI MCGUIRE HUGGINS STEVENS WAGONER
133596,4/11/2009,FN1: (DNR)
133596,4/11/2009,REFERRED TO FINANCE
133597,2/17/2009,READ THE FIRST TIME - REFERRALS
133597,2/17/2009,EDC CRA FIN
133597,2/3/2010,EDC RPT 3DP 1NR
133597,2/3/2010,DP: THOMAS MEYER DAVIS
133597,2/3/2010,NR: OLSON
133597,2/3/2010,FN1: (EED)
133597,2/18/2010,CRA RPT 2DP 2NR
133597,2/18/2010,DP: THOMAS MENARD
133597,2/18/2010,NR: OLSON FRENCH
133597,2/18/2010,FN1: (EED)
133597,2/18/2010,REFERRED TO FINANCE
133598,2/17/2009,READ THE FIRST TIME - REFERRALS
133598,2/17/2009,JUD FIN
133598,4/7/2009,JUD RPT CS 1DP 3NR NEW TITLE
133598,4/7/2009,DP: FRENCH
133598,4/7/2009,NR: THERRIAULT WIELECHOWSKI MCGUIRE
133598,4/7/2009,FN1: ZERO(DPS)
133598,4/7/2009,FN2: (DPS)
133598,4/7/2009,FN3: (LAW)
133598,3/15/2010,FIN RPT CS 5DP 2NR NEW TITLE
133598,3/15/2010,DP: HOFFMAN STEDMAN THOMAS EGAN ELLIS
133598,3/15/2010,NR: HUGGINS OLSON
133598,3/15/2010,FN4: ZERO(S.FIN/DPS)
133598,3/15/2010,FN5: ZERO(DPS)
133598,3/15/2010,FN6: (LAW)
133598,3/17/2010,RULES TO CALENDAR 3/17/2010
133598,3/17/2010,READ THE SECOND TIME
133598,3/17/2010,FIN CS ADOPTED UNAN CONSENT
133598,3/17/2010,ADVANCED TO THIRD READING UNAN CONSENT
133598,3/17/2010,READ THE THIRD TIME CSSB 110(FIN)
133598,3/17/2010,COSPONSOR(S): WAGONER DYSON ELLIS PASKVAN MENARD WIELECHOWSKI EGAN MEYER
133598,3/17/2010,MCGUIRE HUGGINS STEDMAN THOMAS STEVENS
133598,3/17/2010,PASSED Y19 N- E1
133598,3/17/2010,TRANSMITTED TO (H)
133598,3/17/2010,VERSION: CSSB 110(FIN)
133598,3/19/2010,READ THE FIRST TIME - REFERRALS
133598,3/19/2010,JUD FIN
133598,4/9/2010,JUD RPT HCS(JUD) NT 6DP
133598,4/9/2010,TITLE CHANGE: HCR 25
133598,4/9/2010,DP: LYNN GRUENBERG HERRON HOLMES GATTO RAMRAS
133598,4/9/2010,FN4: ZERO(S.FIN/DPS)
133598,4/9/2010,FN5: ZERO(DPS)
133598,4/9/2010,FN6: (LAW)
133598,4/13/2010,FIN RPT HCS(FIN) NT 6DP 5NR
133598,4/13/2010,TITLE CHANGE: HCR 25
133598,4/13/2010,DP: GARA DOOGAN JOULE FAIRCLOUGH STOLTZE HAWKER
133598,4/13/2010,NR: THOMAS KELLY AUSTERMAN SALMON N.FOSTER
133598,4/13/2010,FN4: ZERO(S.FIN/DPS)
133598,4/13/2010,FN5: ZERO(DPS)
133598,4/13/2010,FN7: ZERO(H.FIN/LAW)
133598,4/14/2010,RULES TO 1ST SUP CALENDAR 4/14/2010
133598,4/14/2010,READ THE SECOND TIME
133598,4/14/2010,FIN HCS ADOPTED UNAN CONSENT
133598,4/14/2010,ADVANCED TO THIRD READING UNAN CONSENT
133598,4/14/2010,READ THE THIRD TIME HCS CSSB 110(FIN)
133598,4/14/2010,PASSED Y40
133598,4/14/2010,COURT RULE(S) SAME AS PASSAGE
133598,4/14/2010,EFFECTIVE DATE(S) SAME AS PASSAGE
133598,4/14/2010,CROSS SPONSOR(S): GARDNER LYNN GARA KAWASAKI JOHNSON
133598,4/14/2010,TRANSMITTED TO (S) AS AMENDED
133598,4/14/2010,VERSION: HCS CSSB 110(FIN)
133598,4/15/2010,CONCUR MESSAGE READ AND HELD
133598,4/16/2010,TAKEN UP
133598,4/16/2010,CONCUR AM OF (H) Y19 N- E1
133598,4/16/2010,COURT RULE(S) SAME AS PASSAGE
133598,4/16/2010,EFFECTIVE DATE(S) SAME AS PASSAGE
133598,7/9/2010,11:28 AM 5/3/10 TRANSMITTED TO GOVERNOR
133598,7/9/2010,MANIFEST ERROR(S)
133598,7/9/2010,SIGNED INTO LAW 5/14 CHAPTER 20 SLA 10
133598,7/9/2010,EFFECTIVE DATE(S) OF 7/1/10
133599,2/17/2009,READ THE FIRST TIME - REFERRALS
133599,2/17/2009,TRA
133599,2/25/2009,TRA RPT 5DP
133599,2/25/2009,DP: KOOKESH MENARD DAVIS MEYER PASKVAN
133599,2/25/2009,FN1: ZERO(DOT)
133599,3/2/2009,RULES TO CALENDAR 3/2/2009
133599,3/2/2009,READ THE SECOND TIME
133599,3/2/2009,ADVANCED TO THIRD READING UNAN CONSENT
133599,3/2/2009,READ THE THIRD TIME SB 111
133599,3/2/2009,PASSED Y17 N- E2 A1
133599,3/2/2009,EFFECTIVE DATE(S) SAME AS PASSAGE
133599,3/2/2009,TRANSMITTED TO (H)
133599,3/2/2009,VERSION: SB 111
133599,3/9/2009,READ THE FIRST TIME - REFERRALS
133599,3/9/2009,TRA
133599,3/23/2009,TRA RPT 5DP
133599,3/23/2009,DP: JOHANSEN MUNOZ DOOGAN GRUENBERG P.WILSON
133599,3/23/2009,FN1: ZERO(DOT)
133599,3/27/2009,RULES TO CALENDAR 3/27/2009
133599,3/27/2009,READ THE SECOND TIME
133599,3/27/2009,ADVANCED TO THIRD READING UNAN CONSENT
133599,3/27/2009,READ THE THIRD TIME SB 111
133599,3/27/2009,PASSED Y36 E3 A1
133599,3/27/2009,EFFECTIVE DATE(S) SAME AS PASSAGE
133599,3/27/2009,RETURN TO (S) TRANSMIT TO GOV NEXT
133599,3/27/2009,VERSION: SB 111
133599,3/27/2009,CROSS SPONSOR(S): TUCK KERTTULA
133599,4/3/2009,9:35 AM 4/3/09 TRANSMITTED TO GOVERNOR
133599,4/19/2009,SIGNED INTO LAW 4/19 CHAPTER 5 SLA 09
133599,4/19/2009,EFFECTIVE DATE(S) OF LAW 4/20/09
133600,2/17/2009,READ THE FIRST TIME - REFERRALS
133600,2/17/2009,EDC CRA FIN
133600,2/17/2009,REFERRED TO EDUCATION
133601,2/19/2009,READ THE FIRST TIME - REFERRALS
133601,2/19/2009,STA FIN
133601,3/11/2009,STA WAIVED PUBLIC HEARING NOTICE RULE 23
133601,3/13/2009,STA RPT 4DP 1NR
133601,3/13/2009,DP: MENARD MEYER PASKVAN KOOKESH
133601,3/13/2009,NR: FRENCH
133601,3/13/2009,FN1: (ADM)
133601,3/13/2009,REFERRED TO FINANCE
133602,2/19/2009,READ THE FIRST TIME - REFERRALS
133602,2/19/2009,L&C FIN
133602,3/13/2009,L&C RPT CS 5DP NEW TITLE
133602,3/13/2009,DP: PASKVAN MEYER THOMAS BUNDE DAVIS
133602,3/13/2009,FN1: (CED)
133602,4/11/2009,FIN RPT CS(L&C) 4DP 2NR
133602,4/11/2009,DP: STEDMAN HUGGINS THOMAS ELLIS
133602,4/11/2009,NR: HOFFMAN OLSON
133602,4/11/2009,FN1: (CED)
133602,4/13/2009,RULES TO CALENDAR 4/13/2009
133602,4/13/2009,READ THE SECOND TIME
133602,4/13/2009,L&C CS ADOPTED UNAN CONSENT
133602,4/13/2009,ADVANCED TO THIRD READING UNAN CONSENT
133602,4/13/2009,READ THE THIRD TIME CSSB 114(L&C)
133602,4/13/2009,PASSED Y18 N- E1 V1
133602,4/13/2009,EFFECTIVE DATE(S) SAME AS PASSAGE
133602,4/13/2009,TRANSMITTED TO (H)
133602,4/13/2009,VERSION: CSSB 114(L&C)
133602,4/14/2009,READ THE FIRST TIME - REFERRALS
133602,4/14/2009,FIN
133602,4/17/2009,FIN RPT 7DP
133602,4/17/2009,DP: R.FOSTER CRAWFORD GARA KELLY FAIRCLOUGH HAWKER STOLTZE
133602,4/17/2009,FN1: (CED)
133602,4/17/2009,RULES TO CALENDAR 4/17/2009
133602,4/17/2009,READ THE SECOND TIME
133602,4/17/2009,ADVANCED TO THIRD READING UNAN CONSENT
133602,4/17/2009,READ THE THIRD TIME CSSB 114(L&C)
133602,4/17/2009,PASSED Y40
133602,4/17/2009,EFFECTIVE DATE(S) SAME AS PASSAGE
133602,4/17/2009,RETURN TO (S) TRANSMIT TO GOV NEXT
133602,4/17/2009,VERSION: CSSB 114(L&C)
133602,8/5/2009,1:15 PM 5/21/09 TRANSMITTED TO GOVERNOR
133602,8/5/2009,SIGNED INTO LAW 5/25 CHAPTER 23 SLA 09
133602,8/5/2009,EFFECTIVE DATE(S) OF LAW SEE CHAPTER
133603,2/19/2009,READ THE FIRST TIME - REFERRALS
133603,2/19/2009,FIN
133603,2/19/2009,REFERRED TO FINANCE
133604,2/19/2009,READ THE FIRST TIME - REFERRALS
133604,2/19/2009,FIN
133604,3/11/2009,FIN RPT CS 6DP NEW TITLE
133604,3/11/2009,DP: HOFFMAN STEDMAN HUGGINS THOMAS OLSON ELLIS
133604,3/23/2009,RULES TO CALENDAR 3/23/2009
133604,3/23/2009,READ THE SECOND TIME
133604,3/23/2009,FIN CS ADOPTED UNAN CONSENT
133604,3/23/2009,ADVANCED TO THIRD READING 3/25 CALENDAR
133604,3/25/2009,READ THE THIRD TIME CSSB 116(FIN)
133604,3/25/2009,PASSED Y18 N- E1 V1
133604,3/25/2009,EFFECTIVE DATE(S) SAME AS PASSAGE
133604,3/25/2009,TRANSMITTED TO (H)
133604,3/25/2009,VERSION: CSSB 116(FIN)
133604,3/27/2009,READ THE FIRST TIME - REFERRALS
133604,3/27/2009,FIN
133604,4/18/2009,FIN RPT 6DP 1DNP 3NR
133604,4/18/2009,DP: THOMAS GARA FAIRCLOUGH CRAWFORD SALMON JOULE
133604,4/18/2009,DNP: KELLY
133604,4/18/2009,NR: AUSTERMAN HAWKER STOLTZE
133604,4/18/2009,RULES TO CALENDAR 4/18/2009
133604,4/18/2009,READ THE SECOND TIME
133604,4/18/2009,ADVANCED TO THIRD READING 4/19 CALENDAR
133604,4/19/2009,READ THE THIRD TIME CSSB 116(FIN)
133604,4/19/2009,PASSED Y39 A1
133604,4/19/2009,EFFECTIVE DATE(S) SAME AS PASSAGE
133604,4/19/2009,RETURN TO (S) TRANSMIT TO GOV NEXT
133604,4/19/2009,VERSION: CSSB 116(FIN)
133604,8/5/2009,8:55 AM 5/8/09 TRANSMITTED TO GOVERNOR
133604,8/5/2009,SIGNED INTO LAW 5/21 CHAPTER 16 SLA 09
133604,8/5/2009,EFFECTIVE DATE(S) OF LAW 5/22/09
133605,2/20/2009,READ THE FIRST TIME - REFERRALS
133605,2/20/2009,L&C FIN
133605,3/4/2010,L&C RPT CS 3DP SAME TITLE
133605,3/4/2010,DP: PASKVAN MEYER DAVIS
133605,3/4/2010,FN1: ZERO(REV)
133605,4/2/2010,FIN RPT CS(L&C) 6DP 1NR
133605,4/2/2010,DP: HOFFMAN STEDMAN HUGGINS THOMAS EGAN ELLIS
133605,4/2/2010,NR: OLSON
133605,4/2/2010,FN1: ZERO(REV)
133605,4/6/2010,RULES TO CALENDAR 4/6/2010
133605,4/6/2010,READ THE SECOND TIME
133605,4/6/2010,L&C CS ADOPTED UNAN CONSENT
133605,4/6/2010,ADVANCED TO THIRD READING UNAN CONSENT
133605,4/6/2010,READ THE THIRD TIME CSSB 117(L&C)
133605,4/6/2010,PASSED Y16 N2 E2
133605,4/6/2010,TRANSMITTED TO (H)
133605,4/6/2010,VERSION: CSSB 117(L&C)
133605,4/7/2010,READ THE FIRST TIME - REFERRALS
133605,4/7/2010,L&C
133605,4/13/2010,L&C RPT HCS(L&C) 2DP 1DNP 3NR
133605,4/13/2010,DP: BUCH HOLMES
133605,4/13/2010,DNP: T.WILSON
133605,4/13/2010,NR: NEUMAN LYNN OLSON
133605,4/13/2010,FN1: ZERO(REV)
133605,4/16/2010,RULES TO CALENDAR 4/16/2010
133605,4/16/2010,READ THE SECOND TIME
133605,4/16/2010,L&C HCS ADOPTED UNAN CONSENT
133605,4/16/2010,ADVANCED TO THIRD READING UNAN CONSENT
133605,4/16/2010,READ THE THIRD TIME HCS CSSB 117(L&C)
133605,4/16/2010,PASSED Y26 N14
133605,4/16/2010,CROSS SPONSOR(S): KERTTULA
133605,4/16/2010,TRANSMITTED TO (S) AS AMENDED
133605,4/16/2010,VERSION: HCS CSSB 117(L&C)
133605,4/17/2010,CONCUR MESSAGE READ AND TAKEN UP
133605,4/17/2010,CONCUR AM OF (H) Y20 N-
133605,7/9/2010,2:50 PM 6/7/10 TRANSMITTED TO GOVERNOR
133605,7/9/2010,LAW W/O GOV SIGNATURE 6/30 CHAP 114 SLA 10
133605,7/9/2010,EFFECTIVE DATE(S) OF LAW 9/28/10
133606,2/20/2009,READ THE FIRST TIME - REFERRALS
133606,2/20/2009,HSS FIN
133606,2/20/2009,REFERRED TO HEALTH & SOCIAL SERVICES
133606,3/11/2009,COSPONSOR(S): PASKVAN
133606,2/5/2010,COSPONSOR(S): ELLIS
133607,2/20/2009,READ THE FIRST TIME - REFERRALS
133607,2/20/2009,RES FIN
133607,2/20/2009,REFERRED TO RESOURCES
133607,3/11/2009,COSPONSOR(S): PASKVAN
133608,2/20/2009,READ THE FIRST TIME - REFERRALS
133608,2/20/2009,CRA FIN
133608,2/22/2010,CRA RPT CS 4DP SAME TITLE
133608,2/22/2010,DP: THOMAS FRENCH MENARD KOOKESH
133608,2/22/2010,FN1: (CED)
133608,2/22/2010,FN2: (CED)
133608,2/22/2010,REFERRED TO FINANCE
133609,2/20/2009,READ THE FIRST TIME - REFERRALS
133609,2/20/2009,RES FIN
133609,3/16/2009,RES RPT CS 3DP 2NR NEW TITLE
133609,3/16/2009,DP: MCGUIRE WIELECHOWSKI WAGONER
133609,3/16/2009,NR: STEVENS STEDMAN
133609,3/16/2009,FN1: (CED)
133609,3/16/2009,FISCAL INFO FORTHCOMING
133609,3/16/2009,REFERRED TO FINANCE
133610,2/23/2009,READ THE FIRST TIME - REFERRALS
133610,2/23/2009,EDC FIN
133610,2/23/2009,REFERRED TO EDUCATION
133611,2/25/2009,READ THE FIRST TIME - REFERRALS
133611,2/25/2009,FIN
133611,2/25/2009,GOVERNOR'S TRANSMITTAL LETTER
133611,2/25/2009,OMB SPREADSHEET ATTACHED
133611,2/25/2009,DOT SPREADSHEET ATTACHED
133611,2/25/2009,REFERRED TO FINANCE
133612,2/25/2009,READ THE FIRST TIME - REFERRALS
133612,2/25/2009,FIN
133612,2/25/2009,FN1: ZERO(DOT)
133612,2/25/2009,GOVERNOR'S TRANSMITTAL LETTER
133612,2/25/2009,REFERRED TO FINANCE
133613,2/27/2009,READ THE FIRST TIME - REFERRALS
133613,2/27/2009,L&C
133613,3/13/2009,L&C RPT 5DP
133613,3/13/2009,DP: PASKVAN MEYER THOMAS DAVIS BUNDE
133613,3/13/2009,FN1: (CED)
133613,3/13/2009,FIN REFERRAL ADDED
133613,3/23/2009,FIN RPT 4DP 1NR
133613,3/23/2009,DP: STEDMAN HUGGINS THOMAS ELLIS
133613,3/23/2009,NR: OLSON
133613,3/23/2009,FN1: (CED)
133613,3/27/2009,RULES TO CALENDAR 3/27/2009
133613,3/27/2009,READ THE SECOND TIME
133613,3/27/2009,ADVANCED TO THIRD READING UNAN CONSENT
133613,3/27/2009,READ THE THIRD TIME SB 125
133613,3/27/2009,PASSED Y17 N- E2 V1
133613,3/27/2009,TRANSMITTED TO (H)
133613,3/27/2009,VERSION: SB 125
133613,3/30/2009,READ THE FIRST TIME - REFERRALS
133613,3/30/2009,L&C FIN
133613,4/11/2009,L&C RPT 6DP
133613,4/11/2009,DP: BUCH COGHILL NEUMAN HOLMES CHENAULT OLSON
133613,4/11/2009,FN1: (CED)
133613,4/18/2009,FIN RPT 9DP
133613,4/18/2009,DP: THOMAS FAIRCLOUGH GARA CRAWFORD KELLY AUSTERMAN JOULE HAWKER
133613,4/18/2009,STOLTZE
133613,4/18/2009,FN1: (CED)
133613,4/18/2009,RULES TO CALENDAR 4/18/2009
133613,4/18/2009,READ THE SECOND TIME
133613,4/18/2009,ADVANCED TO THIRD READING UNAN CONSENT
133613,4/18/2009,READ THE THIRD TIME SB 125
133613,4/18/2009,PASSED Y37 A3
133613,4/18/2009,RETURN TO (S) TRANSMIT TO GOV NEXT
133613,4/18/2009,VERSION: SB 125
133613,8/5/2009,8:25 AM 6/30/09 TRANSMITTED TO GOVERNOR
133613,8/5/2009,SIGNED INTO LAW 7/22 CHAPTER 60 SLA 09
133613,8/5/2009,EFFECTIVE DATE(S) OF LAW 10/20/09
133614,2/27/2009,READ THE FIRST TIME - REFERRALS
133614,2/27/2009,STA L&C FIN
133614,2/27/2009,FN1: ZERO(DNR)
133614,2/27/2009,FN2: ZERO(ADM)
133614,2/27/2009,FN3: ZERO(REV)
133614,2/27/2009,GOVERNOR'S TRANSMITTAL LETTER
133614,4/3/2009,STA RPT CS 5DP NEW TITLE
133614,4/3/2009,DP: MENARD KOOKESH PASKVAN FRENCH MEYER
133614,4/3/2009,FN1: ZERO(DNR)
133614,4/3/2009,FN2: ZERO(ADM)
133614,4/3/2009,FN4: INDETERMINATE(REV)
133614,4/15/2009,L&C RPT CS(STA) 5DP
133614,4/15/2009,DP: PASKVAN MEYER THOMAS BUNDE DAVIS
133614,4/15/2009,FN1: ZERO(DNR)
133614,4/15/2009,FN2: ZERO(ADM)
133614,4/15/2009,FN4: INDETERMINATE(REV)
133614,4/15/2009,REFERRED TO FINANCE
133615,2/27/2009,READ THE FIRST TIME - REFERRALS
133615,2/27/2009,CRA RES
133615,2/27/2009,FN1: ZERO(DNR)
133615,2/27/2009,GOVERNOR'S TRANSMITTAL LETTER
133615,3/20/2009,CRA RPT 2DP 1NR
133615,3/20/2009,DP: THOMAS MENARD
133615,3/20/2009,NR: OLSON
133615,3/20/2009,FN1: ZERO(DNR)
133615,3/20/2009,REFERRED TO RESOURCES
133615,1/20/2010,FIN REFERRAL ADDED AFTER RES
133616,2/27/2009,READ THE FIRST TIME - REFERRALS
133616,2/27/2009,L&C FIN
133616,2/27/2009,REFERRED TO LABOR & COMMERCE
133617,2/27/2009,READ THE FIRST TIME - REFERRALS
133617,2/27/2009,CRA STA L&C
133617,3/20/2009,CRA RPT 1DP 2NR
133617,3/20/2009,DP: MENARD
133617,3/20/2009,NR: OLSON THOMAS
133617,3/20/2009,FN1: ZERO(DPS)
133617,3/25/2009,STA RPT 1DP 2NR 2AM
133617,3/25/2009,DP: MENARD
133617,3/25/2009,NR: MEYER KOOKESH
133617,3/25/2009,AM: FRENCH PASKVAN
133617,3/25/2010,FN1: ZERO(DPS)
133617,3/24/2010,L&C RPT CS 4DP NEW TITLE
133617,3/24/2010,DP: PASKVAN BUNDE MEYER THOMAS
133617,3/26/2010,FN2: ZERO(DPS)
133617,3/31/2010,RULES TO CALENDAR 3/31/2010
133617,3/31/2010,READ THE SECOND TIME
133617,3/31/2010,L&C CS ADOPTED UNAN CONSENT
133617,3/31/2010,ADVANCED TO THIRD READING UNAN CONSENT
133617,3/31/2010,READ THE THIRD TIME CSSB 129(L&C)
133617,3/31/2010,PASSED Y17 N- E1 A2
133617,3/31/2010,ELLIS NOTICE OF RECONSIDERATION
133617,3/31/2010,RECON TAKEN UP SAME DAY Y15 N3 E1 A1
133617,3/31/2010,PASSED ON RECONSIDERATION Y18 N- E1 A1
133617,3/31/2010,TRANSMITTED TO (H)
133617,3/31/2010,VERSION: CSSB 129(L&C)
133617,3/31/2010,READ THE FIRST TIME - REFERRALS
133617,3/31/2010,CRA L&C
133617,4/9/2010,CRA REFERRAL WAIVED
133617,4/16/2010,L&C RPT HCS(L&C) NT 1DP 4NR
133617,4/16/2010,TECHNICAL TITLE CHANGE
133617,4/16/2010,DP: OLSON
133617,4/16/2010,NR: BUCH NEUMAN HOLMES T.WILSON
133617,4/16/2010,FN2: ZERO(DPS)
133617,4/16/2010,REFERRED TO RULES
133618,2/27/2009,READ THE FIRST TIME - REFERRALS
133618,2/27/2009,STA FIN
133618,3/11/2009,STA WAIVED PUBLIC HEARING NOTICE RULE 23
133618,3/13/2009,STA RPT CS 4DP 1NR SAME TITLE
133618,3/13/2009,DP: MENARD FRENCH MEYER PASKVAN
133618,3/13/2009,NR: KOOKESH
133618,3/13/2009,FN1: ZERO(LEG)
133618,3/13/2009,REFERRED TO FINANCE
133619,2/27/2009,READ THE FIRST TIME - REFERRALS
133619,2/27/2009,ENE L&C
133619,2/27/2009,REFERRED TO ENERGY
133620,2/27/2009,READ THE FIRST TIME - REFERRALS
133620,2/27/2009,ENE RES FIN
133620,3/16/2009,ENE RPT 4DP 1NR
133620,3/16/2009,DP: MCGUIRE KOOKESH STEDMAN HOFFMAN
133620,3/16/2009,NR: WIELECHOWSKI
133620,3/16/2009,FN1: ZERO(CED)
133620,4/19/2009,RES REFERRAL WAIVED
133620,4/19/2009,REFERRED TO FINANCE
133621,3/2/2009,READ THE FIRST TIME - REFERRALS
133621,3/2/2009,HSS FIN
133621,3/30/2009,HSS RPT CS 3DP SAME TITLE
133621,3/30/2009,DP: DAVIS THOMAS PASKVAN
133621,3/30/2009,FN1: (DHS)
133621,4/11/2009,COSPONSOR(S): MENARD
133621,4/13/2009,FIN RPT CS 5DP 1NR SAME TITLE
133621,4/13/2009,DP: HOFFMAN STEDMAN HUGGINS THOMAS ELLIS
133621,4/13/2009,NR: OLSON
133621,4/13/2009,FN2: (DHS)
133621,4/13/2009,COSPONSOR(S): FRENCH KOOKESH THOMAS STEVENS BUNDE MEYER HUGGINS STEDMAN
133621,4/15/2009,RULES TO CALENDAR 4/15/2009
133621,4/15/2009,READ THE SECOND TIME
133621,4/15/2009,FIN CS ADOPTED UNAN CONSENT
133621,4/15/2009,ADVANCED TO THIRD READING UNAN CONSENT
133621,4/15/2009,READ THE THIRD TIME CSSB 133(FIN)
133621,4/15/2009,COSPONSOR(S): THERRIAULT WAGONER DYSON ELLIS
133621,4/15/2009,PASSED Y19 N- V1
133621,4/15/2009,EFFECTIVE DATE(S) SAME AS PASSAGE
133621,4/15/2009,TRANSMITTED TO (H)
133621,4/15/2009,VERSION: CSSB 133(FIN)
133621,4/16/2009,READ THE FIRST TIME - REFERRALS
133621,4/16/2009,FIN
133621,4/17/2009,FIN RPT HCS(FIN) 9DP 1NR
133621,4/17/2009,DP: THOMAS GARA CRAWFORD R.FOSTER AUSTERMAN KELLY FAIRCLOUGH JOULE
133621,4/17/2009,HAWKER
133621,4/17/2009,NR: STOLTZE
133621,4/17/2009,FN2: (DHS)
133621,4/17/2009,CROSS SPONSOR(S): JOULE HOLMES
133621,4/18/2009,RULES TO CALENDAR 4/18/2009
133621,4/18/2009,READ THE SECOND TIME
133621,4/18/2009,FIN HCS ADOPTED UNAN CONSENT
133621,4/18/2009,ADVANCED TO THIRD READING UNAN CONSENT
133621,4/18/2009,READ THE THIRD TIME HCS CSSB 133(FIN)
133621,4/18/2009,PASSED Y40
133621,4/18/2009,EFFECTIVE DATE(S) SAME AS PASSAGE
133621,4/18/2009,HOLMES NOTICE OF RECONSIDERATION
133621,4/18/2009,RECON TAKEN UP SAME DAY UC
133621,4/18/2009,PASSED ON RECONSIDERATION Y40
133621,4/18/2009,EFFECTIVE DATE(S) SAME AS PASSAGE
133621,4/18/2009,CROSS SPONSOR(S): HERRON GARDNER LYNN KAWASAKI TUCK CISSNA
133621,4/18/2009,TRANSMITTED TO (S) AS AMENDED
133621,4/18/2009,VERSION: HCS CSSB 133(FIN)
133621,4/19/2009,CONCUR MESSAGE READ AND TAKEN UP
133621,4/19/2009,CONCUR AM OF (H) Y19 N- V1
133621,4/19/2009,EFFECTIVE DATE(S) SAME AS PASSAGE
133621,8/5/2009,1:40 PM 5/22/09 TRANSMITTED TO GOVERNOR
133621,8/5/2009,MANIFEST ERROR(S)
133621,8/5/2009,SIGNED INTO LAW 5/25 CHAPTER 24 SLA 09
133621,8/5/2009,EFFECTIVE DATE(S) OF LAW 7/1/09
133622,3/2/2009,READ THE FIRST TIME - REFERRALS
133622,3/2/2009,EDC FIN
133622,3/25/2009,EDC RPT CS 1DP 3NR SAME TITLE
133622,3/25/2009,DP: DAVIS
133622,3/25/2009,NR: OLSON STEVENS HUGGINS
133622,3/25/2009,FN1: ZERO(LAW)
133622,3/25/2009,REFERRED TO FINANCE
133623,3/2/2009,READ THE FIRST TIME - REFERRALS
133623,3/2/2009,ENE RES FIN
133623,3/2/2009,FN1: ZERO(DNR)
133623,3/2/2009,FN2: ZERO(REV)
133623,3/2/2009,GOVERNOR'S TRANSMITTAL LETTER
133623,3/2/2009,REFERRED TO ENERGY
133624,3/2/2009,READ THE FIRST TIME - REFERRALS
133624,3/2/2009,ENE RES FIN
133624,3/2/2009,FN1: ZERO(DNR)
133624,3/2/2009,FN2: ZERO(CED)
133624,3/2/2009,GOVERNOR'S TRANSMITTAL LETTER
133624,3/2/2009,REFERRED TO ENERGY
133625,3/9/2009,READ THE FIRST TIME - REFERRALS
133625,3/9/2009,CRA RES
133625,4/10/2009,CRA RPT 2DP 2NR
133625,4/10/2009,DP: THOMAS MENARD
133625,4/10/2009,NR: OLSON KOOKESH
133625,4/10/2009,FN1: ZERO(DFG)
133625,4/10/2009,REFERRED TO RESOURCES
133626,3/9/2009,READ THE FIRST TIME - REFERRALS
133626,3/9/2009,L&C FIN
133626,3/16/2009,COSPONSOR(S): THERRIAULT DYSON
133626,3/20/2009,L&C RPT CS 4DP 1NR SAME TITLE
133626,3/20/2009,DP: PASKVAN MEYER THOMAS DAVIS
133626,3/20/2009,NR: BUNDE
133626,3/20/2009,FN1: (REV)
133626,3/20/2009,REFERRED TO FINANCE
133626,4/6/2009,COSPONSOR(S): ELLIS
133626,1/27/2010,COSPONSOR(S): FRENCH
133626,2/1/2010,COSPONSOR(S): WIELECHOWSKI
133626,2/17/2010,COSPONSOR(S): EGAN
133627,3/9/2009,READ THE FIRST TIME - REFERRALS
133627,3/9/2009,HSS FIN
133627,4/7/2009,HSS RPT CS 4DP 1AM SAME TITLE
133627,4/7/2009,DP: DAVIS ELLIS THOMAS PASKVAN
133627,4/7/2009,AM: DYSON
133627,4/7/2009,FN1: (DHS)
133627,4/7/2009,FN2: ZERO(EED)
133627,1/27/2010,COSPONSOR(S): FRENCH KOOKESH PASKVAN EGAN
133627,4/11/2010,FIN RPT CS 7DP NEW TITLE
133627,4/11/2010,DP: HOFFMAN STEDMAN HUGGINS THOMAS EGAN OLSON ELLIS
133627,4/11/2010,FN3: (DHS)
133627,4/12/2010,RULES TO CALENDAR 4/12/2010
133627,4/12/2010,READ THE SECOND TIME
133627,4/12/2010,FIN CS ADOPTED UNAN CONSENT
133627,4/12/2010,ADVANCED TO THIRD READING UNAN CONSENT
133627,4/12/2010,READ THE THIRD TIME CSSB 139(FIN)
133627,4/12/2010,PASSED Y20 N-
133627,4/12/2010,EFFECTIVE DATE(S) SAME AS PASSAGE
133627,4/12/2010,TRANSMITTED TO (H)
133627,4/12/2010,VERSION: CSSB 139(FIN)
133627,4/12/2010,READ THE FIRST TIME - REFERRALS
133627,4/12/2010,FIN
133627,4/12/2010,REFERRED TO FINANCE
133627,4/12/2010,CROSS SPONSOR(S): KAWASAKI
133627,4/17/2010,RLS TO CALENDAR PENDING REPORT
133627,4/17/2010,IN FINANCE
133627,4/17/2010,CROSS SPONSOR(S): LYNN
133628,3/9/2009,READ THE FIRST TIME - REFERRALS
133628,3/9/2009,EDC FIN
133628,3/9/2009,FN1: ZERO(REV)
133628,3/9/2009,FN2: (EED)
133628,3/9/2009,GOVERNOR'S TRANSMITTAL LETTER
133628,3/16/2009,EDC WAIVED PUBLIC HEARING NOTICE RULE 23
133628,3/18/2009,EDC RPT 1DP 2NR
133628,3/18/2009,DP: DAVIS
133628,3/18/2009,NR: OLSON HUGGINS
133628,3/18/2009,FN1: ZERO(REV)
133628,3/18/2009,FN3: (EED)
133628,3/18/2009,REFERRED TO FINANCE
133629,3/9/2009,READ THE FIRST TIME - REFERRALS
133629,3/9/2009,CRA TRA
133629,3/9/2009,REFERRED TO COMMUNITY & REGIONAL AFFAIRS
133629,3/16/2009,COSPONSOR(S): THERRIAULT DYSON
133630,3/9/2009,READ THE FIRST TIME - REFERRALS
133630,3/9/2009,TRA L&C
133630,3/18/2009,TRA RPT 4DP
133630,3/18/2009,DP: MENARD DAVIS MEYER PASKVAN
133630,3/18/2009,FN1: ZERO(DOT)
133630,3/18/2009,FN2: ZERO(CED)
133630,3/27/2009,L&C RPT 4DP
133630,3/27/2009,DP: PASKVAN MEYER THOMAS DAVIS
133630,3/27/2009,FN1: ZERO(DOT)
133630,3/27/2009,FN2: ZERO(CED)
133630,4/1/2009,RULES TO CALENDAR 4/1/2009
133630,4/1/2009,READ THE SECOND TIME
133630,4/1/2009,ADVANCED TO THIRD READING UNAN CONSENT
133630,4/1/2009,READ THE THIRD TIME SB 142
133630,4/1/2009,PASSED Y19 N- V1
133630,4/1/2009,EFFECTIVE DATE(S) SAME AS PASSAGE
133630,4/1/2009,TRANSMITTED TO (H)
133630,4/1/2009,VERSION: SB 142
133630,4/2/2009,READ THE FIRST TIME - REFERRALS
133630,4/2/2009,TRA
133630,4/8/2009,TRA RPT 3DP 2NR
133630,4/8/2009,DP: MUNOZ GRUENBERG P.WILSON
133630,4/8/2009,NR: DOOGAN JOHNSON
133630,4/8/2009,FN1: ZERO(DOT)
133630,4/8/2009,FN2: ZERO(CED)
133630,4/14/2009,RULES TO CALENDAR 4/14/2009
133630,4/14/2009,READ THE SECOND TIME
133630,4/14/2009,ADVANCED TO THIRD READING UNAN CONSENT
133630,4/14/2009,READ THE THIRD TIME SB 142
133630,4/14/2009,PASSED Y37 E3
133630,4/14/2009,EFFECTIVE DATE(S) SAME AS PASSAGE
133630,4/14/2009,RETURN TO (S) TRANSMIT TO GOV NEXT
133630,4/14/2009,VERSION: SB 142
133630,4/14/2009,CROSS SPONSOR(S): KAWASAKI GUTTENBERG KERTTULA
133630,8/5/2009,1:15 PM 5/21/09 TRANSMITTED TO GOVERNOR
133630,8/5/2009,SIGNED INTO LAW 5/25 CHAPTER 22 SLA 09
133630,8/5/2009,EFFECTIVE DATE(S) OF LAW 5/26/09
133631,3/9/2009,READ THE FIRST TIME - REFERRALS
133631,3/9/2009,ENE RES FIN
133631,3/9/2009,FN1: (CED)
133631,3/9/2009,GOVERNOR'S TRANSMITTAL LETTER
133631,3/22/2010,ENE REFERRAL WAIVED
133631,4/2/2010,RES RPT CS 2DP 3NR NEW TITLE
133631,4/2/2010,DP: MCGUIRE WIELECHOWSKI
133631,4/2/2010,NR: HUGGINS STEVENS FRENCH
133631,4/2/2010,FN2: (CED)
133631,4/2/2010,REFERRED TO FINANCE
133632,3/9/2009,READ THE FIRST TIME - REFERRALS
133632,3/9/2009,RES FIN
133632,3/10/2010,RES RPT 4DP 2NR
133632,3/10/2010,DP: MCGUIRE WIELECHOWSKI HUGGINS STEVENS
133632,3/10/2010,NR: STEDMAN FRENCH
133632,3/10/2010,FN1: ZERO(DFG)
133632,3/22/2010,FIN RPT CS 4DP 1NR SAME TITLE
133632,3/22/2010,DP: HOFFMAN STEDMAN EGAN OLSON
133632,3/22/2010,NR: HUGGINS
133632,3/22/2010,FN1: ZERO(DFG)
133632,3/26/2010,RULES TO CALENDAR 3/26/2010
133632,3/26/2010,READ THE SECOND TIME
133632,3/26/2010,FIN CS ADOPTED UNAN CONSENT
133632,3/26/2010,ADVANCED TO THIRD READING UNAN CONSENT
133632,3/26/2010,READ THE THIRD TIME CSSB 144(FIN)
133632,3/26/2010,PASSED Y19 N- E1
133632,3/26/2010,TRANSMITTED TO (H)
133632,3/26/2010,VERSION: CSSB 144(FIN)
133632,3/29/2010,READ THE FIRST TIME - REFERRALS
133632,3/29/2010,RES FIN
133632,4/12/2010,RES RPT 5DP 1NR 1AM
133632,4/12/2010,DP: OLSON EDGMON SEATON JOHNSON NEUMAN
133632,4/12/2010,NR: GUTTENBERG
133632,4/12/2010,AM: KAWASAKI
133632,4/12/2010,FN1: ZERO(DFG)
133632,4/14/2010,FIN RPT 7DP 4NR
133632,4/14/2010,DP: THOMAS GARA DOOGAN JOULE AUSTERMAN N.FOSTER SALMON
133632,4/14/2010,NR: KELLY FAIRCLOUGH STOLTZE HAWKER
133632,4/14/2010,FN1: ZERO(DFG)
133632,4/16/2010,RULES TO CALENDAR 4/16/2010
133632,4/16/2010,READ THE SECOND TIME
133632,4/16/2010,ADVANCED TO THIRD READING UNAN CONSENT
133632,4/16/2010,READ THE THIRD TIME CSSB 144(FIN)
133632,4/16/2010,PASSED Y37 A3
133632,4/16/2010,RETURN TO (S) TRANSMIT TO GOV NEXT
133632,4/16/2010,VERSION: CSSB 144(FIN)
133632,4/16/2010,CROSS SPONSOR(S): HERRON
133632,7/9/2010,2:50 PM 6/7/10 TRANSMITTED TO GOVERNOR
133632,7/9/2010,SIGNED INTO LAW 6/9 CHAPTER 59 SLA 10
133632,7/9/2010,EFFECTIVE DATE(S) OF LAW 9/7/10
133633,3/11/2009,READ THE FIRST TIME - REFERRALS
133633,3/11/2009,STA FIN
133633,3/11/2009,REFERRED TO STATE AFFAIRS
133634,3/11/2009,READ THE FIRST TIME - REFERRALS
133634,3/11/2009,JUD FIN
133634,3/11/2009,REFERRED TO JUDICIARY
133635,3/11/2009,READ THE FIRST TIME - REFERRALS
133635,3/11/2009,STA FIN
133635,3/11/2009,REFERRED TO STATE AFFAIRS
133636,3/13/2009,READ THE FIRST TIME - REFERRALS
133636,3/13/2009,TRA JUD
133636,3/25/2009,TRA RPT 4DP 1NR
133636,3/25/2009,DP: KOOKESH MENARD DAVIS MEYER
133636,3/25/2009,NR: PASKVAN
133636,3/25/2009,FN1: ZERO(DOT)
133636,4/7/2009,JUD RPT CS 1DP 3NR SAME TITLE
133636,4/7/2009,DP: FRENCH
133636,4/7/2009,NR: THERRIAULT WIELECHOWSKI MCGUIRE
133636,4/7/2009,FN1: ZERO(DOT)
133636,4/9/2009,RULES TO CALENDAR 4/9/2009
133636,4/9/2009,READ THE SECOND TIME
133636,4/9/2009,JUD CS ADOPTED UNAN CONSENT
133636,4/9/2009,ADVANCED TO THIRD READING UNAN CONSENT
133636,4/9/2009,READ THE THIRD TIME CSSB 148(JUD)
133636,4/9/2009,PASSED Y19 N- V1
133636,4/9/2009,EFFECTIVE DATE(S) SAME AS PASSAGE
133636,4/9/2009,TRANSMITTED TO (H)
133636,4/9/2009,VERSION: CSSB 148(JUD)
133636,4/10/2009,READ THE FIRST TIME - REFERRALS
133636,4/10/2009,TRA JUD
133636,4/15/2009,TRA RPT HCS(TRA) 2DP 4NR
133636,4/15/2009,DP: MUNOZ P.WILSON
133636,4/15/2009,NR: JOHANSEN DOOGAN JOHNSON GRUENBERG
133636,4/15/2009,FN1: ZERO(DOT)
133636,4/16/2009,JUD RPT HCS(TRA) 2DP 4NR
133636,4/16/2009,DP: GRUENBERG RAMRAS
133636,4/16/2009,NR: LYNN COGHILL DAHLSTROM HOLMES
133636,4/16/2009,FN1: ZERO(DOT)
133636,4/17/2009,RULES TO CALENDAR 4/17/2009
133636,4/17/2009,READ THE SECOND TIME
133636,4/17/2009,TRA HCS ADOPTED UNAN CONSENT
133636,4/17/2009,ADVANCED TO THIRD READING UNAN CONSENT
133636,4/17/2009,READ THE THIRD TIME HCS CSSB 148(TRA)
133636,4/17/2009,PASSED Y40
133636,4/17/2009,EFFECTIVE DATE(S) SAME AS PASSAGE
133636,4/17/2009,TRANSMITTED TO (S) AS AMENDED
133636,4/17/2009,VERSION: HCS CSSB 148(TRA)
133636,4/18/2009,CONCUR MESSAGE READ AND TAKEN UP
133636,4/18/2009,CONCUR AM OF (H) Y18 N- A1 V1
133636,4/18/2009,EFFECTIVE DATE(S) SAME AS PASSAGE
133636,8/5/2009,10:35 AM 6/11/09 TRANSMITTED TO GOVERNOR
133636,8/5/2009,SIGNED INTO LAW 6/20 CHAPTER 38 SLA 09
133636,8/5/2009,EFFECTIVE DATE(S) OF LAW 6/21/09
133637,3/13/2009,READ THE FIRST TIME - REFERRALS
133637,3/13/2009,L&C FIN
133637,3/13/2009,REFERRED TO LABOR & COMMERCE
133638,3/13/2009,READ THE FIRST TIME - REFERRALS
133638,3/13/2009,ENE RES FIN
133638,3/30/2009,ENE RPT 3DP
133638,3/30/2009,DP: MCGUIRE KOOKESH WIELECHOWSKI
133638,3/30/2009,FN1: ZERO(UA)
133638,4/6/2009,RES RPT CS 4DP 1NR SAME TITLE
133638,4/6/2009,DP: WIELECHOWSKI HUGGINS STEVENS FRENCH
133638,4/6/2009,NR: WAGONER
133638,4/6/2009,FN1: ZERO(UA)
133638,4/6/2009,REFERRED TO FINANCE
133638,2/12/2010,COSPONSOR(S): ELLIS
133639,3/18/2009,READ THE FIRST TIME - REFERRALS
133639,3/18/2009,STA JUD
133639,3/18/2009,REFERRED TO STATE AFFAIRS
133640,3/18/2009,READ THE FIRST TIME - REFERRALS
133640,3/18/2009,TRA FIN
133640,2/12/2010,COSPONSOR(S): ELLIS
133640,2/26/2010,COSPONSOR(S): DAVIS
133640,4/10/2010,TRA RPT CS 5DP SAME TITLE
133640,4/10/2010,DP: KOOKESH MENARD DAVIS PASKVAN MEYER
133640,4/10/2010,FN1: ZERO(DOT)
133640,4/10/2010,REFERRED TO FINANCE
133641,3/18/2009,READ THE FIRST TIME - REFERRALS
133641,3/18/2009,L&C JUD
133641,3/10/2010,L&C RPT 5DP
133641,3/10/2010,DP: PASKVAN MEYER THOMAS BUNDE DAVIS
133641,3/10/2010,FN1: ZERO(ADM)
133641,3/10/2010,REFERRED TO JUDICIARY
133642,3/18/2009,READ THE FIRST TIME - REFERRALS
133642,3/18/2009,L&C FIN
133642,3/18/2009,REFERRED TO LABOR & COMMERCE
133643,3/18/2009,READ THE FIRST TIME - REFERRALS
133643,3/18/2009,HSS FIN
133643,3/18/2009,REFERRED TO HEALTH & SOCIAL SERVICES
133644,3/18/2009,READ THE FIRST TIME - REFERRALS
133644,3/18/2009,HSS JUD
133644,4/6/2009,HSS RPT 3DP
133644,4/6/2009,DP: DAVIS ELLIS PASKVAN
133644,4/6/2009,FN1: ZERO(COR)
133644,4/6/2009,REFERRED TO JUDICIARY
133645,3/18/2009,READ THE FIRST TIME - REFERRALS
133645,3/18/2009,STA FIN
133645,4/1/2009,COSPONSOR(S): KOOKESH
133645,4/3/2009,STA RPT 4DP
133645,4/3/2009,DP: MENARD MEYER PASKVAN KOOKESH
133645,4/3/2009,FN1: (ADM)
133645,4/3/2009,REFERRED TO FINANCE
133646,3/20/2009,READ THE FIRST TIME - REFERRALS
133646,3/20/2009,STA JUD
133646,4/1/2009,STA RPT CS 2DP 2AM SAME TITLE
133646,4/1/2009,DP: MENARD MEYER
133646,4/1/2009,AM: FRENCH PASKVAN
133646,4/1/2009,FN1: ZERO(LAW)
133646,4/1/2009,REFERRED TO JUDICIARY
133647,3/20/2009,READ THE FIRST TIME - REFERRALS
133647,3/20/2009,L&C FIN
133647,4/3/2009,L&C RPT 4DP 1NR
133647,4/3/2009,DP: PASKVAN MEYER THOMAS DAVIS
133647,4/3/2009,NR: BUNDE
133647,4/3/2009,FN1: ZERO(LWF)
133647,2/24/2010,FIN RPT 6DP 1NR
133647,2/24/2010,DP: HOFFMAN STEDMAN HUGGINS THOMAS EGAN ELLIS
133647,2/24/2010,NR: OLSON
133647,2/24/2010,FN2: ZERO(LWF)
133647,3/18/2010,RULES TO CALENDAR 3/18/2010
133647,3/18/2010,READ THE SECOND TIME
133647,3/18/2010,ADVANCED TO THIRD READING UNAN CONSENT
133647,3/18/2010,READ THE THIRD TIME SB 159
133647,3/18/2010,COSPONSOR(S): MENARD MEYER MCGUIRE OLSON DAVIS
133647,3/18/2010,PASSED Y19 N- E1
133647,3/18/2010,EFFECTIVE DATE(S) SAME AS PASSAGE
133647,3/18/2010,TRANSMITTED TO (H)
133647,3/18/2010,VERSION: SB 159
133647,3/19/2010,READ THE FIRST TIME - REFERRALS
133647,3/19/2010,L&C FIN
133647,4/10/2010,L&C RPT 3DP 1NR
133647,4/10/2010,DP: CHENAULT BUCH OLSON
133647,4/10/2010,NR: T.WILSON
133647,4/10/2010,FN2: ZERO(LWF)
133647,4/15/2010,FIN RPT 8DP 2NR
133647,4/15/2010,DP: THOMAS GARA DOOGAN N.FOSTER FAIRCLOUGH AUSTERMAN SALMON STOLTZE
133647,4/15/2010,NR: KELLY HAWKER
133647,4/15/2010,FN2: ZERO(LWF)
133647,4/15/2010,CROSS SPONSOR(S): FAIRCLOUGH
133647,4/17/2010,RULES TO CALENDAR 4/17/2010
133647,4/17/2010,READ THE SECOND TIME
133647,4/17/2010,ADVANCED TO THIRD READING 4/18 CALENDAR
133647,4/17/2010,CROSS SPONSOR(S): KERTTULA LYNN
133647,4/18/2010,MOVED TO BOTTOM OF CALENDAR
133647,4/18/2010,MOVED TO BOTTOM OF CALENDAR
133647,4/18/2010,MOVED TO BOTTOM OF CALENDAR
133647,4/18/2010,READ THE THIRD TIME SB 159
133647,4/18/2010,RETURN TO SECOND FOR AM 1 UNAN CONSENT
133647,4/18/2010,AM NO 1 ADOPTED UNAN CONSENT
133647,4/18/2010,...CHANGES TITLE OF LEGISLATION
133647,4/18/2010,TITLE CHANGE: HCR 36
133647,4/18/2010,AUTOMATICALLY IN THIRD READING
133647,4/18/2010,PASSED 35 A5
133647,4/18/2010,EFFECTIVE DATE(S) SAME AS PASSAGE
133647,4/18/2010,TRANSMITTED TO (S) AS AMENDED
133647,4/18/2010,VERSION: SB 159 AM H
133647,4/18/2010,CONCUR MESSAGE READ AND TAKEN UP
133647,4/18/2010,CONCUR AM OF (H) Y20 N-
133647,4/18/2010,EFFECTIVE DATE(S) SAME AS PASSAGE
133647,7/9/2010,2:50 PM 6/7/10 TRANSMITTED TO GOVERNOR
133647,7/9/2010,SIGNED INTO LAW 6/15 CHAPTER 77 SLA 10
133647,7/9/2010,EFFECTIVE DATE(S) OF LAW 6/16/10
133648,3/20/2009,READ THE FIRST TIME - REFERRALS
133648,3/20/2009,TRA L&C
133648,3/20/2009,REFERRED TO TRANSPORTATION
133649,3/20/2009,READ THE FIRST TIME - REFERRALS
133649,3/20/2009,FIN
133649,3/20/2009,GOVERNOR'S TRANSMITTAL LETTER
133649,3/20/2009,OMB SPREADSHEET ATTACHED
133649,3/20/2009,REFERRED TO FINANCE
133650,3/25/2009,READ THE FIRST TIME - REFERRALS
133650,3/25/2009,ENE RES FIN
133650,3/25/2009,REFERRED TO ENERGY
133651,3/25/2009,READ THE FIRST TIME - REFERRALS
133651,3/25/2009,L&C FIN
133651,4/3/2009,L&C RPT 5DP
133651,4/3/2009,DP: PASKVAN MEYER THOMAS BUNDE DAVIS
133651,4/3/2009,FN1: (LWF)
133651,4/3/2009,COSPONSOR(S): WAGONER DYSON STEVENS
133651,2/24/2010,FIN RPT 5DP 1NR 1AM
133651,2/24/2010,DP: STEDMAN HUGGINS THOMAS EGAN ELLIS
133651,2/24/2010,NR: HOFFMAN
133651,2/24/2010,AM: OLSON
133651,2/24/2010,FN2: (LWF)
133651,2/24/2010,FN3: ZERO(DFG)
133651,3/15/2010,RULES TO CALENDAR 3/15/2010
133651,3/15/2010,READ THE SECOND TIME
133651,3/15/2010,ADVANCED TO THIRD READING UNAN CONSENT
133651,3/15/2010,READ THE THIRD TIME SB 163
133651,3/15/2010,COSPONSOR(S): MENARD KOOKESH STEDMAN MEYER MCGUIRE EGAN WIELECHOWSKI
133651,3/15/2010,THOMAS
133651,3/15/2010,PASSED Y18 N- E1 A1
133651,3/15/2010,EFFECTIVE DATE(S) SAME AS PASSAGE
133651,3/15/2010,TRANSMITTED TO (H)
133651,3/15/2010,VERSION: SB 163
133651,3/17/2010,READ THE FIRST TIME - REFERRALS
133651,3/17/2010,FIN
133651,3/17/2010,FIN REFERRAL REMOVED
133651,3/17/2010,(HB 207 COMPANION BILL)
133651,4/5/2010,CROSS SPONSOR(S): P.WILSON
133651,4/9/2010,RLS RPT HCS(RLS) NT 5DP 1NR
133651,4/9/2010,TITLE CHANGE: HCR 26
133651,4/9/2010,DP: KERTTULA OLSON HERRON NEUMAN DAHLSTROM
133651,4/9/2010,NR: GARDNER
133651,4/9/2010,FN2: (LWF)
133651,4/9/2010,FN3: ZERO(DFG)
133651,4/9/2010,CROSS SPONSOR(S): KERTTULA
133651,4/10/2010,CROSS SPONSOR(S): CRAWFORD
133651,4/12/2010,RULES TO CALENDAR 4/12/2010
133651,4/12/2010,READ THE SECOND TIME
133651,4/12/2010,RLS HCS ADOPTED UNAN CONSENT
133651,4/12/2010,ADVANCED TO THIRD READING UNAN CONSENT
133651,4/12/2010,READ THE THIRD TIME HCS SB 163(RLS)
133651,4/12/2010,PASSED Y37 A3
133651,4/12/2010,EFFECTIVE DATE(S) SAME AS PASSAGE
133651,4/12/2010,CROSS SPONSOR(S): OLSON THOMAS MUNOZ GARA PETERSEN TUCK
133651,4/12/2010,TRANSMITTED TO (S) AS AMENDED
133651,4/12/2010,VERSION: HCS SB 163(RLS)
133651,4/13/2010,CONCUR MESSAGE READ AND HELD
133651,4/14/2010,TAKEN UP
133651,4/14/2010,CONCUR AM OF (H) Y20 N-
133651,4/14/2010,EFFECTIVE DATE(S) SAME AS PASSAGE
133651,4/14/2010,TITLE CHANGE: HCR 26
133651,7/9/2010,2:50 PM 6/7/10 TRANSMITTED TO GOVERNOR
133651,7/9/2010,SIGNED INTO LAW 6/25 CHAPTER 103 SLA 10
133651,7/9/2010,EFFECTIVE DATE(S) OF LAW 6/26/10
133652,3/25/2009,READ THE FIRST TIME - REFERRALS
133652,3/25/2009,CRA RES
133652,3/25/2009,REFERRED TO COMMUNITY & REGIONAL AFFAIRS
133653,3/25/2009,READ THE FIRST TIME - REFERRALS
133653,3/25/2009,CRA
133653,4/1/2009,CRA RPT 4DP 1NR
133653,4/1/2009,DP: FRENCH THOMAS KOOKESH MENARD
133653,4/1/2009,NR: OLSON
133653,4/1/2009,FN1: ZERO(CED)
133653,4/2/2009,RULES TO CALENDAR 4/3/2009
133653,4/3/2009,READ THE SECOND TIME
133653,4/3/2009,ADVANCED TO THIRD READING UNAN CONSENT
133653,4/3/2009,READ THE THIRD TIME SB 165
133653,4/3/2009,PASSED Y16 N- E2 A1 V1
133653,4/3/2009,EFFECTIVE DATE(S) SAME AS PASSAGE
133653,4/3/2009,TRANSMITTED TO (H)
133653,4/3/2009,VERSION: SB 165
133653,4/6/2009,READ THE FIRST TIME - REFERRALS
133653,4/6/2009,TRA
133653,4/10/2009,TRA RPT 2DP 3NR
133653,4/10/2009,DP: DOOGAN GRUENBERG
133653,4/10/2009,NR: JOHANSEN MUNOZ JOHNSON
133653,4/10/2009,FN1: ZERO(CED)
133653,4/10/2009,FIN REFERRAL ADDED AFTER TRA
133653,4/14/2009,CROSS SPONSOR(S): DAHLSTROM
133653,4/17/2009,FIN RPT 6DP 3NR
133653,4/17/2009,DP: THOMAS R.FOSTER CRAWFORD FAIRCLOUGH AUSTERMAN JOULE
133653,4/17/2009,NR: KELLY HAWKER STOLTZE
133653,4/17/2009,FN1: ZERO(CED)
133653,4/18/2009,RULES TO CALENDAR 4/18/2009
133653,4/18/2009,READ THE SECOND TIME
133653,4/18/2009,ADVANCED TO THIRD READING UNAN CONSENT
133653,4/18/2009,READ THE THIRD TIME SB 165
133653,4/18/2009,PASSED Y38 A2
133653,4/18/2009,EFFECTIVE DATE(S) SAME AS PASSAGE
133653,4/18/2009,RETURN TO (S) TRANSMIT TO GOV NEXT
133653,4/18/2009,VERSION: SB 165
133653,8/5/2009,8:25 AM 6/30/09 TRANSMITTED TO GOVERNOR
133653,8/5/2009,SIGNED INTO LAW 7/9 CHAPTER 52 SLA 09
133653,8/5/2009,EFFECTIVE DATE(S) OF LAW 7/10/09
133654,3/25/2009,READ THE FIRST TIME - REFERRALS
133654,3/25/2009,TRA L&C FIN
133654,3/25/2009,REFERRED TO TRANSPORTATION
133655,3/25/2009,READ THE FIRST TIME - REFERRALS
133655,3/25/2009,RES FIN
133655,3/25/2009,REFERRED TO RESOURCES
133656,3/27/2009,READ THE FIRST TIME - REFERRALS
133656,3/27/2009,HSS FIN
133656,2/24/2010,HSS RPT CS 3DP 2NR NEW TITLE
133656,2/24/2010,DP: DAVIS THOMAS DYSON
133656,2/24/2010,NR: ELLIS PASKVAN
133656,2/24/2010,FN1: ZERO(REV)
133656,2/24/2010,FN2: ZERO(DHS)
133656,2/24/2010,FN3: (S.HSS)
133656,2/24/2010,REFERRED TO FINANCE
133657,3/27/2009,READ THE FIRST TIME - REFERRALS
133657,3/27/2009,HSS FIN
133657,3/27/2009,REFERRED TO HEALTH & SOCIAL SERVICES
133658,3/27/2009,READ THE FIRST TIME - REFERRALS
133658,3/27/2009,L&C FIN
133658,4/1/2009,L&C RPT 4DP 1NR
133658,4/1/2009,DP: PASKVAN THOMAS MEYER DAVIS
133658,4/1/2009,NR: BUNDE
133658,4/1/2009,FN1: ZERO(LWF)
133658,4/11/2009,FIN RPT CS 6DP NEW TITLE
133658,4/11/2009,DP: HOFFMAN STEDMAN HUGGINS THOMAS OLSON ELLIS
133658,4/11/2009,FN1: ZERO(LWF)
133658,4/13/2009,RULES TO CALENDAR 4/13/2009
133658,4/13/2009,READ THE SECOND TIME
133658,4/13/2009,FIN CS ADOPTED UNAN CONSENT
133658,4/13/2009,ADVANCED TO THIRD READING UNAN CONSENT
133658,4/13/2009,READ THE THIRD TIME CSSB 170(FIN)
133658,4/13/2009,PASSED Y17 N1 E1 V1
133658,4/13/2009,EFFECTIVE DATE(S) SAME AS PASSAGE
133658,4/13/2009,TRANSMITTED TO (H)
133658,4/13/2009,VERSION: CSSB 170(FIN)
133658,4/14/2009,READ THE FIRST TIME - REFERRALS
133658,4/14/2009,FIN
133658,4/14/2009,CROSS SPONSOR(S): KERTTULA
133658,4/17/2009,FIN RPT 7DP
133658,4/17/2009,DP: THOMAS R.FOSTER GARA CRAWFORD KELLY FAIRCLOUGH HAWKER
133658,4/17/2009,FN2: ZERO(LWF)
133658,4/18/2009,RULES TO CALENDAR 4/18/2009
133658,4/18/2009,READ THE SECOND TIME
133658,4/18/2009,ADVANCED TO THIRD READING UNAN CONSENT
133658,4/18/2009,READ THE THIRD TIME CSSB 170(FIN)
133658,4/18/2009,PASSED Y39 A1
133658,4/18/2009,EFFECTIVE DATE(S) SAME AS PASSAGE
133658,4/18/2009,SIGNED
133658,4/19/2009,RETURN TO (S) TRANSMIT TO GOV NEXT
133658,4/19/2009,VERSION: CSSB 170(FIN)
133658,8/5/2009,3:10 PM 5/20/09 TRANSMITTED TO GOVERNOR
133658,8/5/2009,MANIFEST ERROR(S)
133658,8/5/2009,SIGNED INTO LAW 5/25 CHAPTER 27 SLA 09
133658,8/5/2009,EFFECTIVE DATE(S) OF LAW SEE CHAPTER
133659,3/27/2009,READ THE FIRST TIME - REFERRALS
133659,3/27/2009,STA FIN
133659,4/7/2009,STA RPT CS 4DP 1NR SAME TITLE
133659,4/7/2009,DP: MENARD MEYER KOOKESH PASKVAN
133659,4/7/2009,NR: FRENCH
133659,4/7/2009,FN1: (REV)
133659,4/14/2009,FIN RPT CS 6DP SAME TITLE
133659,4/14/2009,DP: HOFFMAN STEDMAN HUGGINS THOMAS OLSON ELLIS
133659,4/14/2009,FN2: (REV)
133659,4/14/2009,RULES TO CALENDAR 4/14/2009
133659,4/14/2009,READ THE SECOND TIME
133659,4/14/2009,FIN CS ADOPTED UNAN CONSENT
133659,4/14/2009,ADVANCED TO THIRD READING UNAN CONSENT
133659,4/14/2009,READ THE THIRD TIME CSSB 171(FIN)
133659,4/14/2009,PASSED Y18 N- E1 V1
133659,4/14/2009,EFFECTIVE DATE(S) SAME AS PASSAGE
133659,4/14/2009,BUNDE NOTICE OF RECONSIDERATION
133659,4/14/2009,COSPONSOR(S): THOMAS DYSON PASKVAN STEDMAN THERRIAULT BUNDE
133659,4/14/2009,WAGONER STEVENS HOFFMAN
133659,4/15/2009,RECON TAKEN UP - IN THIRD READING
133659,4/15/2009,RETURN TO SECOND FOR AM 1 UNAN CONSENT
133659,4/15/2009,AM NO 1 FAILED Y3 N16 V1
133659,4/15/2009,AUTOMATICALLY IN THIRD READING
133659,4/15/2009,PASSED ON RECONSIDERATION Y19 N- V1
133659,4/15/2009,EFFECTIVE DATE(S) SAME AS PASSAGE
133659,4/15/2009,TRANSMITTED TO (H)
133659,4/15/2009,VERSION: CSSB 171(FIN)
133659,4/16/2009,READ THE FIRST TIME - REFERRALS
133659,4/16/2009,FIN
133659,1/19/2010,CROSS SPONSOR(S): KERTTULA
133659,2/17/2010,CROSS SPONSOR(S): CRAWFORD
133659,4/5/2010,CROSS SPONSOR(S): THOMAS
133659,4/6/2010,FIN RPT HCS(FIN) NT 7DP 2NR
133659,4/6/2010,TITLE CHANGE: HCR 24
133659,4/6/2010,DP: THOMAS GARA JOULE KELLY N.FOSTER FAIRCLOUGH STOLTZE
133659,4/6/2010,NR: DOOGAN AUSTERMAN
133659,4/6/2010,FN3: (REV)
133659,4/14/2010,CROSS SPONSOR(S): MILLETT
133659,4/15/2010,RULES TO CALENDAR 4/15/2010
133659,4/15/2010,READ THE SECOND TIME
133659,4/15/2010,FIN HCS ADOPTED UNAN CONSENT
133659,4/15/2010,AM NO 1 OFFERED AND WITHDRAWN
133659,4/15/2010,ADVANCED TO THIRD READING UNAN CONSENT
133659,4/15/2010,READ THE THIRD TIME HCS CSSB 171(FIN)
133659,4/15/2010,PASSED Y26 N11 A3
133659,4/15/2010,EFFECTIVE DATE(S) ADOPTED Y39 A1
133659,4/15/2010,THOMAS NOTICE OF RECONSIDERATION
133659,4/15/2010,MOTION TAKE UP RECON SAME DAY WITHDRAWN
133659,4/15/2010,RECON TAKEN UP SAME DAY UC
133659,4/15/2010,RETURN TO SECOND FOR AM 2 UNAN CONSENT
133659,4/15/2010,AM NO 2 OFFERED AND WITHDRAWN
133659,4/15/2010,AUTOMATICALLY IN THIRD READING
133659,4/15/2010,PASSED ON RECONSIDERATION Y31 N8 E1
133659,4/15/2010,EFFECTIVE DATE(S) SAME AS PASSAGE
133659,4/15/2010,CROSS SPONSOR(S): LYNN TUCK KAWASAKI
133659,4/15/2010,TRANSMITTED TO (S) AS AMENDED
133659,4/15/2010,VERSION: HCS CSSB 171(FIN)
133659,4/16/2010,CONCUR MESSAGE READ AND TAKEN UP
133659,4/16/2010,CONCUR AM OF (H) Y19 N- E1
133659,4/16/2010,EFFECTIVE DATE(S) SAME AS PASSAGE
133659,7/9/2010,1:56 PM 5/25/10 TRANSMITTED TO GOVERNOR
133659,7/9/2010,SIGNED INTO LAW 5/27 CHAPTER 22 SLA 10
133659,7/9/2010,EFFECTIVE DATE(S) OF LAW SEE CHAPTER
133660,3/27/2009,READ THE FIRST TIME - REFERRALS
133660,3/27/2009,HSS FIN
133660,3/18/2010,HSS RPT CS 3DP 1NR SAME TITLE
133660,3/18/2010,DP: DAVIS ELLIS PASKVAN
133660,3/18/2010,NR: DYSON
133660,3/18/2010,FN1: (DHS)
133660,4/10/2010,FIN RPT CS 7DP SAME TITLE
133660,4/10/2010,DP: HOFFMAN STEDMAN HUGGINS THOMAS EGAN OLSON ELLIS
133660,4/10/2010,FN2: (DHS)
133660,4/13/2010,RULES TO CALENDAR 4/13/2010
133660,4/13/2010,READ THE SECOND TIME
133660,4/13/2010,FIN CS ADOPTED UNAN CONSENT
133660,4/13/2010,AM NO 1 ADOPTED UNAN CONSENT
133660,4/13/2010,ADVANCED TO THIRD READING UNAN CONSENT
133660,4/13/2010,READ THE THIRD TIME CSSB 172(FIN) am
133660,4/13/2010,COSPONSOR(S): DAVIS FRENCH KOOKESH PASKVAN ELLIS EGAN MEYER THOMAS
133660,4/13/2010,PASSED Y19 N- A1
133660,4/13/2010,EFFECTIVE DATE(S) SAME AS PASSAGE
133660,4/13/2010,TRANSMITTED TO (H)
133660,4/13/2010,VERSION: CSSB 172(FIN) AM
133660,4/13/2010,READ THE FIRST TIME - REFERRALS
133660,4/13/2010,HSS FIN
133660,4/14/2010,HSS RPT HCS(HSS) 3DP 1NR 1AM
133660,4/14/2010,DP: HOLMES LYNN KELLER
133660,4/14/2010,NR: T.WILSON
133660,4/14/2010,AM: CISSNA
133660,4/14/2010,FN3: (DHS)
133660,4/15/2010,FIN RPT HCS(FIN) 11DP
133660,4/15/2010,DP: THOMAS DOOGAN JOULE GARA N.FOSTER AUSTERMAN FAIRCLOUGH SALMON
133660,4/15/2010,KELLY STOLTZE HAWKER
133660,4/15/2010,FN4: (DHS)
133660,4/15/2010,CROSS SPONSOR(S): KAWASAKI GARA
133660,4/16/2010,RULES TO CALENDAR 4/16/2010
133660,4/16/2010,MOVED TO BOTTOM OF CALENDAR
133660,4/16/2010,READ THE SECOND TIME
133660,4/16/2010,FIN HCS ADOPTED UNAN CONSENT
133660,4/16/2010,ADVANCED TO THIRD READING UNAN CONSENT
133660,4/16/2010,READ THE THIRD TIME HCS CSSB 172(FIN)
133660,4/16/2010,PASSED Y25 N2 E1 A12
133660,4/16/2010,EFFECTIVE DATE(S) ADOPTED Y27 E1 A12
133660,4/16/2010,CROSS SPONSOR(S): LYNN
133660,4/16/2010,TRANSMITTED TO (S) AS AMENDED
133660,4/16/2010,VERSION: HCS CSSB 172(FIN)
133660,4/17/2010,CONCUR MESSAGE READ AND TAKEN UP
133660,4/17/2010,CONCUR AM OF (H) Y20 N-
133660,4/17/2010,EFFECTIVE DATE(S) SAME AS PASSAGE
133660,7/9/2010,2:50 PM 6/7/10 TRANSMITTED TO GOVERNOR
133660,7/9/2010,MANIFEST ERROR(S)
133660,7/9/2010,SIGNED INTO LAW 6/21 CHAPTER 96 SLA 10
133660,7/9/2010,EFFECTIVE DATE(S) OF LAW 6/22/10
133660,7/9/2010,MEMBER: KELLER
133661,3/27/2009,READ THE FIRST TIME - REFERRALS
133661,3/27/2009,L&C
133661,3/27/2009,REFERRED TO LABOR & COMMERCE
133661,4/1/2009,COSPONSOR(S): KOOKESH
133661,4/6/2009,COSPONSOR(S): OLSON ELLIS
133661,4/10/2009,COSPONSOR(S): THOMAS
133661,4/11/2009,COSPONSOR(S): PASKVAN MENARD
133662,4/1/2009,READ THE FIRST TIME - REFERRALS
133662,4/1/2009,EDC FIN
133662,4/8/2009,EDC RPT CS 1DP 3AM SAME TITLE
133662,4/8/2009,DP: DAVIS
133662,4/8/2009,AM: OLSON STEVENS HUGGINS
133662,4/8/2009,FN1: (EED)
133662,4/12/2010,FIN RPT CS 2DP 4NR 1AM NEW TITLE
133662,4/12/2010,DP: HOFFMAN ELLIS
133662,4/12/2010,NR: STEDMAN HUGGINS EGAN OLSON
133662,4/12/2010,AM: THOMAS
133662,4/12/2010,FN2: (EED)
133662,4/12/2010,FN3: (UA)
133662,4/13/2010,RULES TO CALENDAR 4/13/2010
133662,4/13/2010,READ THE SECOND TIME
133662,4/13/2010,FIN CS ADOPTED UNAN CONSENT
133662,4/13/2010,ADVANCED TO THIRD READING UNAN CONSENT
133662,4/13/2010,READ THE THIRD TIME CSSB 174(FIN)
133662,4/13/2010,PASSED Y15 N5
133662,4/13/2010,TRANSMITTED TO (H)
133662,4/13/2010,VERSION: CSSB 174(FIN)
133662,4/13/2010,READ THE FIRST TIME - REFERRALS
133662,4/13/2010,FIN
133662,4/13/2010,REFERRED TO FINANCE
133662,4/13/2010,CROSS SPONSOR(S): KAWASAKI
133663,4/1/2009,READ THE FIRST TIME - REFERRALS
133663,4/1/2009,L&C FIN
133663,4/1/2009,REFERRED TO LABOR & COMMERCE
133664,4/1/2009,READ THE FIRST TIME - REFERRALS
133664,4/1/2009,JUD FIN
133664,4/11/2009,JUD RPT 2DP 2NR
133664,4/11/2009,DP: FRENCH MCGUIRE
133664,4/11/2009,NR: THERRIAULT WIELECHOWSKI
133664,4/11/2009,FN1: (EED)
133664,4/11/2009,REFERRED TO FINANCE
133665,4/1/2009,READ THE FIRST TIME - REFERRALS
133665,4/1/2009,RES FIN
133665,4/11/2009,RES RPT CS 2DP 4NR NEW TITLE
133665,4/11/2009,DP: MCGUIRE WAGONER
133665,4/11/2009,NR: WIELECHOWSKI HUGGINS STEVENS FRENCH
133665,4/11/2009,FN1: (DFG)
133665,4/14/2009,FIN RPT CS 4DP 2NR NEW TITLE
133665,4/14/2009,DP: STEDMAN HUGGINS THOMAS ELLIS
133665,4/14/2009,NR: HOFFMAN OLSON
133665,4/14/2009,FN1: (DFG)
133665,4/15/2009,RULES TO CALENDAR 4/15/2009
133665,4/15/2009,READ THE SECOND TIME
133665,4/15/2009,FIN CS ADOPTED UNAN CONSENT
133665,4/15/2009,ADVANCED TO THIRD READING UNAN CONSENT
133665,4/15/2009,READ THE THIRD TIME CSSB 177(FIN)
133665,4/15/2009,PASSED Y18 N1 V1
133665,4/15/2009,EFFECTIVE DATE(S) SAME AS PASSAGE
133665,4/15/2009,TRANSMITTED TO (H)
133665,4/15/2009,VERSION: CSSB 177(FIN)
133665,4/16/2009,READ THE FIRST TIME - REFERRALS
133665,4/16/2009,RES FIN
133665,4/16/2009,RES REFERRAL WAIVED
133665,4/18/2009,FIN RPT HCS(FIN) 6DP 1DNP 4NR
133665,4/18/2009,DP: THOMAS R.FOSTER CRAWFORD FAIRCLOUGH AUSTERMAN HAWKER
133665,4/18/2009,DNP: SALMON
133665,4/18/2009,NR: GARA KELLY JOULE STOLTZE
133665,4/18/2009,FN2: (DFG)
133665,4/18/2009,RULES TO CALENDAR 4/18/2009
133665,4/18/2009,READ THE SECOND TIME
133665,4/18/2009,FIN HCS ADOPTED UNAN CONSENT
133665,4/18/2009,ADVANCED TO THIRD READING 4/19 CALENDAR
133665,4/18/2009,CROSS SPONSOR(S): R.FOSTER
133665,4/19/2009,READ THE THIRD TIME HCS CSSB 177(FIN)
133665,4/19/2009,PASSED Y28 N3 A9
133665,4/19/2009,EFFECTIVE DATE(S) SAME AS PASSAGE
133665,4/19/2009,TRANSMITTED TO (S) AS AMENDED
133665,4/19/2009,VERSION: HCS CSSB 177(FIN)
133665,4/19/2009,CONCUR MESSAGE READ AND TAKEN UP
133665,4/19/2009,CONCUR AM OF (H) Y16 N- A3 V1
133665,4/19/2009,EFFECTIVE DATE(S) SAME AS PASSAGE
133665,8/5/2009,8:25 AM 6/30/09 TRANSMITTED TO GOVERNOR
133665,8/5/2009,SIGNED INTO LAW 7/22 CHAPTER 61 SLA 09
133665,8/5/2009,EFFECTIVE DATE(S) OF LAW 7/23/09
133666,4/1/2009,READ THE FIRST TIME - REFERRALS
133666,4/1/2009,L&C JUD
133666,4/1/2009,FN1: ZERO(LWF)
133666,4/1/2009,GOVERNOR'S TRANSMITTAL LETTER
133666,4/1/2009,REFERRED TO LABOR & COMMERCE
133667,4/3/2009,READ THE FIRST TIME - REFERRALS
133667,4/3/2009,HSS JUD
133667,4/3/2009,REFERRED TO HEALTH & SOCIAL SERVICES
133668,4/3/2009,READ THE FIRST TIME - REFERRALS
133668,4/3/2009,STA JUD
133668,4/3/2009,REFERRED TO STATE AFFAIRS
133668,4/6/2009,COSPONSOR(S): OLSON KOOKESH
133669,4/6/2009,READ THE FIRST TIME - REFERRALS
133669,4/6/2009,HSS JUD
133669,4/6/2009,REFERRED TO HEALTH & SOCIAL SERVICES
133670,4/6/2009,READ THE FIRST TIME - REFERRALS
133670,4/6/2009,STA JUD FIN
133670,4/6/2009,REFERRED TO STATE AFFAIRS
133671,4/6/2009,READ THE FIRST TIME - REFERRALS
133671,4/6/2009,FIN
133671,4/11/2009,FIN RPT 4DP 2NR
133671,4/11/2009,DP: HOFFMAN STEDMAN THOMAS ELLIS
133671,4/11/2009,NR: HUGGINS OLSON
133671,4/11/2009,FN1: ZERO(DEC)
133671,4/13/2009,RULES TO CALENDAR 4/13/2009
133671,4/13/2009,READ THE SECOND TIME
133671,4/13/2009,AM NO 1 FAILED Y8 N10 E1 V1
133671,4/13/2009,ADVANCED TO THIRD READING UNAN CONSENT
133671,4/13/2009,READ THE THIRD TIME SB 183
133671,4/13/2009,PASSED Y18 N- E1 V1
133671,4/13/2009,EFFECTIVE DATE(S) SAME AS PASSAGE
133671,4/13/2009,DYSON NOTICE OF RECONSIDERATION
133671,4/14/2009,RECON TAKEN UP - IN THIRD READING
133671,4/14/2009,PASSED ON RECONSIDERATION Y17 N- E1 A1 V1
133671,4/14/2009,SENATE LETTER OF INTENT FAILED Y7 N11 E1 V1
133671,4/14/2009,EFFECTIVE DATE(S) ADOPTED Y18 N- E1 V1
133671,4/14/2009,TRANSMITTED TO (H)
133671,4/14/2009,VERSION: SB 183
133671,4/15/2009,READ THE FIRST TIME - REFERRALS
133671,4/15/2009,FIN
133671,4/16/2009,FIN RPT HCS(FIN) NT 6DP 5NR
133671,4/16/2009,TITLE CHANGE: PENDING HCR 17
133671,4/16/2009,DP: THOMAS AUSTERMAN KELLY FAIRCLOUGH HAWKER STOLTZE
133671,4/16/2009,NR: GARA CRAWFORD R.FOSTER SALMON JOULE
133671,4/16/2009,FN1: ZERO(DEC)
133671,4/18/2009,RULES TO CALENDAR 4/18/2009
133671,4/18/2009,READ THE SECOND TIME
133671,4/18/2009,FIN HCS ADOPTED UNAN CONSENT
133671,4/18/2009,ADVANCED TO THIRD READING UNAN CONSENT
133671,4/18/2009,READ THE THIRD TIME HCS SB 183(FIN)
133671,4/18/2009,PASSED Y40
133671,4/18/2009,EFFECTIVE DATE(S) SAME AS PASSAGE
133671,4/18/2009,TRANSMITTED TO (S) AS AMENDED
133671,4/18/2009,VERSION: HCS SB 183(FIN)
133671,4/19/2009,CONCUR MESSAGE READ AND TAKEN UP
133671,4/19/2009,CONCUR AM OF (H) Y19 N- V1
133671,4/19/2009,EFFECTIVE DATE(S) SAME AS PASSAGE
133671,8/5/2009,3:10 PM 5/20/09 TRANSMITTED TO GOVERNOR
133671,8/5/2009,MANIFEST ERROR(S)
133671,8/5/2009,SIGNED INTO LAW 5/21 CHAPTER 20 SLA 09
133671,8/5/2009,EFFECTIVE DATE(S) OF LAW 5/22/09
133672,4/7/2009,READ THE FIRST TIME - REFERRALS
133672,4/7/2009,STA FIN
133672,1/29/2010,STA RPT 5DP
133672,1/29/2010,DP: MENARD FRENCH MEYER PASKVAN KOOKESH
133672,1/29/2010,FN1: (LEG)
133672,2/5/2010,COSPONSOR(S): EGAN
133672,4/10/2010,FIN RPT 6DP 1NR
133672,4/10/2010,DP: HOFFMAN STEDMAN HUGGINS THOMAS EGAN ELLIS
133672,4/10/2010,NR: OLSON
133672,4/10/2010,FN2: ZERO(S.FIN/LEG)
133672,4/12/2010,RULES TO CALENDAR 4/12/2010
133672,4/12/2010,READ THE SECOND TIME
133672,4/12/2010,ADVANCED TO THIRD READING UNAN CONSENT
133672,4/12/2010,READ THE THIRD TIME SB 184
133672,4/12/2010,PASSED Y19 N- A1
133672,4/12/2010,TRANSMITTED TO (H)
133672,4/12/2010,VERSION: SB 184
133672,4/12/2010,READ THE FIRST TIME - REFERRALS
133672,4/12/2010,STA FIN
133672,4/12/2010,CROSS SPONSOR(S): KERTTULA
133672,4/15/2010,STA RPT HCS(STA) 4DP 2NR 1AM
133672,4/15/2010,DP: P.WILSON PETERSEN SEATON LYNN
133672,4/15/2010,NR: JOHNSON GATTO
133672,4/15/2010,AM: GRUENBERG
133672,4/15/2010,FN1: (LEG)
133672,4/15/2010,REFERRED TO FINANCE
133672,4/15/2010,CROSS SPONSOR(S): KAWASAKI GUTTENBERG
133673,4/8/2009,READ THE FIRST TIME - REFERRALS
133673,4/8/2009,ENE RES FIN
133673,4/8/2009,REFERRED TO ENERGY
133674,4/8/2009,READ THE FIRST TIME - REFERRALS
133674,4/8/2009,ENE RES FIN
133674,4/8/2009,REFERRED TO ENERGY
133675,4/8/2009,READ THE FIRST TIME - REFERRALS
133675,4/8/2009,L&C FIN
133675,4/10/2009,L&C RPT 5DP
133675,4/10/2009,DP: PASKVAN MEYER THOMAS BUNDE DAVIS
133675,4/10/2009,FN1: (CED)
133675,4/10/2009,REFERRED TO FINANCE
133676,4/9/2009,READ THE FIRST TIME - REFERRALS
133676,4/9/2009,HSS FIN
133676,4/9/2009,REFERRED TO HEALTH & SOCIAL SERVICES
133677,4/9/2009,READ THE FIRST TIME - REFERRALS
133677,4/9/2009,STA JUD
133677,4/9/2009,REFERRED TO STATE AFFAIRS
133678,4/10/2009,READ THE FIRST TIME - REFERRALS
133678,4/10/2009,STA JUD
133678,4/11/2009,COSPONSOR(S): ELLIS
133678,3/12/2010,STA RPT CS 1DP 3AM SAME TITLE
133678,3/12/2010,DP: KOOKESH
133678,3/12/2010,AM: MENARD PASKVAN FRENCH
133678,3/12/2010,FN1: ZERO(DPS)
133678,3/12/2010,FN2: INDETERMINATE(LAW)
133678,3/12/2010,FISCAL INFO FORTHCOMING
133678,4/9/2010,JUD RPT CS 3DP 1NR SAME TITLE
133678,4/9/2010,DP: FRENCH WIELECHOWSKI EGAN
133678,4/9/2010,NR: COGHILL
133678,4/9/2010,FN1: ZERO(DPS)
133678,4/9/2010,FN3: ZERO(LAW)
133678,4/9/2010,REFERRED TO RULES
133679,4/10/2009,READ THE FIRST TIME - REFERRALS
133679,4/10/2009,ENE RES FIN
133679,4/10/2009,REFERRED TO ENERGY
133680,4/15/2009,READ THE FIRST TIME - REFERRALS
133680,4/15/2009,ENE RES
133680,4/15/2009,REFERRED TO ENERGY
133680,1/20/2010,FIN REFERRAL ADDED AFTER RES
133681,4/17/2009,READ THE FIRST TIME - REFERRALS
133681,4/17/2009,HSS L&C
133681,3/18/2010,HSS RPT 3DP
133681,3/18/2010,DP: DAVIS ELLIS PASKVAN
133681,3/18/2010,FN1: ZERO(CED)
133681,3/18/2010,REFERRED TO LABOR & COMMERCE
133682,4/17/2009,READ THE FIRST TIME - REFERRALS
133682,4/17/2009,STA JUD
133682,1/29/2010,STA RPT CS 5DP NEW TITLE
133682,1/29/2010,DP: MENARD FRENCH MEYER PASKVAN KOOKESH
133682,1/29/2010,FN1: ZERO(LAW)
133682,2/18/2010,JUD RPT CS 3DP 1NR NEW TITLE
133682,2/18/2010,DP: FRENCH WIELECHOWSKI EGAN
133682,2/18/2010,NR: COGHILL
133682,2/18/2010,FN1: ZERO(LAW)
133682,2/22/2010,RULES TO CALENDAR 2/22/2010
133682,2/22/2010,READ THE SECOND TIME
133682,2/22/2010,JUD CS ADOPTED UNAN CONSENT
133682,2/22/2010,ADVANCED TO THIRD READING UNAN CONSENT
133682,2/22/2010,READ THE THIRD TIME CSSB 194(JUD)
133682,2/22/2010,PASSED Y15 N1 E4
133682,2/22/2010,TRANSMITTED TO (H)
133682,2/22/2010,VERSION: CSSB 194(JUD)
133682,2/23/2010,READ THE FIRST TIME - REFERRALS
133682,2/23/2010,STA JUD
133682,3/17/2010,STA RPT 4DP 1NR
133682,3/17/2010,DP: SEATON GRUENBERG P.WILSON LYNN
133682,3/17/2010,NR: GATTO
133682,3/17/2010,FN1: ZERO(LAW)
133682,3/25/2010,JUD RPT HCS(JUD) NT 5DP
133682,3/25/2010,TITLE CHANGE: HCR 23
133682,3/25/2010,DP: LYNN GRUENBERG HERRON HOLMES RAMRAS
133682,3/25/2010,FN1: ZERO(LAW)
133682,3/25/2010,CROSS SPONSOR(S): RAMRAS
133682,4/16/2010,RULES TO CALENDAR 4/16/2010
133682,4/16/2010,MOVED TO BOTTOM OF CALENDAR
133682,4/16/2010,READ THE SECOND TIME
133682,4/16/2010,JUD HCS ADOPTED UNAN CONSENT
133682,4/16/2010,AM NO 1 ADOPTED Y21 N4 E1 A14
133682,4/16/2010,...CHANGES TITLE OF LEGISLATION
133682,4/16/2010,ADVANCED TO THIRD READING UNAN CONSENT
133682,4/16/2010,READ THE THIRD TIME HCS CSSB 194(JUD) AM H
133682,4/16/2010,PASSED Y24 N1 E1 A14
133682,4/16/2010,CROSS SPONSOR(S): CRAWFORD DAHLSTROM CHENAULT GARDNER
133682,4/16/2010,TRANSMITTED TO (S) AS AMENDED
133682,4/16/2010,VERSION: HCS CSSB 194(JUD) AM H
133682,4/17/2010,CONCUR MESSAGE READ AND TAKEN UP
133682,4/17/2010,CONCUR AM OF (H) Y20 N-
133682,7/9/2010,2:50 PM 6/7/10 TRANSMITTED TO GOVERNOR
133682,7/9/2010,SIGNED INTO LAW 6/16 CHAPTER 86 SLA 10
133682,7/9/2010,EFFECTIVE DATE(S) OF LAW 9/14/10
133683,1/19/2010,PREFILE RELEASED 1/8/10
133683,1/19/2010,READ THE FIRST TIME - REFERRALS
133683,1/19/2010,RES
133683,2/10/2010,RES RPT 6DP 1NR
133683,2/10/2010,DP: MCGUIRE WIELECHOWSKI STEVENS FRENCH WAGONER HUGGINS
133683,2/10/2010,NR: STEDMAN
133683,2/10/2010,FN1: ZERO(DNR)
133683,2/12/2010,RULES TO CALENDAR 2/12/2010
133683,2/12/2010,READ THE SECOND TIME
133683,2/12/2010,ADVANCED TO THIRD READING UNAN CONSENT
133683,2/12/2010,READ THE THIRD TIME SB 195
133683,2/12/2010,PASSED Y15 N- E5
133683,2/12/2010,TRANSMITTED TO (H)
133683,2/12/2010,VERSION: SB 195
133683,2/15/2010,READ THE FIRST TIME - REFERRALS
133683,2/15/2010,RES
133683,3/23/2010,CROSS SPONSOR(S): KAWASAKI
133683,3/29/2010,RES RPT 8DP
133683,3/29/2010,DP: OLSON GUTTENBERG TUCK KAWASAKI SEATON P.WILSON JOHNSON NEUMAN
133683,3/29/2010,FN1: ZERO(DNR)
133683,4/12/2010,RULES TO CALENDAR 4/12/2010
133683,4/12/2010,READ THE SECOND TIME
133683,4/12/2010,ADVANCED TO THIRD READING UNAN CONSENT
133683,4/12/2010,READ THE THIRD TIME SB 195
133683,4/12/2010,PASSED Y36 A4
133683,4/12/2010,RETURN TO (S) TRANSMIT TO GOV NEXT
133683,4/12/2010,VERSION: SB 195
133683,4/12/2010,CROSS SPONSOR(S): GUTTENBERG KELLY
133683,7/9/2010,1:56 PM 5/25/10 TRANSMITTED TO GOVERNOR
133683,7/9/2010,SIGNED INTO LAW 5/27 CHAPTER 25 SLA 10
133683,7/9/2010,EFFECTIVE DATE(S) OF LAW 8/25/10
133684,1/19/2010,NOT INTRODUCED
133685,1/19/2010,PREFILE RELEASED 1/8/10
133685,1/19/2010,READ THE FIRST TIME - REFERRALS
133685,1/19/2010,HSS JUD
133685,1/19/2010,REFERRED TO HEALTH & SOCIAL SERVICES
133686,1/19/2010,PREFILE RELEASED 1/8/10
133686,1/19/2010,READ THE FIRST TIME - REFERRALS
133686,1/19/2010,HSS JUD
133686,1/19/2010,REFERRED TO HEALTH & SOCIAL SERVICES
133687,1/19/2010,PREFILE RELEASED 1/8/10
133687,1/19/2010,READ THE FIRST TIME - REFERRALS
133687,1/19/2010,HSS FIN
133687,1/27/2010,HSS RPT 5DP
133687,1/27/2010,DP: DAVIS ELLIS THOMAS PASKVAN DYSON
133687,1/27/2010,FN1: (DHS)
133687,1/27/2010,FN2: (DHS)
133687,1/27/2010,COSPONSOR(S): WAGONER HUGGINS MCGUIRE
133687,2/24/2010,FIN RPT 4DP 2NR
133687,2/24/2010,DP: HOFFMAN HUGGINS THOMAS EGAN
133687,2/24/2010,NR: STEDMAN OLSON
133687,2/24/2010,FN2: (DHS)
133687,2/24/2010,FN3: ZERO(S.FIN)
133687,2/26/2010,RULES TO CALENDAR 2/26/2010
133687,2/26/2010,READ THE SECOND TIME
133687,2/26/2010,ADVANCED TO THIRD READING UNAN CONSENT
133687,2/26/2010,READ THE THIRD TIME SB 199
133687,2/26/2010,PASSED Y19 N- E1
133687,2/26/2010,TRANSMITTED TO (H)
133687,2/26/2010,VERSION: SB 199
133687,3/1/2010,READ THE FIRST TIME - REFERRALS
133687,3/1/2010,HSS FIN
133687,3/1/2010,CROSS SPONSOR(S): NEUMAN STOLTZE
133687,3/19/2010,HSS RPT 7DP
133687,3/19/2010,DP: HOLMES LYNN T.WILSON SEATON CISSNA KELLER HERRON
133687,3/19/2010,FN2: (DHS)
133687,3/19/2010,FN3: ZERO(S.FIN)
133687,3/19/2010,CROSS SPONSOR(S): HERRON
133687,3/23/2010,CROSS SPONSOR(S): GARDNER
133687,4/11/2010,FIN RPT 11DP
133687,4/11/2010,DP: THOMAS GARA DOOGAN JOULE N.FOSTER FAIRCLOUGH AUSTERMAN SALMON
133687,4/11/2010,KELLY STOLTZE HAWKER
133687,4/11/2010,FN2: (DHS)
133687,4/11/2010,FN4: (DHS)
133687,4/11/2010,CROSS SPONSOR(S): AUSTERMAN DOOGAN GARA FAIRCLOUGH HAWKER
133687,4/14/2010,RULES TO CALENDAR 4/14/2010
133687,4/14/2010,READ THE SECOND TIME
133687,4/14/2010,ADVANCED TO THIRD READING UNAN CONSENT
133687,4/14/2010,READ THE THIRD TIME SB 199
133687,4/14/2010,PASSED Y37 A3
133687,4/14/2010,RETURN TO (S) TRANSMIT TO GOV NEXT
133687,4/14/2010,VERSION: SB 199
133687,4/14/2010,CROSS SPONSOR(S): PETERSEN LYNN TUCK GUTTENBERG GRUENBERG KERTTULA
133687,7/9/2010,2:50 PM 6/7/10 TRANSMITTED TO GOVERNOR
133687,7/9/2010,SIGNED INTO LAW 6/9 CHAPTER 60 SLA 10
133687,7/9/2010,EFFECTIVE DATE(S) OF LAW 9/7/10
133688,1/19/2010,PREFILE RELEASED 1/8/10
133688,1/19/2010,READ THE FIRST TIME - REFERRALS
133688,1/19/2010,CRA STA
133688,1/19/2010,REFERRED TO COMMUNITY & REGIONAL AFFAIRS
133689,1/19/2010,PREFILE RELEASED 1/8/10
133689,1/19/2010,READ THE FIRST TIME - REFERRALS
133689,1/19/2010,CRA FIN
133689,1/19/2010,REFERRED TO COMMUNITY & REGIONAL AFFAIRS
133689,1/20/2010,COSPONSOR(S): ELLIS
133690,1/19/2010,PREFILE RELEASED 1/8/10
133690,1/19/2010,READ THE FIRST TIME - REFERRALS
133690,1/19/2010,JUD FIN
133690,3/18/2010,JUD RPT CS 2DP 1DNP 2NR NEW TITLE
133690,3/18/2010,DP: FRENCH EGAN
133690,3/18/2010,DNP: COGHILL
133690,3/18/2010,NR: WIELECHOWSKI MCGUIRE
133690,3/18/2010,FN1: ZERO(LAW)
133690,3/18/2010,REFERRED TO FINANCE
133691,1/19/2010,PREFILE RELEASED 1/8/10
133691,1/19/2010,READ THE FIRST TIME - REFERRALS
133691,1/19/2010,RES FIN
133691,1/20/2010,COSPONSOR(S): ELLIS
133691,3/2/2010,RES RPT CS 3DP 1NR NEW TITLE
133691,3/2/2010,DP: WIELECHOWSKI MCGUIRE FRENCH
133691,3/2/2010,NR: STEVENS
133691,3/2/2010,FN1: INDETERMINATE(DNR)
133691,3/2/2010,REFERRED TO FINANCE
133692,1/19/2010,PREFILE RELEASED 1/8/10
133692,1/19/2010,READ THE FIRST TIME - REFERRALS
133692,1/19/2010,STA FIN
133692,1/19/2010,REFERRED TO STATE AFFAIRS
133693,1/19/2010,PREFILE RELEASED 1/8/10
133693,1/19/2010,READ THE FIRST TIME - REFERRALS
133693,1/19/2010,L&C FIN
133693,1/19/2010,SPONSOR SUBSTITUTE INTRODUCED-REFERRALS
133693,1/19/2010,L&C FIN
133693,1/19/2010,REFERRED TO LABOR & COMMERCE
133694,1/19/2010,PREFILE RELEASED 1/8/10
133694,1/19/2010,READ THE FIRST TIME - REFERRALS
133694,1/19/2010,EDC FIN
133694,2/10/2010,EDC RPT 4DP 2NR
133694,2/10/2010,DP: MEYER THOMAS STEVENS DAVIS
133694,2/10/2010,NR: OLSON HUGGINS
133694,2/10/2010,REFERRED TO FINANCE
133694,2/10/2010,COSPONSOR(S): DAVIS
133694,3/12/2010,COSPONSOR(S): FRENCH
133694,4/16/2010,COSPONSOR(S): THOMAS
133695,1/19/2010,PREFILE RELEASED 1/8/10
133695,1/19/2010,READ THE FIRST TIME - REFERRALS
133695,1/19/2010,EDC FIN
133695,1/19/2010,SPONSOR SUBSTITUTE INTRODUCED-REFERRALS
133695,1/19/2010,EDC FIN
133695,1/19/2010,REFERRED TO EDUCATION
133696,1/19/2010,PREFILE RELEASED 1/8/10
133696,1/19/2010,READ THE FIRST TIME - REFERRALS
133696,1/19/2010,RES FIN
133696,3/10/2010,RES RPT CS 5DP NEW TITLE
133696,3/10/2010,DP: MCGUIRE WIELECHOWSKI HUGGINS STEVENS FRENCH
133696,3/10/2010,FN1: (DNR)
133696,4/7/2010,FIN RPT CS(RES) 4DP 2NR
133696,4/7/2010,DP: HOFFMAN HUGGINS THOMAS ELLIS
133696,4/7/2010,NR: STEDMAN OLSON
133696,4/7/2010,FN2: ZERO(S.FIN/DNR)
133696,4/7/2010,FN3: ZERO(REV)
133696,4/8/2010,RULES TO CALENDAR 4/8/2010
133696,4/8/2010,READ THE SECOND TIME
133696,4/8/2010,RES CS ADOPTED UNAN CONSENT
133696,4/8/2010,ADVANCED TO THIRD READING UNAN CONSENT
133696,4/8/2010,READ THE THIRD TIME CSSB 208(RES)
133696,4/8/2010,COSPONSOR(S): MCGUIRE MENARD ELLIS HUGGINS FRENCH DYSON
133696,4/8/2010,PASSED Y20 N-
133696,4/8/2010,EFFECTIVE DATE(S) SAME AS PASSAGE
133696,4/8/2010,TRANSMITTED TO (H)
133696,4/8/2010,VERSION: CSSB 208(RES)
133696,4/9/2010,READ THE FIRST TIME - REFERRALS
133696,4/9/2010,RES FIN
133696,4/13/2010,RES REFERRAL WAIVED
133696,4/13/2010,REFERRED TO FINANCE
133697,1/19/2010,PREFILE RELEASED 1/8/10
133697,1/19/2010,READ THE FIRST TIME - REFERRALS
133697,1/19/2010,EDC JUD
133697,2/17/2010,EDC RPT 5DP
133697,2/17/2010,DP: THOMAS MEYER DAVIS STEVENS HUGGINS
133697,2/17/2010,FN1: ZERO(EED)
133697,3/10/2010,JUD RPT 3DP
133697,3/10/2010,DP: FRENCH COGHILL EGAN
133697,3/10/2010,FN1: ZERO(EED)
133697,3/22/2010,RULES TO CALENDAR 3/22/2010
133697,3/22/2010,READ THE SECOND TIME
133697,3/22/2010,ADVANCED TO THIRD READING UNAN CONSENT
133697,3/22/2010,READ THE THIRD TIME SB 209
133697,3/22/2010,PASSED Y20 N-
133697,3/22/2010,EFFECTIVE DATE(S) SAME AS PASSAGE
133697,3/22/2010,TRANSMITTED TO (H)
133697,3/22/2010,VERSION: SB 209
133697,3/23/2010,READ THE FIRST TIME - REFERRALS
133697,3/23/2010,EDC
133697,3/29/2010,EDC RPT 5DP 1NR
133697,3/29/2010,DP: P.WILSON EDGMON GARDNER BUCH SEATON
133697,3/29/2010,NR: KELLER
133697,3/29/2010,FN1: ZERO(EED)
133697,4/13/2010,RULES TO CALENDAR 4/13/2010
133697,4/13/2010,READ THE SECOND TIME
133697,4/13/2010,ADVANCED TO THIRD READING UNAN CONSENT
133697,4/13/2010,READ THE THIRD TIME SB 209
133697,4/13/2010,PASSED Y36 A4
133697,4/13/2010,EFFECTIVE DATE(S) SAME AS PASSAGE
133697,4/13/2010,RETURN TO (S) TRANSMIT TO GOV NEXT
133697,4/13/2010,VERSION: SB 209
133697,7/9/2010,2:15 PM 5/27/10 TRANSMITTED TO GOVERNOR
133697,7/9/2010,SIGNED INTO LAW 6/1 CHAPTER 30 SLA 10
133697,7/9/2010,EFFECTIVE DATE(S) OF LAW 6/2/10
133698,1/19/2010,PREFILE RELEASED 1/8/10
133698,1/19/2010,READ THE FIRST TIME - REFERRALS
133698,1/19/2010,JUD FIN
133698,2/10/2010,COSPONSOR(S): FRENCH
133698,2/15/2010,JUD RPT CS 3DP NEW TITLE
133698,2/15/2010,DP: FRENCH WIELECHOWSKI EGAN
133698,2/15/2010,FN1: ZERO(LAW)
133698,2/15/2010,REFERRED TO FINANCE
133699,1/19/2010,PREFILE RELEASED 1/8/10
133699,1/19/2010,READ THE FIRST TIME - REFERRALS
133699,1/19/2010,HSS FIN
133699,1/19/2010,REFERRED TO HEALTH & SOCIAL SERVICES
133700,1/19/2010,PREFILE RELEASED 1/8/10
133700,1/19/2010,READ THE FIRST TIME - REFERRALS
133700,1/19/2010,CRA FIN
133700,1/19/2010,REFERRED TO COMMUNITY & REGIONAL AFFAIRS
133701,1/19/2010,READ THE FIRST TIME - REFERRALS
133701,1/19/2010,EDC FIN
133701,1/27/2010,COSPONSOR(S): PASKVAN MENARD THOMAS
133701,2/10/2010,COSPONSOR(S): DAVIS FRENCH KOOKESH
133701,3/10/2010,EDC RPT CS 4DP SAME TITLE
133701,3/10/2010,DP: MEYER THOMAS STEVENS DAVIS
133701,3/10/2010,FN1: (EED)
133701,4/10/2010,FIN RPT CS 5DP 1NR SAME TITLE
133701,4/10/2010,DP: HOFFMAN STEDMAN THOMAS EGAN ELLIS
133701,4/10/2010,NR: OLSON
133701,4/10/2010,FN2: (EED)
133701,4/14/2010,RULES TO CALENDAR 4/14/2010
133701,4/14/2010,READ THE SECOND TIME
133701,4/14/2010,FIN CS ADOPTED UNAN CONSENT
133701,4/14/2010,ADVANCED TO THIRD READING UNAN CONSENT
133701,4/14/2010,READ THE THIRD TIME CSSB 213(FIN)
133701,4/14/2010,PASSED Y17 N3
133701,4/14/2010,TRANSMITTED TO (H)
133701,4/14/2010,VERSION: CSSB 213(FIN)
133701,4/14/2010,READ THE FIRST TIME - REFERRALS
133701,4/14/2010,FIN
133701,4/14/2010,REFERRED TO FINANCE
133701,4/15/2010,CROSS SPONSOR(S): PETERSEN
133702,1/19/2010,PREFILE RELEASED 1/15/10
133702,1/19/2010,READ THE FIRST TIME - REFERRALS
133702,1/19/2010,JUD
133702,1/19/2010,REFERRED TO JUDICIARY
133702,2/12/2010,COSPONSOR(S): ELLIS
133703,1/19/2010,PREFILE RELEASED 1/15/10
133703,1/19/2010,READ THE FIRST TIME - REFERRALS
133703,1/19/2010,HSS FIN
133703,2/10/2010,HSS RPT 5DP
133703,2/10/2010,DP: DAVIS THOMAS ELLIS PASKVAN DYSON
133703,2/10/2010,FN1: ZERO(DHS)
133703,3/22/2010,FIN RPT 2DP 3NR
133703,3/22/2010,DP: HOFFMAN EGAN
133703,3/22/2010,NR: STEDMAN OLSON HUGGINS
133703,3/23/2010,OLSON CORRECTED FIN REPORT VOTE NR TO DP
133703,3/22/2010,FN1: ZERO(DHS)
133703,3/23/2010,RULES TO CALENDAR 3/23/2010
133703,3/23/2010,READ THE SECOND TIME
133703,3/23/2010,ADVANCED TO THIRD READING UNAN CONSENT
133703,3/23/2010,READ THE THIRD TIME SB 215
133703,3/23/2010,COSPONSOR(S): FRENCH DYSON PASKVAN MEYER EGAN HUGGINS THOMAS STEVENS
133703,3/23/2010,MENARD
133703,3/23/2010,PASSED Y19 N- E1
133703,3/23/2010,TRANSMITTED TO (H)
133703,3/23/2010,VERSION: SB 215
133703,3/24/2010,READ THE FIRST TIME - REFERRALS
133703,3/24/2010,STA
133703,3/24/2010,CROSS SPONSOR(S): P.WILSON
133703,4/1/2010,STA RPT 5DP 2NR
133703,4/1/2010,DP: GATTO GRUENBERG P.WILSON PETERSEN LYNN
133703,4/1/2010,NR: JOHNSON SEATON
133703,4/1/2010,FN1: ZERO(DHS)
133703,4/1/2010,CROSS SPONSOR(S): LYNN GRUENBERG PETERSEN
133703,4/11/2010,RULES TO 1ST SUP CALENDAR 4/11/2010
133703,4/11/2010,READ THE SECOND TIME
133703,4/11/2010,ADVANCED TO THIRD READING UNAN CONSENT
133703,4/11/2010,READ THE THIRD TIME SB 215
133703,4/11/2010,PASSED Y40
133703,4/11/2010,RETURN TO (S) TRANSMIT TO GOV NEXT
133703,4/11/2010,VERSION: SB 215
133703,4/11/2010,CROSS SPONSOR(S): DAHLSTROM GARA KERTTULA GARDNER GUTTENBERG JOHNSON
133703,4/11/2010,CRAWFORD KAWASAKI TUCK
133703,7/9/2010,2:55 PM 6/14/10 TRANSMITTED TO GOVERNOR
133703,7/9/2010,SIGNED INTO LAW 6/17 CHAPTER 90 SLA 10
133703,7/9/2010,EFFECTIVE DATE(S) OF LAW 9/15/10
133704,1/19/2010,READ THE FIRST TIME - REFERRALS
133704,1/19/2010,STA FIN
133704,1/19/2010,FN1: (MVA)
133704,1/19/2010,GOVERNOR'S TRANSMITTAL LETTER
133704,2/5/2010,STA RPT 5DP
133704,2/5/2010,DP: MENARD FRENCH MEYER PASKVAN KOOKESH
133704,2/5/2010,FN1: (MVA)
133704,2/5/2010,REFERRED TO FINANCE
133705,1/19/2010,READ THE FIRST TIME - REFERRALS
133705,1/19/2010,STA FIN
133705,1/19/2010,FN1: (REV)
133705,1/19/2010,GOVERNOR'S TRANSMITTAL LETTER
133705,2/5/2010,STA RPT 5DP
133705,2/5/2010,DP: MENARD FRENCH MEYER PASKVAN KOOKESH
133705,2/5/2010,FN2: (REV)
133705,3/29/2010,FIN RPT CS 5DP 1NR NEW TITLE
133705,3/29/2010,DP: HOFFMAN STEDMAN HUGGINS THOMAS EGAN
133705,3/29/2010,NR: OLSON
133705,3/29/2010,FN3: (REV)
133705,3/31/2010,RULES TO CALENDAR 3/31/2010
133705,3/31/2010,READ THE SECOND TIME
133705,3/31/2010,FIN CS ADOPTED UNAN CONSENT
133705,3/31/2010,ADVANCED TO THIRD READING UNAN CONSENT
133705,3/31/2010,READ THE THIRD TIME CSSB 217(FIN)
133705,3/31/2010,PASSED Y18 N- E1 A1
133705,3/31/2010,EFFECTIVE DATE(S) SAME AS PASSAGE
133705,3/31/2010,TRANSMITTED TO (H)
133705,3/31/2010,VERSION: CSSB 217(FIN)
133705,3/31/2010,READ THE FIRST TIME - REFERRALS
133705,3/31/2010,FIN
133705,4/13/2010,FIN RPT 11DP
133705,4/13/2010,DP: THOMAS GARA DOOGAN JOULE AUSTERMAN N.FOSTER KELLY SALMON
133705,4/13/2010,FAIRCLOUGH STOLTZE HAWKER
133705,4/13/2010,FN3: (REV)
133705,4/14/2010,RULES TO CALENDAR 4/14/2010
133705,4/14/2010,READ THE SECOND TIME
133705,4/14/2010,ADVANCED TO THIRD READING UNAN CONSENT
133705,4/14/2010,READ THE THIRD TIME CSSB 217(FIN)
133705,4/14/2010,PASSED Y38 A2
133705,4/14/2010,EFFECTIVE DATE(S) SAME AS PASSAGE
133705,4/14/2010,RETURN TO (S) TRANSMIT TO GOV NEXT
133705,4/14/2010,VERSION: CSSB 217(FIN)
133705,7/9/2010,2:15 PM 5/27/10 TRANSMITTED TO GOVERNOR
133705,7/9/2010,SIGNED INTO LAW 6/4 CHAPTER 46 SLA 10
133705,7/9/2010,EFFECTIVE DATE(S) OF LAW 6/5/10
133706,1/19/2010,READ THE FIRST TIME - REFERRALS
133706,1/19/2010,TRA FIN
133706,1/19/2010,FN1: (REV)
133706,1/19/2010,GOVERNOR'S TRANSMITTAL LETTER
133706,1/19/2010,REFERRED TO TRANSPORTATION
133707,1/19/2010,READ THE FIRST TIME - REFERRALS
133707,1/19/2010,HSS FIN
133707,2/18/2010,HSS RPT CS 3DP NEW TITLE
133707,2/18/2010,DP: DAVIS PASKVAN DYSON
133707,2/18/2010,FN1: ZERO(DHS)
133707,2/18/2010,FN2: (DHS)
133707,3/12/2010,COSPONSOR(S): EGAN
133707,3/29/2010,FIN RPT CS 2DP 3NR NEW TITLE
133707,3/29/2010,DP: HOFFMAN STEDMAN
133707,3/29/2010,NR: HUGGINS THOMAS EGAN
133707,3/29/2010,FN1: ZERO(DHS)
133707,3/29/2010,FN2: (DHS)
133707,4/1/2010,RULES TO CALENDAR 4/1/2010
133707,4/1/2010,READ THE SECOND TIME
133707,4/1/2010,FIN CS ADOPTED UNAN CONSENT
133707,4/1/2010,ADVANCED TO THIRD READING UNAN CONSENT
133707,4/1/2010,READ THE THIRD TIME CSSB 219(FIN)
133707,4/1/2010,COSPONSOR(S): MENARD FRENCH DAVIS KOOKESH OLSON DYSON PASKVAN MEYER
133707,4/1/2010,HOFFMAN STEDMAN HUGGINS STEVENS
133707,4/1/2010,PASSED Y19 N- E1
133707,4/1/2010,TRANSMITTED TO (H)
133707,4/1/2010,VERSION: CSSB 219(FIN)
133707,4/5/2010,READ THE FIRST TIME - REFERRALS
133707,4/5/2010,FIN
133707,4/14/2010,FIN RPT 9DP 1NR
133707,4/14/2010,DP: THOMAS SALMON FAIRCLOUGH AUSTERMAN GARA DOOGAN JOULE N.FOSTER
133707,4/14/2010,STOLTZE
133707,4/14/2010,NR: KELLY
133707,4/14/2010,FN1: ZERO(DHS)
133707,4/14/2010,FN2: (DHS)
133707,4/14/2010,CROSS SPONSOR(S): GARA
133707,4/16/2010,RULES TO CALENDAR 4/16/2010
133707,4/16/2010,READ THE SECOND TIME
133707,4/16/2010,ADVANCED TO THIRD READING UNAN CONSENT
133707,4/16/2010,READ THE THIRD TIME CSSB 219(FIN)
133707,4/16/2010,PASSED Y26 E1 A13
133707,4/16/2010,RETURN TO (S) TRANSMIT TO GOV NEXT
133707,4/16/2010,VERSION: CSSB 219(FIN)
133707,4/16/2010,CROSS SPONSOR(S): LYNN GARDNER DAHLSTROM CRAWFORD KERTTULA
133707,4/17/2010,CROSS SPONSOR(S): JOHNSON
133707,7/9/2010,2:50 PM 6/7/10 TRANSMITTED TO GOVERNOR
133707,7/9/2010,SIGNED INTO LAW 6/25 CHAPTER 109 SLA 10
133707,7/9/2010,EFFECTIVE DATE(S) OF LAW 9/23/10
133708,1/19/2010,READ THE FIRST TIME - REFERRALS
133708,1/19/2010,RES FIN
133708,3/10/2010,RES RPT CS 5DP NEW TITLE
133708,3/10/2010,DP: MCGUIRE WIELECHOWSKI HUGGINS STEVENS FRENCH
133708,3/10/2010,FN1: INDETERMINATE(REV)
133708,3/10/2010,FN2: (CED)
133708,3/10/2010,FN3: ZERO(DEC)
133708,3/10/2010,FN4: (DOT)
133708,3/10/2010,FN5: (CED)
133708,3/10/2010,FN6: INDETERMINATE(DHS)
133708,4/10/2010,FIN RPT CS 6DP 1NR NEW TITLE
133708,4/10/2010,DP: HOFFMAN STEDMAN HUGGINS THOMAS EGAN ELLIS
133708,4/10/2010,NR: OLSON
133708,4/10/2010,FN3: ZERO(DEC)
133708,4/10/2010,FN6: INDETERMINATE(DHS)
133708,4/10/2010,FN7: (CED)
133708,4/10/2010,FN8: (CED)
133708,4/10/2010,FN9: ZERO(REV)
133708,4/10/2010,FN10: ZERO(REV)
133708,4/10/2010,FN11: ZERO(ADM)
133708,4/10/2010,FN12: (DOT)
133708,4/10/2010,RULES TO CALENDAR 4/10/2010
133708,4/10/2010,READ THE SECOND TIME
133708,4/10/2010,FIN CS ADOPTED UNAN CONSENT
133708,4/10/2010,ADVANCED TO THIRD READING UNAN CONSENT
133708,4/10/2010,READ THE THIRD TIME CSSB 220(FIN)
133708,4/10/2010,PASSED Y18 N- A2
133708,4/10/2010,EFFECTIVE DATE(S) SAME AS PASSAGE
133708,4/10/2010,MCGUIRE NOTICE OF RECONSIDERATION
133708,4/10/2010,RECON TAKEN UP SAME DAY UNAN CONSENT
133708,4/10/2010,PASSED ON RECONSIDERATION Y19 N- A1
133708,4/10/2010,EFFECTIVE DATE(S) SAME AS PASSAGE
133708,4/10/2010,TRANSMITTED TO (H)
133708,4/10/2010,VERSION: CSSB 220(FIN)
133708,4/10/2010,READ THE FIRST TIME - REFERRALS
133708,4/10/2010,ENE FIN
133708,4/12/2010,ENE RPT HCS(ENE) NT 7DP
133708,4/12/2010,TITLE CHANGE: HCR 28
133708,4/12/2010,DP: RAMRAS PETERSEN DAHLSTROM TUCK JOHANSEN MILLETT EDGMON
133708,4/12/2010,FN3: ZERO(DEC)
133708,4/12/2010,FN6: INDETERMINATE(DHS)
133708,4/12/2010,FN7: (CED)
133708,4/12/2010,FN8: (CED)
133708,4/12/2010,FN9: ZERO(REV)
133708,4/12/2010,FN10: ZERO(REV)
133708,4/12/2010,FN11: ZERO(ADM)
133708,4/12/2010,FN12: (DOT)
133708,4/17/2010,FIN RPT HCS(FIN) NT 9DP 1NR 1AM
133708,4/17/2010,TITLE CHANGE: HCR 28
133708,4/17/2010,DP: N.FOSTER JOULE THOMAS AUSTERMAN GARA KELLY SALMON STOLTZE HAWKER
133708,4/17/2010,NR: DOOGAN
133708,4/17/2010,AM: FAIRCLOUGH
133708,4/17/2010,FN3: ZERO(DEC)
133708,4/17/2010,FN6: INDETERMINATE(DHS)
133708,4/17/2010,FN7: (CED)
133708,4/17/2010,FN8: (CED)
133708,4/17/2010,FN9: ZERO(REV)
133708,4/17/2010,FN11: ZERO(ADM)
133708,4/17/2010,FN13: ZERO(REV)
133708,4/17/2010,FN14: (DOT)
133708,4/17/2010,RULES TO CALENDAR 4/17/2010
133708,4/17/2010,MOVED TO BOTTOM OF CALENDAR
133708,4/17/2010,READ THE SECOND TIME
133708,4/17/2010,FIN HCS ADOPTED UNAN CONSENT
133708,4/17/2010,AM NO 1 FAILED Y12 N27 E1
133708,4/17/2010,ADVANCED TO THIRD READING 4/18 CALENDAR
133708,4/18/2010,READ THE THIRD TIME HCS CSSB 220(FIN)
133708,4/18/2010,PASSED Y40
133708,4/18/2010,EFFECTIVE DATE(S) SAME AS PASSAGE
133708,4/18/2010,TRANSMITTED TO (S) AS AMENDED
133708,4/18/2010,VERSION: HCS CSSB 220(FIN)
133708,4/18/2010,CONCUR MESSAGE READ AND TAKEN UP
133708,4/18/2010,CONCUR AM OF (H) Y20 N-
133708,4/18/2010,EFFECTIVE DATE(S) SAME AS PASSAGE
133708,7/9/2010,2:15 PM 5/27/10 TRANSMITTED TO GOVERNOR
133708,7/9/2010,MANIFEST ERROR(S)
133708,7/9/2010,SIGNED INTO LAW 6/16 CHAPTER 83 SLA 10
133708,7/9/2010,EFFECTIVE DATE(S) OF LAW SEE CHAPTER
133709,1/19/2010,READ THE FIRST TIME - REFERRALS
133709,1/19/2010,EDC FIN
133709,2/1/2010,EDC RPT CS 4DP NEW TITLE
133709,2/1/2010,DP: MEYER THOMAS DAVIS STEVENS
133709,2/1/2010,FN1: ZERO(EED)
133709,2/1/2010,FN2: (LEG)
133709,2/1/2010,FN3: ZERO(EED)
133709,3/10/2010,FIN RPT CS(EDC) 6DP
133709,3/10/2010,DP: HOFFMAN STEDMAN HUGGINS THOMAS EGAN ELLIS
133709,3/10/2010,FN1: ZERO(EED)
133709,3/10/2010,FN3: ZERO(EED)
133709,3/10/2010,FN4: ZERO(S.FIN/LEG)
133709,3/12/2010,RULES TO CALENDAR 3/12/2010
133709,3/12/2010,READ THE SECOND TIME
133709,3/12/2010,EDC CS ADOPTED UNAN CONSENT
133709,3/12/2010,ADVANCED TO THIRD READING UNAN CONSENT
133709,3/12/2010,READ THE THIRD TIME CSSB 221(EDC)
133709,3/12/2010,COSPONSOR(S): DAVIS KOOKESH MEYER PASKVAN MENARD STEDMAN THOMAS EGAN
133709,3/12/2010,PASSED Y17 N3
133709,3/12/2010,EFFECTIVE DATE(S) SAME AS PASSAGE
133709,3/12/2010,TRANSMITTED TO (H)
133709,3/12/2010,VERSION: CSSB 221(EDC)
133709,3/15/2010,READ THE FIRST TIME - REFERRALS
133709,3/15/2010,EDC FIN
133709,3/29/2010,EDC RPT HCS(EDC) 2DP 3NR
133709,3/29/2010,DP: EDGMON SEATON
133709,3/29/2010,NR: KELLER MUNOZ P.WILSON
133709,3/29/2010,FN1: ZERO(EED)
133709,3/29/2010,FN3: ZERO(EED)
133709,3/29/2010,FN4: ZERO(S.FIN/LEG)
133709,4/17/2010,FIN RPT HCS(FIN) NT 3DNP 6NR 2AM
133709,4/17/2010,TITLE CHANGE: HCR 33
133709,4/17/2010,DNP: THOMAS DOOGAN SALMON
133709,4/17/2010,NR: FAIRCLOUGH JOULE AUSTERMAN KELLY STOLTZE HAWKER
133709,4/17/2010,AM: GARA N.FOSTER
133709,4/17/2010,FN5: (EED)
133709,4/17/2010,FN6: (EED)
133709,4/17/2010,FN7: (LEG)
133709,4/17/2010,RULES TO CALENDAR 4/17/2010
133709,4/17/2010,READ THE SECOND TIME
133709,4/17/2010,FIN HCS ADOPTED UNAN CONSENT
133709,4/17/2010,ADVANCED TO THIRD READING 4/18 CALENDAR
133709,4/17/2010,CROSS SPONSOR(S): KAWASAKI LYNN CISSNA
133709,4/18/2010,MOVED TO BOTTOM OF CALENDAR
133709,4/18/2010,MOVED TO BOTTOM OF CALENDAR
133709,4/18/2010,READ THE THIRD TIME HCS CSSB 221(FIN)
133709,4/18/2010,RETURN TO SECOND FOR AM 1 AND ALL AMS UC
133709,4/18/2010,AM NO 1 FAILED Y14 N26
133709,4/18/2010,AUTOMATICALLY IN THIRD READING
133709,4/18/2010,PASSED Y36 N4
133709,4/18/2010,EFFECTIVE DATE(S) SAME AS PASSAGE
133709,4/18/2010,CROSS SPONSOR(S): MILLETT
133709,4/18/2010,TRANSMITTED TO (S) AS AMENDED
133709,4/18/2010,VERSION: HCS CSSB 221(FIN)
133709,4/18/2010,CONCUR MESSAGE READ AND TAKEN UP
133709,4/18/2010,CONCUR AM OF (H) Y16 N4
133709,4/18/2010,EFFECTIVE DATE(S) SAME AS PASSAGE
133709,7/9/2010,2:48 PM 4/30/10 TRANSMITTED TO GOVERNOR
133709,7/9/2010,MANIFEST ERROR(S)
133709,7/9/2010,SIGNED INTO LAW 5/10 CHAPTER 14 SLA 10
133709,7/9/2010,EFFECTIVE DATE(S) OF LAW SEE CHAPTER
133709,7/9/2010,MEMBERS--SCHOLARSHIP FUNDING:
133709,7/9/2010,MEYER (CHAIR) ELLIS HOFFMAN STEVENS THOMAS MENARD (ALTERNATE)
133709,7/9/2010,HIGHER EDUCATION/CAREER READINESS:
133709,7/9/2010,STEVENS (COCHAIR) HUGGINS
133709,7/9/2010,MEMBERS--SCHOLARSHIP FUNDING:
133709,7/9/2010,SEATON (VICE CHAIR) P.WILSON KELLER FAIRCLOUGH TUCK
133709,7/9/2010,HIGHER EDUCATION/CAREER READINESS:
133709,7/9/2010,CHENAULT (CO-CHAIR) SEATON
133710,1/19/2010,READ THE FIRST TIME - REFERRALS
133710,1/19/2010,JUD FIN
133710,1/19/2010,FN1: ZERO(ADM)
133710,1/19/2010,FN2: (COR)
133710,1/19/2010,FN3: ZERO(ADM)
133710,1/19/2010,FN4: ZERO(LAW)
133710,1/19/2010,GOVERNOR'S TRANSMITTAL LETTER
133710,4/7/2010,JUD RPT CS 2DP 2NR NEW TITLE
133710,4/7/2010,DP: FRENCH MCGUIRE
133710,4/7/2010,NR: COGHILL WIELECHOWSKI
133710,4/7/2010,FN1: ZERO(ADM)
133710,4/7/2010,FN2: (COR)
133710,4/7/2010,FN3: ZERO(ADM)
133710,4/7/2010,FN4: ZERO(LAW)
133710,4/7/2010,FN5: ZERO(CRT)
133710,4/7/2010,FN6: (DPS)
133710,4/10/2010,FIN RPT CS(JUD) 5DP 1NR
133710,4/10/2010,DP: HOFFMAN STEDMAN THOMAS EGAN ELLIS
133710,4/10/2010,NR: OLSON
133710,4/10/2010,FN1: ZERO(ADM)
133710,4/10/2010,FN2: (COR)
133710,4/10/2010,FN3: ZERO(ADM)
133710,4/10/2010,FN4: ZERO(LAW)
133710,4/10/2010,FN5: ZERO(CRT)
133710,4/10/2010,FN7: (DPS)
133710,4/11/2010,RULES TO CALENDAR 4/11/2010
133710,4/11/2010,READ THE SECOND TIME
133710,4/11/2010,JUD CS ADOPTED UNAN CONSENT
133710,4/11/2010,ADVANCED TO THIRD READING UNAN CONSENT
133710,4/11/2010,READ THE THIRD TIME CSSB 222(JUD)
133710,4/11/2010,PASSED Y19 N- A1
133710,4/11/2010,COURT RULE(S) SAME AS PASSAGE
133710,4/11/2010,EFFECTIVE DATE(S) SAME AS PASSAGE
133710,4/11/2010,TRANSMITTED TO (H)
133710,4/11/2010,VERSION: CSSB 222(JUD)
133710,4/11/2010,READ THE FIRST TIME - REFERRALS
133710,4/11/2010,FIN
133710,4/13/2010,FIN RPT 10DP
133710,4/13/2010,DP: THOMAS DOOGAN AUSTERMAN JOULE KELLY FAIRCLOUGH N.FOSTER SALMON
133710,4/13/2010,STOLTZE HAWKER
133710,4/13/2010,FN2: (COR)
133710,4/13/2010,FN4: ZERO(LAW)
133710,4/13/2010,FN5: ZERO(CRT)
133710,4/13/2010,FN7: (DPS)
133710,4/13/2010,FN8: INDETERMINATE(ADM)
133710,4/13/2010,FN9: INDETERMINATE(ADM)
133710,4/14/2010,RULES TO CALENDAR 4/14/2010
133710,4/14/2010,MOVED TO BOTTOM OF CALENDAR
133710,4/14/2010,READ THE SECOND TIME
133710,4/14/2010,ADVANCED TO THIRD READING UNAN CONSENT
133710,4/14/2010,READ THE THIRD TIME CSSB 222(JUD)
133710,4/14/2010,PASSED Y40
133710,4/14/2010,COURT RULE(S) FAILED Y24 N16
133710,4/14/2010,EFFECTIVE DATE(S) SAME AS PASSAGE
133710,4/14/2010,RETURN TO (S) TRANSMIT TO GOV NEXT
133710,4/14/2010,VERSION: CSSB 222(JUD)(CT RULE FLD H)
133710,7/9/2010,2:48 PM 4/30/10 TRANSMITTED TO GOVERNOR
133710,7/9/2010,MANIFEST ERROR(S)
133710,7/9/2010,SIGNED INTO LAW 5/14 CHAPTER 18 SLA 10
133710,7/9/2010,EFFECTIVE DATE(S) OF LAW 7/1/10
133711,1/19/2010,READ THE FIRST TIME - REFERRALS
133711,1/19/2010,ENE FIN
133711,1/19/2010,FN1: ZERO(REV)
133711,1/19/2010,FN2: ZERO(DOT)
133711,1/19/2010,GOVERNOR'S TRANSMITTAL LETTER
133711,3/10/2010,ENERGY REFERRAL WAIVED
133711,3/10/2010,REFERRED TO FINANCE
133712,1/19/2010,READ THE FIRST TIME - REFERRALS
133712,1/19/2010,EDC FIN
133712,1/19/2010,FN1: (LWF)
133712,1/19/2010,FN2: (REV)
133712,1/19/2010,FN3: (EED)
133712,1/19/2010,FN4: (EED)
133712,1/19/2010,GOVERNOR'S TRANSMITTAL LETTER
133712,3/26/2010,EDC RPT CS 4DP 1NR 1AM NEW TITLE
133712,3/26/2010,DP: MEYER THOMAS STEVENS DAVIS
133712,3/26/2010,NR: OLSON
133712,3/26/2010,AM: HUGGINS
133712,3/26/2010,FN1: (LWF)
133712,3/26/2010,FN2: (REV)
133712,3/26/2010,FN4: (EED)
133712,3/26/2010,FN5: (EED)
133712,4/17/2010,FIN RPT CS 4DP 3NR NEW TITLE
133712,4/17/2010,DP: HOFFMAN THOMAS EGAN ELLIS
133712,4/17/2010,NR: STEDMAN HUGGINS OLSON
133712,4/17/2010,FN6: (S.FIN/EED)
133712,4/17/2010,RULES TO 1ST SUP CALENDAR 4/17/10
133712,4/17/2010,READ THE SECOND TIME
133712,4/17/2010,FIN CS ADOPTED UNAN CONSENT
133712,4/17/2010,ADVANCED TO THIRD READING UNAN CONSENT
133712,4/17/2010,READ THE THIRD TIME CSSB 224(FIN)
133712,4/17/2010,ADOPTED SENATE LETTER OF INTENT
133712,4/17/2010,PASSED Y15 N- A5
133712,4/17/2010,EFFECTIVE DATE(S) SAME AS PASSAGE
133712,4/17/2010,TRANSMITTED TO (H)
133712,4/17/2010,VERSION: CSSB 224(FIN)
133712,4/18/2010,READ THE FIRST TIME - REFERRALS
133712,4/18/2010,EDC
133712,4/18/2010,REFERRED TO EDUCATION
133713,1/19/2010,READ THE FIRST TIME - REFERRALS
133713,1/19/2010,RES FIN
133713,1/19/2010,FN1: ZERO(REV)
133713,1/19/2010,FN2: (UA)
133713,1/19/2010,FN3: INDETERMINATE(DNR)
133713,1/19/2010,GOVERNOR'S TRANSMITTAL LETTER
133713,1/19/2010,REFERRED TO RESOURCES
133714,1/19/2010,READ THE FIRST TIME - REFERRALS
133714,1/19/2010,FIN
133714,1/19/2010,FN1: (REV)
133714,1/19/2010,GOVERNOR'S TRANSMITTAL LETTER
133714,1/19/2010,REFERRED TO FINANCE
133715,1/19/2010,READ THE FIRST TIME - REFERRALS
133715,1/19/2010,L&C FIN
133715,2/12/2010,L&C RPT 4DP
133715,2/12/2010,DP: PASKVAN MEYER THOMAS BUNDE
133715,2/12/2010,FN1: ZERO(CED)
133715,2/12/2010,REFERRED TO FINANCE
133716,1/19/2010,READ THE FIRST TIME - REFERRALS
133716,1/19/2010,RES FIN
133716,1/22/2010,COSPONSOR(S): ELLIS
133716,3/23/2010,RES RPT CS 2DP 3NR 1AM NEW TITLE
133716,3/23/2010,DP: MCGUIRE WIELECHOWSKI
133716,3/23/2010,NR: HUGGINS STEVENS FRENCH
133716,3/23/2010,AM: STEDMAN
133716,3/23/2010,FN1: INDETERMINATE(REV)
133716,3/23/2010,REFERRED TO FINANCE
133717,1/19/2010,READ THE FIRST TIME - REFERRALS
133717,1/19/2010,FIN
133717,1/19/2010,GOVERNOR'S TRANSMITTAL LETTER
133717,1/19/2010,REFERRED TO FINANCE
133718,1/19/2010,READ THE FIRST TIME - REFERRALS
133718,1/19/2010,FIN
133718,1/19/2010,GOVERNOR'S TRANSMITTAL LETTER
133718,4/11/2010,FIN RPT CS 7DP SAME TITLE
133718,4/11/2010,DP: HOFFMAN STEDMAN HUGGINS THOMAS EGAN OLSON ELLIS
133718,4/11/2010,RULES TO CALENDAR 4/11/2010
133718,4/11/2010,READ THE SECOND TIME
133718,4/11/2010,FIN CS ADOPTED UNAN CONSENT
133718,4/11/2010,ADVANCED TO THIRD READING 4/12 CALENDAR
133718,4/12/2010,ADVANCED TO THIRD READING 4/13 CALENDAR
133718,4/13/2010,READ THE THIRD TIME CSSB 230(FIN)
133718,4/13/2010,RETURN TO SECOND FOR AM 2 UNAN CONSENT
133718,4/13/2010,AM NO 1 NOT OFFERED
133718,4/13/2010,AM NO 2 FAILED Y1 N19
133718,4/13/2010,AUTOMATICALLY IN THIRD READING
133718,4/13/2010,PASSED Y19 N1
133718,4/13/2010,EFFECTIVE DATE(S) SAME AS PASSAGE
133718,4/13/2010,ELLIS NOTICE OF RECONSIDERATION
133718,4/13/2010,RECON TAKEN UP SAME DAY UNAN CONSENT
133718,4/13/2010,PASSED ON RECONSIDERATION Y19 N1
133718,4/13/2010,EFFECTIVE DATE(S) SAME AS PASSAGE
133718,4/13/2010,TRANSMITTED TO (H)
133718,4/13/2010,VERSION: CSSB 230(FIN)
133718,4/13/2010,READ THE FIRST TIME - REFERRALS
133718,4/13/2010,FIN
133718,4/17/2010,RLS TO CALENDAR PENDING REPORT
133718,4/17/2010,IN FINANCE
133718,4/17/2010,MOVED TO BOTTOM OF CALENDAR
133718,4/17/2010,FIN RPT HCS(FIN) 9DP 1DNP 1NR
133718,4/17/2010,DP: THOMAS JOULE N.FOSTER KELLY SALMON FAIRCLOUGH AUSTERMAN STOLTZE
133718,4/17/2010,HAWKER
133718,4/17/2010,DNP: DOOGAN
133718,4/17/2010,NR: GARA
133718,4/17/2010,RULES TO CALENDAR 4/17/2010
133718,4/17/2010,READ THE SECOND TIME
133718,4/17/2010,FIN HCS ADOPTED UNAN CONSENT
133718,4/17/2010,ADVANCED TO THIRD READING 4/18 CALENDAR
133718,4/18/2010,MOVED TO BOTTOM OF CALENDAR
133718,4/18/2010,MOVED TO BOTTOM OF CALENDAR
133718,4/18/2010,MOVED TO BOTTOM OF CALENDAR
133718,4/18/2010,MOVED TO BOTTOM OF CALENDAR
133718,4/18/2010,READ THE THIRD TIME HCS CSSB 230(FIN)
133718,4/18/2010,RETURN TO SECOND FOR AM 1 AND ALL AMS UC
133718,4/18/2010,AM NO 1 ADOPTED UNAN CONSENT
133718,4/18/2010,AM NO 2 ADOPTED UNAN CONSENT
133718,4/18/2010,AM NO 3 ADOPTED UNAN CONSENT
133718,4/18/2010,AUTOMATICALLY IN THIRD READING
133718,4/18/2010,PASSED Y30 N10
133718,4/18/2010,EFFECTIVE DATE(S) SAME AS PASSAGE
133718,4/18/2010,ENGROSSMENT WAIVED RULE 43(B)
133718,4/18/2010,TRANSMITTED TO (S) AS AMENDED
133718,4/18/2010,VERSION: HCS CSSB 230(FIN) AM H
133718,4/18/2010,CONCUR MESSAGE READ AND TAKEN UP
133718,4/18/2010,CONCUR AM OF (H) Y17 N3
133718,4/18/2010,EFFECTIVE DATE(S) SAME AS PASSAGE
133718,7/9/2010,ENGROSSED AND RETURNED TO SENATE 4/22
133718,7/9/2010,10:31 AM 5/17/10 TRANSMITTED TO GOVERNOR
133718,7/9/2010,MANIFEST ERROR(S)
133718,7/9/2010,SIGNED INTO LAW 6/3 CHAPTER 43 SLA 10
133718,7/9/2010,PARTIAL VETO AND REDUCTIONS
133718,7/9/2010,EFFECTIVE DATE(S) OF LAW SEE CHAPTER
133718,10/1/2010,2ND MANIFEST ERROR(S) - FOR DETAIL SEE
133718,10/1/2010,COMMUNICATIONS 1ST DAY JOURNAL JAN. 2011
133719,1/19/2010,READ THE FIRST TIME - REFERRALS
133719,1/19/2010,FIN
133719,1/19/2010,GOVERNOR'S TRANSMITTAL LETTER
133719,1/19/2010,OMB SPREADSHEET ATTACHED
133719,1/19/2010,REFERRED TO FINANCE
133720,1/19/2010,READ THE FIRST TIME - REFERRALS
133720,1/19/2010,CRA FIN
133720,2/19/2010,CRA RPT 4DP
133720,2/19/2010,DP: THOMAS FRENCH MENARD KOOKESH
133720,2/19/2010,FN1: (CED)
133720,2/19/2010,REFERRED TO FINANCE
133721,1/22/2010,READ THE FIRST TIME - REFERRALS
133721,1/22/2010,STA RES
133721,1/22/2010,REFERRED TO STATE AFFAIRS
133722,1/22/2010,READ THE FIRST TIME - REFERRALS
133722,1/22/2010,L&C FIN
133722,2/26/2010,L&C RPT 4DP 1DNP
133722,2/26/2010,DP: PASKVAN DAVIS THOMAS MEYER
133722,2/26/2010,DNP: BUNDE
133722,2/26/2010,FN1: (DPS)
133722,4/11/2010,FIN RPT CS 4DP 3NR NEW TITLE
133722,4/11/2010,DP: HOFFMAN STEDMAN THOMAS EGAN
133722,4/11/2010,NR: HUGGINS OLSON ELLIS
133722,4/11/2010,FN1: (DPS)
133722,4/12/2010,RULES TO CALENDAR 4/12/2010
133722,4/12/2010,READ THE SECOND TIME
133722,4/12/2010,FIN CS ADOPTED UNAN CONSENT
133722,4/12/2010,ADVANCED TO THIRD READING UNAN CONSENT
133722,4/12/2010,READ THE THIRD TIME CSSB 234(FIN)
133722,4/12/2010,PASSED Y17 N2 A1
133722,4/12/2010,EFFECTIVE DATE(S) SAME AS PASSAGE
133722,4/12/2010,TRANSMITTED TO (H)
133722,4/12/2010,VERSION: CSSB 234(FIN)
133722,4/12/2010,READ THE FIRST TIME - REFERRALS
133722,4/12/2010,L&C FIN
133722,4/14/2010,L&C RPT HCS(L&C) NT 5DP 1NR
133722,4/14/2010,(HCS FORTHCOMING)
133722,4/14/2010,TITLE CHANGE: HCR 31
133722,4/14/2010,DP: LYNN BUCH HOLMES T.WILSON OLSON
133722,4/14/2010,NR: NEUMAN
133722,4/14/2010,FN1: (DPS)
133722,4/15/2010,HCS(L&C) NT RECEIVED
133722,4/15/2010,TITLE CHANGE: HCR 31
133722,4/16/2010,FIN RPT HCS(L&C) NT 10DP
133722,4/16/2010,TITLE CHANGE: HCR 31
133722,4/16/2010,DP: THOMAS FAIRCLOUGH JOULE SALMON GARA AUSTERMAN KELLY DOOGAN STOLTZE
133722,4/16/2010,HAWKER
133722,4/16/2010,FN2: (DPS)
133722,4/17/2010,RULES TO CALENDAR 4/17/2010
133722,4/17/2010,READ THE SECOND TIME
133722,4/17/2010,L&C HCS ADOPTED UNAN CONSENT
133722,4/17/2010,ADVANCED TO THIRD READING UNAN CONSENT
133722,4/17/2010,READ THE THIRD TIME HCS CSSB 234(L&C)
133722,4/17/2010,PASSED Y36 E2 A2
133722,4/17/2010,EFFECTIVE DATE(S) SAME AS PASSAGE
133722,4/17/2010,TRANSMITTED TO (S) AS AMENDED
133722,4/17/2010,VERSION: HCS CSSB 234(L&C)
133722,4/18/2010,CONCUR MESSAGE READ AND TAKEN UP
133722,4/18/2010,CONCUR AM OF (H) Y20 N-
133722,4/18/2010,EFFECTIVE DATE(S) SAME AS PASSAGE
133722,7/9/2010,2:50 PM 6/7/10 TRANSMITTED TO GOVERNOR
133722,7/9/2010,MANIFEST ERROR(S)
133722,7/9/2010,SIGNED INTO LAW 6/16 CHAPTER 84 SLA 10
133722,7/9/2010,EFFECTIVE DATE(S) OF LAW 6/17/10
133723,1/22/2010,READ THE FIRST TIME - REFERRALS
133723,1/22/2010,EDC FIN
133723,2/8/2010,EDC RPT 5DP 1NR
133723,2/8/2010,DP: THOMAS MEYER DAVIS STEVENS HUGGINS
133723,2/8/2010,NR: OLSON
133723,2/8/2010,FN1: (EED)
133723,4/7/2010,FIN RPT 5DP 1NR
133723,4/7/2010,DP: HOFFMAN STEDMAN HUGGINS THOMAS ELLIS
133723,4/7/2010,NR: OLSON
133723,4/7/2010,FN2: (EED)
133723,4/8/2010,RULES TO CALENDAR 4/8/2010
133723,4/8/2010,READ THE SECOND TIME
133723,4/8/2010,ADVANCED TO THIRD READING UNAN CONSENT
133723,4/8/2010,READ THE THIRD TIME SB 235
133723,4/8/2010,PASSED Y20 N-
133723,4/8/2010,TRANSMITTED TO (H)
133723,4/8/2010,VERSION: SB 235
133723,4/9/2010,READ THE FIRST TIME - REFERRALS
133723,4/9/2010,FIN
133723,4/15/2010,FIN RPT HCS(FIN) 11DP
133723,4/15/2010,DP: DOOGAN N.FOSTER FAIRCLOUGH GARA AUSTERMAN JOULE SALMON KELLY
133723,4/15/2010,THOMAS STOLTZE HAWKER
133723,4/15/2010,FN3: ZERO(H.FIN/EED)
133723,4/15/2010,RULES TO CALENDAR 4/15/2010
133723,4/15/2010,READ THE SECOND TIME
133723,4/15/2010,FIN HCS ADOPTED UNAN CONSENT
133723,4/15/2010,ADVANCED TO THIRD READING UNAN CONSENT
133723,4/15/2010,READ THE THIRD TIME HCS SB 235(FIN)
133723,4/15/2010,PASSED Y39 E1
133723,4/15/2010,TRANSMITTED TO (S) AS AMENDED
133723,4/15/2010,VERSION: HCS SB 235(FIN)
133723,4/16/2010,CONCUR MESSAGE READ AND TAKEN UP
133723,4/16/2010,CONCUR AM OF (H) Y18 N- E1 A1
133723,7/9/2010,2:55 PM 6/14/10 TRANSMITTED TO GOVERNOR
133723,7/9/2010,MANIFEST ERROR(S)
133723,7/9/2010,SIGNED INTO LAW 6/21 CHAPTER 91 SLA 10
133723,7/9/2010,EFFECTIVE DATE(S) OF LAW 9/19/10
133724,1/22/2010,READ THE FIRST TIME - REFERRALS
133724,1/22/2010,EDC FIN
133724,2/18/2010,EDC RPT CS 5DP NEW TITLE
133724,2/18/2010,DP: MEYER THOMAS DAVIS STEVENS HUGGINS
133724,2/18/2010,FN1: INDETERMINATE(REV)
133724,4/5/2010,FIN RPT CS(EDC) 3DP 2NR
133724,4/5/2010,DP: HUGGINS THOMAS EGAN
133724,4/5/2010,NR: STEDMAN OLSON
133724,4/5/2010,FN1: INDETERMINATE(REV)
133724,4/7/2010,RULES TO CALENDAR 4/7/2010
133724,4/7/2010,READ THE SECOND TIME
133724,4/7/2010,EDC CS ADOPTED UNAN CONSENT
133724,4/7/2010,ADVANCED TO THIRD READING UNAN CONSENT
133724,4/7/2010,READ THE THIRD TIME CSSB 236(EDC)
133724,4/7/2010,PASSED Y20 N-
133724,4/7/2010,EFFECTIVE DATE(S) SAME AS PASSAGE
133724,4/7/2010,TRANSMITTED TO (H)
133724,4/7/2010,VERSION: CSSB 236(EDC)
133724,4/9/2010,READ THE FIRST TIME - REFERRALS
133724,4/9/2010,FIN
133724,4/17/2010,FIN WAIVED PUBLIC HEARING NOTICERULE 23
133724,4/17/2010,FIN RPT HCS(FIN) 4DP 6NR
133724,4/17/2010,DP: FAIRCLOUGH N.FOSTER JOULE KELLY
133724,4/17/2010,NR: GARA AUSTERMAN DOOGAN SALMON STOLTZE HAWKER
133724,4/17/2010,FN1: INDETERMINATE(REV)
133724,4/18/2010,RULES TO CALENDAR 4/18/2010
133724,4/18/2010,READ THE SECOND TIME
133724,4/18/2010,FIN HCS ADOPTED UNAN CONSENT
133724,4/18/2010,ADVANCED TO THIRD READING UNAN CONSENT
133724,4/18/2010,READ THE THIRD TIME HCS CSSB 236(FIN)
133724,4/18/2010,BEFORE THE HOUSE IN THIRD READING
133724,4/18/2010,PASSED Y33 N2 A5
133724,4/18/2010,EFFECTIVE DATE(S) SAME AS PASSAGE
133724,4/18/2010,TRANSMITTED TO (S) AS AMENDED
133724,4/18/2010,VERSION: HCS CSSB 236(FIN)
133724,4/18/2010,CONCUR MESSAGE READ AND TAKEN UP
133724,4/18/2010,CONCUR AM OF (H) Y20 N-
133724,4/18/2010,EFFECTIVE DATE(S) SAME AS PASSAGE
133724,7/9/2010,2:55 PM 6/14/10 TRANSMITTED TO GOVERNOR
133724,7/9/2010,SIGNED INTO LAW 6/21 CHAPTER 92 SLA 10
133724,7/9/2010,EFFECTIVE DATE(S) OF LAW SEE CHAPTER
133725,1/22/2010,READ THE FIRST TIME - REFERRALS
133725,1/22/2010,EDC FIN
133725,2/1/2010,EDC RPT 3DP 1NR
133725,2/1/2010,DP: THOMAS MEYER DAVIS
133725,2/1/2010,NR: OLSON
133725,2/1/2010,FN1: (EED)
133725,4/1/2010,FIN RPT CS 6DP NEW TITLE
133725,4/1/2010,DP: HOFFMAN STEDMAN HUGGINS THOMAS EGAN ELLIS
133725,4/1/2010,FN2: (EED)
133725,4/1/2010,RULES TO CALENDAR 4/1/2010
133725,4/1/2010,READ THE SECOND TIME
133725,4/1/2010,FIN CS ADOPTED UNAN CONSENT
133725,4/1/2010,ADVANCED TO THIRD READING UNAN CONSENT
133725,4/1/2010,READ THE THIRD TIME CSSB 237(FIN)
133725,4/1/2010,PASSED Y19 N- E1
133725,4/1/2010,TRANSMITTED TO (H)
133725,4/1/2010,VERSION: CSSB 237(FIN)
133725,4/5/2010,READ THE FIRST TIME - REFERRALS
133725,4/5/2010,FIN
133725,4/17/2010,FIN RPT HCS(FIN) NT 6DP 5NR
133725,4/17/2010,TITLE CHANGE: HCR 34
133725,4/17/2010,DP: GARA JOULE N.FOSTER SALMON AUSTERMAN HAWKER
133725,4/17/2010,NR: THOMAS DOOGAN FAIRCLOUGH KELLY STOLTZE
133725,4/17/2010,FN3: (EED)
133725,4/17/2010,FN4: (EED)
133725,4/17/2010,RULES TO 1ST SUP CALENDAR 4/17/2010
133725,4/17/2010,READ THE SECOND TIME
133725,4/17/2010,FIN HCS ADOPTED UNAN CONSENT
133725,4/17/2010,ADVANCED TO THIRD READING 4/18 CALENDAR
133725,4/18/2010,MOVED TO BOTTOM OF CALENDAR
133725,4/18/2010,READ THE THIRD TIME HCS CSSB 237(FIN)
133725,4/18/2010,RETURN TO SECOND FOR AM 1 UNAN CONSENT
133725,4/18/2010,AM NO 1 ADOPTED UNAN CONSENT
133725,4/18/2010,AUTOMATICALLY IN THIRD READING
133725,4/18/2010,PASSED 34 N1 A5
133725,4/18/2010,EFFECTIVE DATE(S) SAME AS PASSAGE
133725,4/18/2010,TRANSMITTED TO (S) AS AMENDED
133725,4/18/2010,VERSION: HCS CSSB 237(FIN) AM H
133725,4/18/2010,CONCUR MESSAGE READ AND TAKEN UP
133725,4/18/2010,CONCUR AM OF (H) Y20 N-
133725,4/18/2010,EFFECTIVE DATE(S) SAME AS PASSAGE
133725,7/9/2010,2:55 PM 6/14/10 TRANSMITTED TO GOVERNOR
133725,7/9/2010,MANIFEST ERROR(S)
133725,7/9/2010,SIGNED INTO LAW 6/21 CHAPTER 93 SLA 10
133725,7/9/2010,EFFECTIVE DATE(S) OF LAW SEE CHAPTER
133726,1/22/2010,READ THE FIRST TIME - REFERRALS
133726,1/22/2010,HSS FIN
133726,2/3/2010,HSS RPT 5DP
133726,2/3/2010,DP: DAVIS ELLIS THOMAS DYSON PASKVAN
133726,2/3/2010,FN1: ZERO(DHS)
133726,3/22/2010,FIN RPT 2DP 3NR
133726,3/22/2010,DP: HOFFMAN EGAN
133726,3/22/2010,NR: STEDMAN HUGGINS OLSON
133726,3/22/2010,FN1: ZERO(DHS)
133726,3/23/2010,RULES TO CALENDAR 3/23/2010
133726,3/23/2010,READ THE SECOND TIME
133726,3/23/2010,ADVANCED TO THIRD READING UNAN CONSENT
133726,3/23/2010,READ THE THIRD TIME SB 238
133726,3/23/2010,PASSED Y19 N- E1
133726,3/23/2010,TRANSMITTED TO (H)
133726,3/23/2010,VERSION: SB 238
133726,3/24/2010,READ THE FIRST TIME - REFERRALS
133726,3/24/2010,HSS FIN
133726,4/5/2010,HSS RPT 3DP 3NR
133726,4/5/2010,DP: SEATON CISSNA HERRON
133726,4/5/2010,NR: T.WILSON LYNN KELLER
133726,4/5/2010,FN1: ZERO(DHS)
133726,4/5/2010,CROSS SPONSOR(S): GARA
133726,4/9/2010,CROSS SPONSOR(S): MUNOZ
133726,4/17/2010,FIN RPT 10DP 1NR
133726,4/17/2010,DP: THOMAS GARA DOOGAN JOULE N.FOSTER SALMON AUSTERMAN FAIRCLOUGH
133726,4/17/2010,STOLTZE HAWKER
133726,4/17/2010,NR: KELLY
133726,4/17/2010,FN1: ZERO(DHS)
133726,4/18/2010,RULES TO CALENDAR 4/18/2010
133726,4/18/2010,READ THE SECOND TIME
133726,4/18/2010,ADVANCED TO THIRD READING UNAN CONSENT
133726,4/18/2010,READ THE THIRD TIME SB 238
133726,4/18/2010,PASSED Y39 A1
133726,4/18/2010,RETURN TO (S) TRANSMIT TO GOV NEXT
133726,4/18/2010,VERSION: SB 238
133726,4/18/2010,CROSS SPONSOR(S): TUCK GRUENBERG
133726,7/9/2010,2:50 PM 6/7/10 TRANSMITTED TO GOVERNOR
133726,7/9/2010,SIGNED INTO LAW 6/15 CHAPTER 81 SLA 10
133726,7/9/2010,EFFECTIVE DATE(S) OF LAW 9/13/10
133727,1/25/2010,READ THE FIRST TIME - REFERRALS
133727,1/25/2010,JUD FIN
133727,3/23/2010,JUD RPT CS 2DP 1NR SAME TITLE
133727,3/23/2010,DP: FRENCH WIELECHOWSKI
133727,3/23/2010,NR: COGHILL
133727,3/23/2010,FN1: ZERO(LAW)
133727,3/23/2010,FN2: ZERO(ADM)
133727,4/2/2010,FIN RPT CS(JUD) 6DP 1NR
133727,4/2/2010,DP: HOFFMAN STEDMAN HUGGINS THOMAS EGAN ELLIS
133727,4/2/2010,NR: OLSON
133727,4/2/2010,FN1: ZERO(LAW)
133727,4/2/2010,FN2: ZERO(ADM)
133727,4/6/2010,RULES TO CALENDAR 4/6/2010
133727,4/6/2010,READ THE SECOND TIME
133727,4/6/2010,JUD CS ADOPTED UNAN CONSENT
133727,4/6/2010,ADVANCED TO THIRD READING UNAN CONSENT
133727,4/6/2010,READ THE THIRD TIME CSSB 239(JUD)
133727,4/6/2010,COSPONSOR(S): WIELECHOWSKI THOMAS FRENCH MCGUIRE MENARD ELLIS EGAN
133727,4/6/2010,PASSED Y18 N- E2
133727,4/6/2010,TRANSMITTED TO (H)
133727,4/6/2010,VERSION: CSSB 239(JUD)
133727,4/7/2010,READ THE FIRST TIME - REFERRALS
133727,4/7/2010,JUD
133727,4/12/2010,JUD RPT HCS(JUD) 3DP 3NR
133727,4/12/2010,DP: LYNN GRUENBERG HOLMES
133727,4/12/2010,NR: DAHLSTROM GATTO RAMRAS
133727,4/12/2010,FN1: ZERO(LAW)
133727,4/12/2010,FN2: ZERO(ADM)
133727,4/13/2010,RULES TO CALENDAR 4/13/2010
133727,4/13/2010,READ THE SECOND TIME
133727,4/13/2010,JUD HCS ADOPTED UNAN CONSENT
133727,4/13/2010,ADVANCED TO THIRD READING UNAN CONSENT
133727,4/13/2010,READ THE THIRD TIME HCS CSSB 239(JUD)
133727,4/13/2010,PASSED Y39 E1
133727,4/13/2010,CROSS SPONSOR(S): TUCK GARDNER JOHNSON GARA MILLETT
133727,4/13/2010,TRANSMITTED TO (S) AS AMENDED
133727,4/13/2010,VERSION: HCS CSSB 239(JUD)
133727,4/14/2010,CONCUR MESSAGE READ AND HELD
133727,4/15/2010,TAKEN UP
133727,4/15/2010,CONCUR AM OF (H) Y20 N-
133727,7/9/2010,2:50 PM 6/7/10 TRANSMITTED TO GOVERNOR
133727,7/9/2010,SIGNED INTO LAW 6/16 CHAPTER 85 SLA 10
133727,7/9/2010,EFFECTIVE DATE(S) OF LAW 9/14/10
133728,1/27/2010,READ THE FIRST TIME - REFERRALS
133728,1/27/2010,L&C FIN
133728,1/27/2010,REFERRED TO LABOR & COMMERCE
133729,1/27/2010,READ THE FIRST TIME - REFERRALS
133729,1/27/2010,JUD FIN
133729,1/27/2010,FN1: ZERO(DPS)
133729,1/27/2010,FN2: ZERO(ADM)
133729,1/27/2010,FN3: ZERO(COR)
133729,1/27/2010,FN4: ZERO(ADM)
133729,1/27/2010,FN5: (LAW)
133729,1/27/2010,GOVERNOR'S TRANSMITTAL LETTER
133729,1/27/2010,REFERRED TO JUDICIARY
133730,1/27/2010,READ THE FIRST TIME - REFERRALS
133730,1/27/2010,RES FIN
133730,3/22/2010,RES RPT CS 2DP 3NR SAME TITLE
133730,3/22/2010,DP: MCGUIRE WAGONER
133730,3/22/2010,NR: WIELECHOWSKI STEVENS FRENCH
133730,3/22/2010,FN1: (REV)
133730,3/22/2010,FN2: ZERO(DNR)
133730,3/22/2010,REFERRED TO FINANCE
133730,4/1/2010,COSPONSOR(S): ELLIS DYSON MENARD EGAN
133731,1/27/2010,READ THE FIRST TIME - REFERRALS
133731,1/27/2010,RES FIN
133731,3/22/2010,RES RPT CS 1DP 3NR NEW TITLE
133731,3/22/2010,DP: MCGUIRE
133731,3/22/2010,NR: WIELECHOWSKI STEVENS FRENCH
133731,3/22/2010,FN1: ZERO(DNR)
133731,3/22/2010,FN2: ZERO(REV)
133731,4/2/2010,FIN RPT CS 6DP 1NR NEW TITLE
133731,4/2/2010,DP: HOFFMAN STEDMAN HUGGINS THOMAS EGAN ELLIS
133731,4/2/2010,NR: OLSON
133731,4/2/2010,FN2: ZERO(REV)
133731,4/2/2010,FN3: ZERO(DNR)
133731,4/2/2010,FN4: ZERO(ADM)
133731,4/5/2010,RULES TO CALENDAR 4/5/2010
133731,4/5/2010,READ THE SECOND TIME
133731,4/5/2010,FIN CS ADOPTED UNAN CONSENT
133731,4/5/2010,AM NO 1 FAILED Y3 N17
133731,4/5/2010,ADVANCED TO THIRD READING UNAN CONSENT
133731,4/5/2010,READ THE THIRD TIME CSSB 243(FIN)
133731,4/5/2010,COSPONSOR(S): WIELECHOWSKI HOFFMAN EGAN MENARD MEYER HUGGINS PASKVAN
133731,4/5/2010,STEDMAN THOMAS DYSON KOOKESH WAGONER
133731,4/5/2010,PASSED Y20 N-
133731,4/5/2010,EFFECTIVE DATE(S) SAME AS PASSAGE
133731,4/5/2010,BUNDE NOTICE OF RECONSIDERATION
133731,4/5/2010,RECON TAKEN UP SAME DAY Y16 N3 A1
133731,4/5/2010,PASSED ON RECONSIDERATION Y17 N2 A1
133731,4/5/2010,EFFECTIVE DATE(S) SAME AS PASSAGE
133731,4/5/2010,TRANSMITTED TO (H)
133731,4/5/2010,VERSION: CSSB 243(FIN)
133731,4/6/2010,READ THE FIRST TIME - REFERRALS
133731,4/6/2010,RES L&C FIN
133731,4/11/2010,RES RPT HCS(RES) 5DP
133731,4/11/2010,DP: GUTTENBERG EDGMON OLSON JOHNSON NEUMAN
133731,4/11/2010,FN2: ZERO(REV)
133731,4/11/2010,FN3: ZERO(DNR)
133731,4/11/2010,FN4: ZERO(ADM)
133731,4/14/2010,L&C RPT HCS(RES) 5DP
133731,4/14/2010,DP: LYNN NEUMAN HOLMES T.WILSON OLSON
133731,4/14/2010,FN2: ZERO(REV)
133731,4/14/2010,FN3: ZERO(DNR)
133731,4/14/2010,FN4: ZERO(ADM)
133731,4/14/2010,CROSS SPONSOR(S): LYNN
133731,4/15/2010,FIN RPT HCS(RES) 8DP
133731,4/15/2010,DP: THOMAS FAIRCLOUGH DOOGAN N.FOSTER JOULE KELLY GARA HAWKER
133731,4/15/2010,FN2: ZERO(REV)
133731,4/15/2010,FN3: ZERO(DNR)
133731,4/15/2010,FN4: ZERO(ADM)
133731,4/15/2010,CROSS SPONSOR(S): FAIRCLOUGH THOMAS GARA HAWKER
133731,4/16/2010,RULES TO CALENDAR 4/16/2010
133731,4/16/2010,READ THE SECOND TIME
133731,4/16/2010,RES HCS ADOPTED UNAN CONSENT
133731,4/16/2010,ADVANCED TO THIRD READING UNAN CONSENT
133731,4/16/2010,READ THE THIRD TIME HCS CSSB 243(RES)
133731,4/16/2010,PASSED Y27 E1 A12
133731,4/16/2010,EFFECTIVE DATE(S) SAME AS PASSAGE
133731,4/16/2010,CROSS SPONSOR(S): JOHNSON PETERSEN KERTTULA GARDNER MILLETT CISSNA
133731,4/16/2010,TRANSMITTED TO (S) AS AMENDED
133731,4/16/2010,VERSION: HCS CSSB 243(RES)
133731,4/17/2010,CONCUR MESSAGE READ AND TAKEN UP
133731,4/17/2010,CONCUR AM OF (H) Y20 N-
133731,4/17/2010,EFFECTIVE DATE(S) SAME AS PASSAGE
133731,7/9/2010,2:15 PM 5/27/10 TRANSMITTED TO GOVERNOR
133731,7/9/2010,MANIFEST ERROR(S)
133731,7/9/2010,SIGNED INTO LAW 6/2 CHAPTER 38 SLA 10
133731,7/9/2010,EFFECTIVE DATE(S) OF LAW SEE CHAPTER
133732,1/29/2010,READ THE FIRST TIME - REFERRALS
133732,1/29/2010,STA JUD
133732,2/10/2010,COSPONSOR(S): FRENCH THOMAS
133732,2/12/2010,STA RPT 4DP
133732,2/12/2010,DP: MENARD PASKVAN MEYER FRENCH
133732,2/12/2010,FN1: ZERO(GOV)
133732,3/16/2010,JUD RPT 3DP 2NR
133732,3/16/2010,DP: FRENCH COGHILL EGAN
133732,3/16/2010,NR: WIELECHOWSKI MCGUIRE
133732,3/16/2010,FN1: ZERO(GOV)
133732,3/17/2010,RULES TO CALENDAR 3/17/2010
133732,3/17/2010,READ THE SECOND TIME
133732,3/17/2010,ADVANCED TO THIRD READING UNAN CONSENT
133732,3/17/2010,READ THE THIRD TIME SB 244
133732,3/17/2010,PASSED Y17 N2 E1
133732,3/17/2010,OLSON NOTICE OF RECONSIDERATION
133732,3/18/2010,RECONSIDERATION NOT TAKEN UP
133732,3/18/2010,TRANSMITTED TO (H)
133732,3/18/2010,VERSION: SB 244
133732,3/19/2010,READ THE FIRST TIME - REFERRALS
133732,3/19/2010,STA JUD
133732,3/19/2010,CROSS SPONSOR(S): KERTTULA
133732,4/9/2010,STA RPT HCS(STA) NT 5DP 1DNP 1NR
133732,4/9/2010,TITLE CHANGE: HCR 27
133732,4/9/2010,DP: SEATON GRUENBERG P.WILSON PETERSEN LYNN
133732,4/9/2010,DNP: GATTO
133732,4/9/2010,NR: JOHNSON
133732,4/9/2010,FN1: ZERO(GOV)
133732,4/14/2010,JUD RPT 2DP 2NR
133732,4/14/2010,DP: LYNN RAMRAS
133732,4/14/2010,NR: HERRON GATTO
133732,4/14/2010,FN1: ZERO(GOV)
133732,4/14/2010,REFERRED TO RULES
133733,1/29/2010,READ THE FIRST TIME - REFERRALS
133733,1/29/2010,RES FIN
133733,4/6/2010,RES RPT 5DP
133733,4/6/2010,DP: MCGUIRE WIELECHOWSKI WAGONER FRENCH STEVENS
133733,4/6/2010,FN1: (REV)
133733,4/6/2010,REFERRED TO FINANCE
133734,1/29/2010,READ THE FIRST TIME - REFERRALS
133734,1/29/2010,JUD FIN
133734,2/12/2010,JUD RPT 3DP
133734,2/12/2010,DP: FRENCH WIELECHOWSKI EGAN
133734,2/12/2010,FN1: (CRT)
133734,2/12/2010,FN2: ZERO(CRT)
133734,3/22/2010,FIN RPT 1DP 4NR
133734,3/22/2010,DP: EGAN
133734,3/22/2010,NR: HOFFMAN STEDMAN HUGGINS OLSON
133734,3/22/2010,FN1: (CRT)
133734,3/22/2010,FN2: ZERO(CRT)
133734,3/24/2010,RULES TO CALENDAR 3/24/2010
133734,3/24/2010,READ THE SECOND TIME
133734,3/24/2010,ADVANCED TO THIRD READING UNAN CONSENT
133734,3/24/2010,READ THE THIRD TIME SB 246
133734,3/24/2010,PASSED Y20 N-
133734,3/24/2010,EFFECTIVE DATE(S) SAME AS PASSAGE
133734,3/24/2010,TRANSMITTED TO (H)
133734,3/24/2010,VERSION: SB 246
133734,3/25/2010,READ THE FIRST TIME - REFERRALS
133734,3/25/2010,FIN
133734,3/25/2010,REFERRED TO FINANCE
133735,1/29/2010,READ THE FIRST TIME - REFERRALS
133735,1/29/2010,L&C FIN
133735,2/24/2010,L&C RPT CS 5DP SAME TITLE
133735,2/24/2010,DP: PASKVAN MEYER THOMAS DAVIS BUNDE
133735,2/24/2010,FN1: (CED)
133735,3/24/2010,FIN RPT CS(L&C) 7DP
133735,3/24/2010,DP: HOFFMAN STEDMAN HUGGINS THOMAS EGAN OLSON ELLIS
133735,3/24/2010,FN2: (CED)
133735,3/25/2010,RULES TO CALENDAR 3/25/2010
133735,3/25/2010,READ THE SECOND TIME
133735,3/25/2010,L&C CS ADOPTED UNAN CONSENT
133735,3/25/2010,ADVANCED TO THIRD READING UNAN CONSENT
133735,3/25/2010,READ THE THIRD TIME CSSB 247(L&C)
133735,3/25/2010,PASSED Y20 N-
133735,3/25/2010,EFFECTIVE DATE(S) SAME AS PASSAGE
133735,3/25/2010,TRANSMITTED TO (H)
133735,3/25/2010,VERSION: CSSB 247(L&C)
133735,3/26/2010,READ THE FIRST TIME - REFERRALS
133735,3/26/2010,L&C FIN
133735,4/9/2010,L&C RPT 6DP 1NR
133735,4/9/2010,DP: LYNN NEUMAN CHENAULT HOLMES T.WILSON OLSON
133735,4/9/2010,NR: BUCH
133735,4/9/2010,FN2: (CED)
133735,4/13/2010,FIN RPT 9DP
133735,4/13/2010,DP: THOMAS GARA DOOGAN JOULE AUSTERMAN N.FOSTER FAIRCLOUGH STOLTZE
133735,4/13/2010,HAWKER
133735,4/13/2010,FN2: (CED)
133735,4/14/2010,RULES TO CALENDAR 4/14/2010
133735,4/14/2010,READ THE SECOND TIME
133735,4/14/2010,ADVANCED TO THIRD READING UNAN CONSENT
133735,4/14/2010,READ THE THIRD TIME CSSB 247(L&C)
133735,4/14/2010,PASSED Y36 A4
133735,4/14/2010,EFFECTIVE DATE(S) SAME AS PASSAGE
133735,4/14/2010,RETURN TO (S) TRANSMIT TO GOV NEXT
133735,4/14/2010,VERSION: CSSB 247(L&C)
133735,7/9/2010,2:15 PM 5/27/10 TRANSMITTED TO GOVERNOR
133735,7/9/2010,SIGNED INTO LAW 6/1 CHAPTER 31 SLA 10
133735,7/9/2010,EFFECTIVE DATE(S) OF LAW 6/2/10
133736,1/29/2010,READ THE FIRST TIME - REFERRALS
133736,1/29/2010,L&C FIN
133736,2/24/2010,L&C RPT CS 5DP SAME TITLE
133736,2/24/2010,DP: PASKVAN MEYER THOMAS DAVIS BUNDE
133736,2/24/2010,FN1: (CED)
133736,3/24/2010,FIN RPT CS(L&C) 7DP
133736,3/24/2010,DP: HOFFMAN STEDMAN HUGGINS THOMAS EGAN OLSON ELLIS
133736,3/24/2010,FN2: (CED)
133736,3/25/2010,RULES TO CALENDAR 3/25/2010
133736,3/25/2010,READ THE SECOND TIME
133736,3/25/2010,L&C CS ADOPTED UNAN CONSENT
133736,3/25/2010,ADVANCED TO THIRD READING UNAN CONSENT
133736,3/25/2010,READ THE THIRD TIME CSSB 248(L&C)
133736,3/25/2010,PASSED Y20 N-
133736,3/25/2010,EFFECTIVE DATE(S) SAME AS PASSAGE
133736,3/25/2010,TRANSMITTED TO (H)
133736,3/25/2010,VERSION: CSSB 248(L&C)
133736,3/26/2010,READ THE FIRST TIME - REFERRALS
133736,3/26/2010,L&C FIN
133736,4/9/2010,L&C RPT 6DP 1NR
133736,4/9/2010,DP: LYNN CHENAULT NEUMAN HOLMES T.WILSON OLSON
133736,4/9/2010,NR: BUCH
133736,4/9/2010,FN2: (CED)
133736,4/13/2010,FIN RPT 9DP
133736,4/13/2010,DP: DOOGAN THOMAS JOULE GARA AUSTERMAN N.FOSTER FAIRCLOUGH STOLTZE
133736,4/13/2010,HAWKER
133736,4/13/2010,FN2: (CED)
133736,4/14/2010,RULES TO CALENDAR 4/14/2010
133736,4/14/2010,READ THE SECOND TIME
133736,4/14/2010,ADVANCED TO THIRD READING UNAN CONSENT
133736,4/14/2010,READ THE THIRD TIME CSSB 248(L&C)
133736,4/14/2010,PASSED Y38 A2
133736,4/14/2010,EFFECTIVE DATE(S) SAME AS PASSAGE
133736,4/14/2010,RETURN TO (S) TRANSMIT TO GOV NEXT
133736,4/14/2010,VERSION: CSSB 248(L&C)
133736,7/9/2010,2:15 PM 5/27/10 TRANSMITTED TO GOVERNOR
133736,7/9/2010,SIGNED INTO LAW 6/1 CHAPTER 32 SLA 10
133736,7/9/2010,EFFECTIVE DATE(S) OF LAW 6/2/10
133737,2/1/2010,READ THE FIRST TIME - REFERRALS
133737,2/1/2010,STA JUD
133737,3/23/2010,STA RPT 5DP
133737,3/23/2010,DP: MENARD FRENCH MEYER PASKVAN KOOKESH
133737,3/23/2010,FN1: ZERO(ADM)
133737,4/8/2010,JUD RPT CS 1DP 2NR SAME TITLE
133737,4/8/2010,DP: WIELECHOWSKI
133737,4/8/2010,NR: COGHILL MCGUIRE
133737,4/8/2010,FN1: ZERO(ADM)
133737,4/8/2010,REFERRED TO RULES
133738,2/1/2010,READ THE FIRST TIME - REFERRALS
133738,2/1/2010,HSS FIN
133738,4/6/2010,HSS REFERRAL WAIVED
133738,4/6/2010,REFERRED TO FINANCE
133739,2/1/2010,READ THE FIRST TIME - REFERRALS
133739,2/1/2010,HSS L&C FIN
133739,2/1/2010,REFERRED TO HEALTH & SOCIAL SERVICES
133740,2/3/2010,READ THE FIRST TIME - REFERRALS
133740,2/3/2010,JUD
133740,2/3/2010,FN1: ZERO(LAW)
133740,2/3/2010,FN2: ZERO(ADM)
133740,2/3/2010,FN3: ZERO(ADM)
133740,2/3/2010,FN4: ZERO(COR)
133740,2/3/2010,GOVERNOR'S TRANSMITTAL LETTER
133740,2/3/2010,REFERRED TO JUDICIARY
133741,2/3/2010,READ THE FIRST TIME - REFERRALS
133741,2/3/2010,FIN
133741,2/3/2010,GOVERNOR'S TRANSMITTAL LETTER
133741,2/3/2010,REFERRED TO FINANCE
133742,2/3/2010,READ THE FIRST TIME - REFERRALS
133742,2/3/2010,FIN
133742,2/3/2010,GOVERNOR'S TRANSMITTAL LETTER
133742,2/3/2010,REFERRED TO FINANCE
133743,2/3/2010,READ THE FIRST TIME - REFERRALS
133743,2/3/2010,RES FIN
133743,2/8/2010,COSPONSOR(S): EGAN
133743,4/1/2010,RES RPT 4DP 1NR
133743,4/1/2010,LETTER OF INTENT WITH RES REPORT
133743,4/1/2010,DP: WIELECHOWSKI HUGGINS FRENCH WAGONER
133743,4/1/2010,NR: STEVENS
133743,4/1/2010,FN1: ZERO(REV)
133743,4/1/2010,REFERRED TO FINANCE
133744,2/5/2010,READ THE FIRST TIME - REFERRALS
133744,2/5/2010,L&C FIN
133744,2/5/2010,REFERRED TO LABOR & COMMERCE
133745,2/5/2010,READ THE FIRST TIME - REFERRALS
133745,2/5/2010,JUD FIN
133745,2/8/2010,COSPONSOR(S): MENARD
133745,2/19/2010,COSPONSOR(S): ELLIS FRENCH DAVIS
133745,2/26/2010,JUD RPT 1DP 2NR
133745,2/26/2010,DP: FRENCH
133745,2/26/2010,NR: COGHILL WIELECHOWSKI
133745,2/26/2010,FN1: ZERO(CRT)
133745,2/26/2010,FN2: ZERO(DHS)
133745,2/26/2010,FN3: ZERO(LAW)
133745,2/26/2010,COSPONSOR(S): MCGUIRE
133745,3/22/2010,FIN RPT 3DP 2NR
133745,3/22/2010,DP: STEDMAN HUGGINS EGAN
133745,3/22/2010,NR: HOFFMAN OLSON
133745,3/22/2010,FN1: ZERO(CRT)
133745,3/22/2010,FN2: ZERO(DHS)
133745,3/22/2010,FN3: ZERO(LAW)
133745,3/24/2010,RULES TO CALENDAR 3/24/2010
133745,3/24/2010,READ THE SECOND TIME
133745,3/24/2010,ADVANCED TO THIRD READING UNAN CONSENT
133745,3/24/2010,READ THE THIRD TIME SB 257
133745,3/24/2010,COSPONSOR(S): PASKVAN WIELECHOWSKI THOMAS DYSON KOOKESH WAGONER MEYER
133745,3/24/2010,STEVENS
133745,3/24/2010,PASSED Y20 N-
133745,3/24/2010,TRANSMITTED TO (H)
133745,3/24/2010,VERSION: SB 257
133745,3/25/2010,READ THE FIRST TIME - REFERRALS
133745,3/25/2010,FIN
133745,3/25/2010,CROSS SPONSOR(S): MUNOZ TUCK KERTTULA
133745,4/9/2010,FIN RPT 8DP 1NR
133745,4/9/2010,DP: GARA DOOGAN THOMAS JOULE N.FOSTER SALMON STOLTZE HAWKER
133745,4/9/2010,NR: AUSTERMAN
133745,4/9/2010,FN1: ZERO(CRT)
133745,4/9/2010,FN2: ZERO(DHS)
133745,4/9/2010,FN3: ZERO(LAW)
133745,4/9/2010,CROSS SPONSOR(S): N.FOSTER JOULE THOMAS STOLTZE
133745,4/16/2010,RULES TO CALENDAR 4/16/2010
133745,4/16/2010,READ THE SECOND TIME
133745,4/16/2010,ADVANCED TO THIRD READING UNAN CONSENT
133745,4/16/2010,READ THE THIRD TIME SB 257
133745,4/16/2010,PASSED Y29 E1 A10
133745,4/16/2010,JOHANSEN NOTICE OF RECONSIDERATION
133745,4/16/2010,CROSS SPONSOR(S): HERRON KAWASAKI GARDNER
133745,4/17/2010,RECONSIDERATION NOT TAKEN UP
133745,4/17/2010,RETURN TO (S) TRANSMIT TO GOV NEXT
133745,4/17/2010,VERSION: SB 257
133745,7/9/2010,2:55 PM 6/14/10 TRANSMITTED TO GOVERNOR
133745,7/9/2010,SIGNED INTO LAW 6/28 CHAPTER 110 SLA 10
133745,7/9/2010,EFFECTIVE DATE(S) OF LAW 9/26/10
133746,2/5/2010,READ THE FIRST TIME - REFERRALS
133746,2/5/2010,HSS L&C
133746,2/17/2010,HSS RPT 3DP 1NR
133746,2/17/2010,DP: DAVIS ELLIS THOMAS
133746,2/17/2010,NR: PASKVAN
133746,2/17/2010,FN1: ZERO(CED)
133746,3/26/2010,L&C RPT CS 4DP NEW TITLE
133746,3/26/2010,DP: PASKVAN BUNDE THOMAS MEYER
133746,3/26/2010,FN1: ZERO(CED)
133746,3/30/2010,RULES TO CALENDAR 3/30/2010
133746,3/30/2010,READ THE SECOND TIME
133746,3/30/2010,L&C CS ADOPTED UNAN CONSENT
133746,3/30/2010,ADVANCED TO THIRD READING UNAN CONSENT
133746,3/30/2010,READ THE THIRD TIME CSSB 258(L&C)
133746,3/30/2010,PASSED Y20 N-
133746,3/30/2010,TRANSMITTED TO (H)
133746,3/30/2010,VERSION: CSSB 258(L&C)
133746,3/31/2010,READ THE FIRST TIME - REFERRALS
133746,3/31/2010,FIN
133746,4/16/2010,FIN RPT 10DP
133746,4/16/2010,DP: THOMAS DOOGAN JOULE FAIRCLOUGH KELLY SALMON AUSTERMAN GARA STOLTZE
133746,4/16/2010,HAWKER
133746,4/16/2010,FN1: ZERO(CED)
133746,4/16/2010,CROSS SPONSOR(S): GARA
133746,4/17/2010,RULES TO CALENDAR 4/17/2010
133746,4/17/2010,READ THE SECOND TIME
133746,4/17/2010,ADVANCED TO THIRD READING UNAN CONSENT
133746,4/17/2010,READ THE THIRD TIME CSSB 258(L&C)
133746,4/17/2010,PASSED Y36 E2 A2
133746,4/17/2010,KERTTULA NOTICE OF RECONSIDERATION
133746,4/17/2010,RECON TAKEN UP SAME DAY UC
133746,4/17/2010,PASSED ON RECONSIDERATION Y36 E2 A2
133746,4/17/2010,RETURN TO (S) TRANSMIT TO GOV NEXT
133746,4/17/2010,VERSION: CSSB 258(L&C)
133746,4/17/2010,CROSS SPONSOR(S): KERTTULA
133746,7/9/2010,2:50 PM 6/7/10 TRANSMITTED TO GOVERNOR
133746,7/9/2010,MANIFEST ERROR(S)
133746,7/9/2010,SIGNED INTO LAW 6/15 CHAPTER 75 SLA 10
133746,7/9/2010,EFFECTIVE DATE(S) OF LAW 9/13/10
133747,2/5/2010,READ THE FIRST TIME - REFERRALS
133747,2/5/2010,STA FIN
133747,3/18/2010,STA RPT CS 1DP 2NR SAME TITLE
133747,3/18/2010,DP: MENARD
133747,3/18/2010,NR: MEYER PASKVAN
133747,3/18/2010,FN1: ZERO(LEG)
133747,3/18/2010,REFERRED TO FINANCE
133748,2/5/2010,READ THE FIRST TIME - REFERRALS
133748,2/5/2010,STA JUD
133748,2/18/2010,STA RPT 3DP
133748,2/18/2010,DP: MENARD FRENCH MEYER
133748,2/18/2010,FN1: ZERO(CED)
133748,3/10/2010,JUD RPT CS 4DP SAME TITLE
133748,3/10/2010,DP: FRENCH COGHILL WIELECHOWSKI EGAN
133748,3/10/2010,FN1: ZERO(CED)
133748,3/10/2010,REFERRED TO RULES
133749,2/5/2010,READ THE FIRST TIME - REFERRALS
133749,2/5/2010,STA L&C
133749,2/18/2010,STA RPT 4DP
133749,2/18/2010,DP: MENARD FRENCH MEYER KOOKESH
133749,2/18/2010,FN1: ZERO(DPS)
133749,3/17/2010,L&C RPT CS 3DP 1DNP SAME TITLE
133749,3/17/2010,DP: PASKVAN MEYER DAVIS
133749,3/17/2010,DNP: BUNDE
133749,3/17/2010,FN1: ZERO(DPS)
133749,3/23/2010,RULES TO CALENDAR 3/23/2010
133749,3/23/2010,READ THE SECOND TIME
133749,3/23/2010,L&C CS ADOPTED UNAN CONSENT
133749,3/23/2010,ADVANCED TO THIRD READING UNAN CONSENT
133749,3/23/2010,READ THE THIRD TIME CSSB 261(L&C)
133749,3/23/2010,PASSED Y18 N1 E1
133749,3/23/2010,EFFECTIVE DATE(S) SAME AS PASSAGE
133749,3/23/2010,TRANSMITTED TO (H)
133749,3/23/2010,VERSION: CSSB 261(L&C)
133749,3/24/2010,READ THE FIRST TIME - REFERRALS
133749,3/24/2010,STA
133749,4/7/2010,STA RPT HCS(STA) 3DP 2NR 1AM
133749,4/7/2010,DP: P.WILSON PETERSEN SEATON
133749,4/7/2010,NR: GATTO GRUENBERG
133749,4/7/2010,AM: JOHNSON
133749,4/7/2010,FN2: ZERO(DPS)
133749,4/9/2010,CROSS SPONSOR(S): P.WILSON
133749,4/12/2010,RULES TO CALENDAR 4/12/2010
133749,4/12/2010,READ THE SECOND TIME
133749,4/12/2010,STA HCS ADOPTED UNAN CONSENT
133749,4/12/2010,ADVANCED TO THIRD READING UNAN CONSENT
133749,4/12/2010,READ THE THIRD TIME HCS CSSB 261(STA)
133749,4/12/2010,PASSED Y34 A6
133749,4/12/2010,EFFECTIVE DATE(S) SAME AS PASSAGE
133749,4/12/2010,CROSS SPONSOR(S): HERRON
133749,4/12/2010,TRANSMITTED TO (S) AS AMENDED
133749,4/12/2010,VERSION: HCS CSSB 261(STA)
133749,4/13/2010,CONCUR MESSAGE READ AND HELD
133749,4/14/2010,TAKEN UP
133749,4/14/2010,CONCUR AM OF (H) Y20 N-
133749,4/14/2010,EFFECTIVE DATE(S) SAME AS PASSAGE
133749,7/9/2010,2:50 PM 6/7/10 TRANSMITTED TO GOVERNOR
133749,7/9/2010,MANIFEST ERROR(S)
133749,7/9/2010,SIGNED INTO LAW 6/16 CHAPTER 87 SLA 10
133749,7/9/2010,EFFECTIVE DATE(S) OF LAW 6/17/10
133750,2/8/2010,READ THE FIRST TIME - REFERRALS
133750,2/8/2010,L&C FIN
133750,3/12/2010,L&C RPT 4DP
133750,3/12/2010,DP: PASKVAN MEYER BUNDE DAVIS
133750,3/12/2010,FN1: (CED)
133750,3/24/2010,FIN RPT 6DP
133750,3/24/2010,DP: HOFFMAN STEDMAN HUGGINS THOMAS EGAN ELLIS
133750,3/24/2010,FN1: (CED)
133750,3/25/2010,RULES TO CALENDAR 3/25/2010
133750,3/25/2010,READ THE SECOND TIME
133750,3/25/2010,ADVANCED TO THIRD READING UNAN CONSENT
133750,3/25/2010,READ THE THIRD TIME SB 262
133750,3/25/2010,PASSED Y20 N-
133750,3/25/2010,EFFECTIVE DATE(S) SAME AS PASSAGE
133750,3/25/2010,TRANSMITTED TO (H)
133750,3/25/2010,VERSION: SB 262
133750,3/26/2010,READ THE FIRST TIME - REFERRALS
133750,3/26/2010,L&C FIN
133750,4/9/2010,L&C RPT 5DP 1NR
133750,4/9/2010,DP: LYNN NEUMAN HOLMES T.WILSON OLSON
133750,4/9/2010,NR: BUCH
133750,4/9/2010,FN1: (CED)
133750,4/13/2010,FIN RPT 8DP
133750,4/13/2010,DP: THOMAS GARA DOOGAN AUSTERMAN KELLY SALMON FAIRCLOUGH HAWKER
133750,4/13/2010,FN1: (CED)
133750,4/14/2010,RULES TO CALENDAR 4/14/2010
133750,4/14/2010,READ THE SECOND TIME
133750,4/14/2010,ADVANCED TO THIRD READING UNAN CONSENT
133750,4/14/2010,READ THE THIRD TIME SB 262
133750,4/14/2010,PASSED Y37 A3
133750,4/14/2010,EFFECTIVE DATE(S) SAME AS PASSAGE
133750,4/14/2010,RETURN TO (S) TRANSMIT TO GOV NEXT
133750,4/14/2010,VERSION: SB 262
133750,7/9/2010,2:15 PM 5/27/10 TRANSMITTED TO GOVERNOR
133750,7/9/2010,SIGNED INTO LAW 6/1 CHAPTER 33 SLA 10
133750,7/9/2010,EFFECTIVE DATE(S) OF LAW 6/2/10
133751,2/8/2010,READ THE FIRST TIME - REFERRALS
133751,2/8/2010,L&C FIN
133751,3/12/2010,L&C RPT 5DP
133751,3/12/2010,DP: PASKVAN BUNDE DAVIS THOMAS MEYER
133751,3/12/2010,FN1: (CED)
133751,3/24/2010,FIN RPT 6DP
133751,3/24/2010,DP: HOFFMAN STEDMAN HUGGINS THOMAS EGAN ELLIS
133751,3/24/2010,FN1: (CED)
133751,3/25/2010,RULES TO CALENDAR 3/25/2010
133751,3/25/2010,READ THE SECOND TIME
133751,3/25/2010,ADVANCED TO THIRD READING UNAN CONSENT
133751,3/25/2010,READ THE THIRD TIME SB 263
133751,3/25/2010,PASSED Y20 N-
133751,3/25/2010,EFFECTIVE DATE(S) SAME AS PASSAGE
133751,3/25/2010,TRANSMITTED TO (H)
133751,3/25/2010,VERSION: SB 263
133751,3/26/2010,READ THE FIRST TIME - REFERRALS
133751,3/26/2010,L&C FIN
133751,4/9/2010,L&C RPT 5DP 1NR
133751,4/9/2010,DP: LYNN NEUMAN HOLMES T.WILSON OLSON
133751,4/9/2010,NR: BUCH
133751,4/9/2010,FN1: (CED)
133751,4/13/2010,FIN RPT 8DP
133751,4/13/2010,DP: THOMAS GARA DOOGAN AUSTERMAN KELLY FAIRCLOUGH SALMON HAWKER
133751,4/13/2010,FN1: (CED)
133751,4/14/2010,RULES TO CALENDAR 4/14/2010
133751,4/14/2010,READ THE SECOND TIME
133751,4/14/2010,ADVANCED TO THIRD READING UNAN CONSENT
133751,4/14/2010,READ THE THIRD TIME SB 263
133751,4/14/2010,PASSED Y38 A2
133751,4/14/2010,EFFECTIVE DATE(S) SAME AS PASSAGE
133751,4/14/2010,RETURN TO (S) TRANSMIT TO GOV NEXT
133751,4/14/2010,VERSION: SB 263
133751,7/9/2010,2:15 PM 5/27/10 TRANSMITTED TO GOVERNOR
133751,7/9/2010,SIGNED INTO LAW 6/1 CHAPTER 34 SLA 10
133751,7/9/2010,EFFECTIVE DATE(S) OF LAW 6/2/10
133752,2/8/2010,READ THE FIRST TIME - REFERRALS
133752,2/8/2010,L&C FIN
133752,3/17/2010,L&C RPT 4DP
133752,3/17/2010,DP: PASKVAN BUNDE DAVIS MEYER
133752,3/17/2010,FN1: (CED)
133752,4/2/2010,FIN RPT 5DP 2NR
133752,4/2/2010,DP: HOFFMAN STEDMAN HUGGINS THOMAS EGAN
133752,4/2/2010,NR: ELLIS OLSON
133752,4/2/2010,FN1: (CED)
133752,4/5/2010,RULES TO CALENDAR 4/5/2010
133752,4/5/2010,READ THE SECOND TIME
133752,4/5/2010,ADVANCED TO THIRD READING UNAN CONSENT
133752,4/5/2010,READ THE THIRD TIME SB 264
133752,4/5/2010,PASSED Y19 N- A1
133752,4/5/2010,EFFECTIVE DATE(S) SAME AS PASSAGE
133752,4/5/2010,TRANSMITTED TO (H)
133752,4/5/2010,VERSION: SB 264
133752,4/6/2010,READ THE FIRST TIME - REFERRALS
133752,4/6/2010,FIN
133752,4/6/2010,REFERRED TO FINANCE
133753,2/8/2010,READ THE FIRST TIME - REFERRALS
133753,2/8/2010,STA JUD
133753,2/17/2010,STA RPT 2DP 1NR
133753,2/17/2010,DP: MENARD MEYER
133753,2/17/2010,NR: FRENCH
133753,2/17/2010,FN1: ZERO(LAW)
133753,2/26/2010,JUD RPT CS 3DP 1NR SAME TITLE
133753,2/26/2010,DP: FRENCH COGHILL MCGUIRE
133753,2/26/2010,NR: WIELECHOWSKI
133753,2/26/2010,FN1: ZERO(LAW)
133753,3/10/2010,RULES TO CALENDAR 3/10/2010
133753,3/10/2010,READ THE SECOND TIME
133753,3/10/2010,JUD CS ADOPTED UNAN CONSENT
133753,3/10/2010,ADVANCED TO THIRD READING UNAN CONSENT
133753,3/10/2010,READ THE THIRD TIME CSSB 265(JUD)
133753,3/10/2010,PASSED Y20 N-
133753,3/10/2010,EFFECTIVE DATE(S) SAME AS PASSAGE
133753,3/10/2010,TRANSMITTED TO (H)
133753,3/10/2010,VERSION: CSSB 265(JUD)
133753,3/11/2010,READ THE FIRST TIME - REFERRALS
133753,3/11/2010,JUD
133753,3/25/2010,JUD RPT HCS(JUD) 5DP
133753,3/25/2010,DP: GRUENBERG LYNN HERRON HOLMES RAMRAS
133753,3/25/2010,FN1: ZERO(LAW)
133753,4/16/2010,RULES TO CALENDAR 4/16/2010
133753,4/16/2010,READ THE SECOND TIME
133753,4/16/2010,JUD HCS ADOPTED UNAN CONSENT
133753,4/16/2010,ADVANCED TO THIRD READING UNAN CONSENT
133753,4/16/2010,READ THE THIRD TIME HCS CSSB 265(JUD)
133753,4/16/2010,PASSED Y29 E1 A10
133753,4/16/2010,EFFECTIVE DATE(S) SAME AS PASSAGE
133753,4/16/2010,TRANSMITTED TO (S) AS AMENDED
133753,4/16/2010,VERSION: HCS CSSB 265(JUD)
133753,4/17/2010,CONCUR MESSAGE READ AND TAKEN UP
133753,4/17/2010,CONCUR AM OF (H) Y20 N-
133753,4/17/2010,EFFECTIVE DATE(S) SAME AS PASSAGE
133753,7/9/2010,2:50 PM 6/7/10 TRANSMITTED TO GOVERNOR
133753,7/9/2010,MANIFEST ERROR(S)
133753,7/9/2010,SIGNED INTO LAW 6/9 CHAPTER 58 SLA 10
133753,7/9/2010,EFFECTIVE DATE(S) OF LAW SEE CHAPTER
133753,7/9/2010,SECTIONAL ANALYSIS (S) JOURNAL SUP NO. 6
133754,2/10/2010,READ THE FIRST TIME - REFERRALS
133754,2/10/2010,STA FIN
133754,2/26/2010,STA RPT 4DP
133754,2/26/2010,DP: MENARD FRENCH MEYER KOOKESH
133754,2/26/2010,FN1: ZERO(ADM)
133754,2/26/2010,COSPONSOR(S): MENARD PASKVAN EGAN MEYER MCGUIRE FRENCH DYSON DAVIS
133754,3/1/2010,COSPONSOR(S): ELLIS
133754,3/8/2010,COSPONSOR(S): HOFFMAN
133754,3/15/2010,FIN RPT 4DP 3NR
133754,3/15/2010,DP: HOFFMAN THOMAS EGAN ELLIS
133754,3/15/2010,NR: STEDMAN HUGGINS OLSON
133754,3/15/2010,FN1: ZERO(ADM)
133754,3/18/2010,RULES TO CALENDAR 3/18/2010
133754,3/18/2010,READ THE SECOND TIME
133754,3/18/2010,ADVANCED TO THIRD READING UNAN CONSENT
133754,3/18/2010,READ THE THIRD TIME SB 266
133754,3/18/2010,COSPONSOR(S): WIELECHOWSKI WAGONER OLSON
133754,3/18/2010,PASSED Y19 N- E1
133754,3/18/2010,TRANSMITTED TO (H)
133754,3/18/2010,VERSION: SB 266
133754,3/19/2010,READ THE FIRST TIME - REFERRALS
133754,3/19/2010,FIN
133754,4/15/2010,FIN RPT 7DP 2NR
133754,4/15/2010,DP: THOMAS GARA DOOGAN N.FOSTER AUSTERMAN SALMON FAIRCLOUGH
133754,4/15/2010,NR: KELLY HAWKER
133754,4/15/2010,FN1: ZERO(ADM)
133754,4/15/2010,CROSS SPONSOR(S): FAIRCLOUGH
133754,4/16/2010,RULES TO CALENDAR 4/16/2010
133754,4/16/2010,READ THE SECOND TIME
133754,4/16/2010,AM NO 1 ADOPTED UNAN CONSENT
133754,4/16/2010,ADVANCED TO THIRD READING UNAN CONSENT
133754,4/16/2010,READ THE THIRD TIME SB 266 AM H
133754,4/16/2010,PASSED Y28 E1 A11
133754,4/16/2010,CROSS SPONSOR(S): DAHLSTROM KERTTULA MILLETT PETERSEN GARDNER
133754,4/16/2010,TRANSMITTED TO (S) AS AMENDED
133754,4/16/2010,VERSION: SB 266 AM H
133754,4/17/2010,CONCUR MESSAGE READ AND TAKEN UP
133754,4/17/2010,CONCUR AM OF (H) Y20 N-
133754,7/9/2010,2:55 PM 6/14/10 TRANSMITTED TO GOVERNOR
133754,7/9/2010,SIGNED INTO LAW 6/21 CHAPTER 99 SLA 10
133754,7/9/2010,EFFECTIVE DATE(S) OF LAW 9/19/10
133755,2/10/2010,READ THE FIRST TIME - REFERRALS
133755,2/10/2010,RES FIN
133755,2/10/2010,REFERRED TO RESOURCES
133756,2/10/2010,READ THE FIRST TIME - REFERRALS
133756,2/10/2010,RES FIN
133756,2/10/2010,REFERRED TO RESOURCES
133757,2/10/2010,READ THE FIRST TIME - REFERRALS
133757,2/10/2010,FIN
133757,2/10/2010,FN1: ZERO(CED)
133757,2/10/2010,FN2: (REV)
133757,2/10/2010,GOVERNOR'S TRANSMITTAL LETTER
133757,3/10/2010,FIN RPT CS 6DP NEW TITLE
133757,3/10/2010,DP: HOFFMAN STEDMAN HUGGINS THOMAS EGAN ELLIS
133757,3/10/2010,FN1: ZERO(CED)
133757,3/10/2010,FN2: (REV)
133757,3/17/2010,RULES TO CALENDAR 3/17/2010
133757,3/17/2010,READ THE SECOND TIME
133757,3/17/2010,FIN CS ADOPTED UNAN CONSENT
133757,3/17/2010,ADVANCED TO THIRD READING UNAN CONSENT
133757,3/17/2010,READ THE THIRD TIME CSSB 269(FIN)
133757,3/17/2010,PASSED Y19 N- E1
133757,3/17/2010,EFFECTIVE DATE(S) SAME AS PASSAGE
133757,3/17/2010,TRANSMITTED TO (H)
133757,3/17/2010,VERSION: CSSB 269(FIN)
133757,3/19/2010,READ THE FIRST TIME - REFERRALS
133757,3/19/2010,L&C FIN
133757,4/6/2010,L&C RPT 2DP 3NR
133757,4/6/2010,DP: HOLMES OLSON
133757,4/6/2010,NR: LYNN BUCH T.WILSON
133757,4/6/2010,FN1: ZERO(CED)
133757,4/6/2010,FN2: (REV)
133757,4/14/2010,FIN RPT 5DP 6NR
133757,4/14/2010,DP: GARA JOULE THOMAS STOLTZE HAWKER
133757,4/14/2010,NR: DOOGAN N.FOSTER FAIRCLOUGH AUSTERMAN KELLY SALMON
133757,4/14/2010,FN1: ZERO(CED)
133757,4/14/2010,FN2: (REV)
133757,4/15/2010,RULES TO CALENDAR 4/15/2010
133757,4/15/2010,READ THE SECOND TIME
133757,4/15/2010,ADVANCED TO THIRD READING UNAN CONSENT
133757,4/15/2010,READ THE THIRD TIME CSSB 269(FIN)
133757,4/15/2010,PASSED Y37 E1 A2
133757,4/15/2010,EFFECTIVE DATE(S) SAME AS PASSAGE
133757,4/15/2010,KERTTULA NOTICE OF RECONSIDERATION
133757,4/15/2010,RECON TAKEN UP SAME DAY UC
133757,4/15/2010,PASSED ON RECONSIDERATION Y32 E1 A7
133757,4/15/2010,EFFECTIVE DATE(S) SAME AS PASSAGE
133757,4/15/2010,RETURN TO (S) TRANSMIT TO GOV NEXT
133757,4/15/2010,VERSION: CSSB 269(FIN)
133757,7/9/2010,2:50 PM 6/7/10 TRANSMITTED TO GOVERNOR
133757,7/9/2010,SIGNED INTO LAW 6/11 CHAPTER 68 SLA 10
133757,7/9/2010,EFFECTIVE DATE(S) OF LAW 6/12/10
133758,2/10/2010,READ THE FIRST TIME - REFERRALS
133758,2/10/2010,FIN
133758,2/10/2010,FN1: ZERO(REV)
133758,2/10/2010,GOVERNOR'S TRANSMITTAL LETTER
133758,3/8/2010,FIN RPT 4DP 1NR
133758,3/8/2010,DP: STEDMAN THOMAS EGAN ELLIS
133758,3/8/2010,NR: OLSON
133758,3/8/2010,FN1: ZERO(REV)
133758,3/16/2010,RULES TO CALENDAR 3/16/2010
133758,3/16/2010,READ THE SECOND TIME
133758,3/16/2010,ADVANCED TO THIRD READING UNAN CONSENT
133758,3/16/2010,READ THE THIRD TIME SB 270
133758,3/16/2010,PASSED Y19 N- E1
133758,3/16/2010,EFFECTIVE DATE(S) SAME AS PASSAGE
133758,3/16/2010,TRANSMITTED TO (H)
133758,3/16/2010,VERSION: SB 270
133758,3/17/2010,READ THE FIRST TIME - REFERRALS
133758,3/17/2010,FIN
133758,4/7/2010,FIN RPT 7DP 1NR
133758,4/7/2010,DP: THOMAS GARA DOOGAN AUSTERMAN KELLY N.FOSTER SALMON
133758,4/7/2010,NR: STOLTZE
133758,4/7/2010,FN1: ZERO(REV)
133758,4/12/2010,RULES TO CALENDAR 4/12/2010
133758,4/12/2010,READ THE SECOND TIME
133758,4/12/2010,ADVANCED TO THIRD READING UNAN CONSENT
133758,4/12/2010,READ THE THIRD TIME SB 270
133758,4/12/2010,PASSED Y36 A4
133758,4/12/2010,EFFECTIVE DATE(S) SAME AS PASSAGE
133758,4/12/2010,RETURN TO (S) TRANSMIT TO GOV NEXT
133758,4/12/2010,VERSION: SB 270
133758,7/9/2010,2:15 PM 5/27/10 TRANSMITTED TO GOVERNOR
133758,7/9/2010,SIGNED INTO LAW 6/1 CHAPTER 35 SLA 10
133758,7/9/2010,EFFECTIVE DATE(S) OF LAW 6/20/10
133759,2/10/2010,READ THE FIRST TIME - REFERRALS
133759,2/10/2010,RES FIN
133759,2/10/2010,FN1: ZERO(DNR)
133759,2/10/2010,FN2: ZERO(ADM)
133759,2/10/2010,FN3: (REV)
133759,3/10/2010,FN3: INDETERMINATE(REV) CORRECTED
133759,2/10/2010,GOVERNOR'S TRANSMITTAL LETTER
133759,2/10/2010,REFERRED TO RESOURCES
133760,2/10/2010,READ THE FIRST TIME - REFERRALS
133760,2/10/2010,TRA L&C
133760,2/24/2010,TRA RPT 4DP
133760,2/24/2010,DP: MENARD MEYER PASKVAN DAVIS
133760,2/24/2010,FN1: ZERO(LAW)
133760,3/12/2010,L&C RPT 5DP
133760,3/12/2010,DP: PASKVAN MEYER THOMAS BUNDE DAVIS
133760,3/12/2010,FN1: ZERO(LAW)
133760,3/15/2010,RULES TO CALENDAR 3/15/2010
133760,3/15/2010,READ THE SECOND TIME
133760,3/15/2010,ADVANCED TO THIRD READING UNAN CONSENT
133760,3/15/2010,READ THE THIRD TIME SB 272
133760,3/15/2010,PASSED Y19 N- E1
133760,3/15/2010,TRANSMITTED TO (H)
133760,3/15/2010,VERSION: SB 272
133760,3/17/2010,READ THE FIRST TIME - REFERRALS
133760,3/17/2010,TRA L&C
133760,3/24/2010,TRA RPT 2DP 1NR 1AM
133760,3/24/2010,DP: T.WILSON PETERSEN
133760,3/24/2010,NR: MUNOZ
133760,3/24/2010,AM: GRUENBERG
133760,3/24/2010,FN1: ZERO(LAW)
133760,4/6/2010,L&C RPT 3DP 2NR
133760,4/6/2010,DP: LYNN T.WILSON OLSON
133760,4/6/2010,NR: BUCH HOLMES
133760,4/6/2010,FN1: ZERO(LAW)
133760,4/15/2010,RULES TO CALENDAR 4/15/2010
133760,4/15/2010,READ THE SECOND TIME
133760,4/15/2010,ADVANCED TO THIRD READING UNAN CONSENT
133760,4/15/2010,READ THE THIRD TIME SB 272
133760,4/15/2010,PASSED Y37 E1 A2
133760,4/15/2010,RETURN TO (S) TRANSMIT TO GOV NEXT
133760,4/15/2010,VERSION: SB 272
133760,4/15/2010,CROSS SPONSOR(S): GARDNER
133760,7/9/2010,2:15 PM 5/27/10 TRANSMITTED TO GOVERNOR
133760,7/9/2010,MANIFEST ERROR(S)
133760,7/9/2010,SIGNED INTO LAW 6/7 CHAPTER 50 SLA 10
133760,7/9/2010,EFFECTIVE DATE(S) OF LAW 9/5/10
133761,2/10/2010,READ THE FIRST TIME - REFERRALS
133761,2/10/2010,RES
133761,2/10/2010,REFERRED TO RESOURCES
133762,2/10/2010,READ THE FIRST TIME - REFERRALS
133762,2/10/2010,RES
133762,3/10/2010,RES RPT CS 5DP NEW TITLE
133762,3/10/2010,DP: MCGUIRE WIELECHOWSKI HUGGINS STEVENS FRENCH
133762,3/10/2010,FN1: ZERO(S.RES)
133762,3/12/2010,RULES TO CALENDAR 3/12/2010
133762,3/12/2010,READ THE SECOND TIME
133762,3/12/2010,RES CS ADOPTED UNAN CONSENT
133762,3/12/2010,ADVANCED TO THIRD READING UNAN CONSENT
133762,3/12/2010,READ THE THIRD TIME CSSB 274(RES)
133762,3/12/2010,PASSED Y20 N-
133762,3/12/2010,TRANSMITTED TO (H)
133762,3/12/2010,VERSION: CSSB 274(RES)
133762,3/15/2010,READ THE FIRST TIME - REFERRALS
133762,3/15/2010,FSH RES
133762,3/23/2010,FSH RPT 4DP
133762,3/23/2010,DP: BUCH KELLER MUNOZ EDGMON
133762,3/23/2010,FN1: ZERO(S.RES)
133762,3/23/2010,CROSS SPONSOR(S): KELLER
133762,3/29/2010,RES REFERRAL WAIVED
133762,3/31/2010,RULES TO CALENDAR 3/31/2010
133762,3/31/2010,READ THE SECOND TIME
133762,3/31/2010,ADVANCED TO THIRD READING UNAN CONSENT
133762,3/31/2010,READ THE THIRD TIME CSSB 274(RES)
133762,3/31/2010,PASSED Y37 E3
133762,3/31/2010,RETURN TO (S) TRANSMIT TO GOV NEXT
133762,3/31/2010,VERSION: CSSB 274(RES)
133762,4/5/2010,12:53 PM 4/5/10 TRANSMITTED TO GOVERNOR
133762,7/9/2010,SIGNED INTO LAW 4/21 CHAPTER 6 SLA 10
133762,7/9/2010,EFFECTIVE DATE(S) OF LAW 7/20/10
133763,2/10/2010,READ THE FIRST TIME - REFERRALS
133763,2/10/2010,RES FIN
133763,2/10/2010,REFERRED TO RESOURCES
133764,2/12/2010,READ THE FIRST TIME - REFERRALS
133764,2/12/2010,HSS FIN
133764,2/12/2010,REFERRED TO HEALTH & SOCIAL SERVICES
133765,2/12/2010,READ THE FIRST TIME - REFERRALS
133765,2/12/2010,RES JUD
133765,3/2/2010,RES RPT CS 1DP 3NR NEW TITLE
133765,3/2/2010,DP: MCGUIRE
133765,3/2/2010,NR: WIELECHOWSKI STEVENS FRENCH
133765,3/2/2010,FN1: ZERO(CED)
133765,3/25/2010,JUD RPT CS(RES) 1DP 3NR
133765,3/25/2010,DP: MCGUIRE
133765,3/25/2010,NR: FRENCH WIELECHOWSKI EGAN
133765,3/25/2010,FN1: ZERO(CED)
133765,3/26/2010,RULES TO CALENDAR 3/26/2010
133765,3/26/2010,READ THE SECOND TIME
133765,3/26/2010,RES CS ADOPTED UNAN CONSENT
133765,3/26/2010,ADVANCED TO THIRD READING 3/29 CALENDAR
133765,3/29/2010,READ THE THIRD TIME CSSB 277(RES)
133765,3/29/2010,HELD IN THIRD READING TO 4/2 CALENDAR
133765,4/2/2010,BEFORE THE SENATE IN THIRD READING
133765,4/2/2010,RETURN TO SECOND FOR AM 1 UNAN CONSENT
133765,4/2/2010,AM NO 1 ADOPTED UNAN CONSENT
133765,4/2/2010,AUTOMATICALLY IN THIRD READING
133765,4/2/2010,PASSED Y18 N1 E1
133765,4/2/2010,TRANSMITTED TO (H)
133765,4/2/2010,VERSION: CSSB 277(RES) AM
133765,4/5/2010,READ THE FIRST TIME - REFERRALS
133765,4/5/2010,ENE RES L&C
133765,4/9/2010,ENE REFERRAL WAIVED
133765,4/10/2010,RES REFERRAL WAIVED
133765,4/16/2010,L&C RPT HCS(L&C) 6DP
133765,4/16/2010,DP: LYNN BUCH NEUMAN HOLMES T.WILSON OLSON
133765,4/16/2010,FN1: ZERO(CED)
133765,4/16/2010,RULES TO CALENDAR 4/16/2010
133765,4/16/2010,READ THE SECOND TIME
133765,4/16/2010,L&C HCS ADOPTED UNAN CONSENT
133765,4/16/2010,ADVANCED TO THIRD READING UNAN CONSENT
133765,4/16/2010,READ THE THIRD TIME HCS CSSB 277(L&C)
133765,4/16/2010,PASSED Y28 E1 A11
133765,4/16/2010,TRANSMITTED TO (S) AS AMENDED
133765,4/16/2010,VERSION: HCS CSSB 277(L&C)
133765,4/17/2010,CONCUR MESSAGE READ AND TAKEN UP
133765,4/17/2010,CONCUR AM OF (H) Y18 N1 A1
133765,7/9/2010,2:15 PM 5/27/10 TRANSMITTED TO GOVERNOR
133765,7/9/2010,MANIFEST ERROR(S)
133765,7/9/2010,SIGNED INTO LAW 6/2 CHAPTER 37 SLA 10
133765,7/9/2010,EFFECTIVE DATE(S) OF LAW 8/31/10
133766,2/12/2010,READ THE FIRST TIME - REFERRALS
133766,2/12/2010,STA L&C
133766,3/12/2010,STA RPT CS 2DP 2AM NEW TITLE
133766,3/12/2010,DP: MENARD FRENCH
133766,3/12/2010,AM: PASKVAN KOOKESH
133766,3/12/2010,FN1: ZERO(ADM)
133766,3/12/2010,REFERRED TO LABOR & COMMERCE
133767,2/15/2010,READ THE FIRST TIME - REFERRALS
133767,2/15/2010,L&C FIN
133767,3/4/2010,L&C RPT 3DP
133767,3/4/2010,DP: PASKVAN MEYER DAVIS
133767,3/4/2010,FN1: (CED)
133767,3/29/2010,FIN RPT CS 4DP SAME TITLE
133767,3/29/2010,DP: HOFFMAN STEDMAN THOMAS EGAN
133767,3/29/2010,FN1: (CED)
133767,4/2/2010,RULES TO CALENDAR 4/2/2010
133767,4/2/2010,READ THE SECOND TIME
133767,4/2/2010,FIN CS ADOPTED UNAN CONSENT
133767,4/2/2010,ADVANCED TO THIRD READING UNAN CONSENT
133767,4/2/2010,READ THE THIRD TIME CSSB 279(FIN)
133767,4/2/2010,PASSED Y18 N- E1 A1
133767,4/2/2010,EFFECTIVE DATE(S) SAME AS PASSAGE
133767,4/2/2010,TRANSMITTED TO (H)
133767,4/2/2010,VERSION: CSSB 279(FIN)
133767,4/5/2010,READ THE FIRST TIME - REFERRALS
133767,4/5/2010,L&C FIN
133767,4/10/2010,L&C RPT HCS(L&C) 2DP 3NR 1AM
133767,4/10/2010,DP: LYNN OLSON
133767,4/10/2010,NR: T.WILSON HOLMES CHENAULT
133767,4/10/2010,AM: BUCH
133767,4/10/2010,FN1: (CED)
133767,4/15/2010,CROSS SPONSOR(S): FAIRCLOUGH
133767,4/16/2010,FIN RPT HCS(FIN) 9DP 1NR
133767,4/16/2010,DP: THOMAS GARA DOOGAN JOULE N.FOSTER FAIRCLOUGH SALMON STOLTZE HAWKER
133767,4/16/2010,NR: AUSTERMAN
133767,4/16/2010,FN1: (CED)
133767,4/16/2010,RULES TO CALENDAR 4/16/2010
133767,4/16/2010,READ THE SECOND TIME
133767,4/16/2010,FIN HCS ADOPTED UNAN CONSENT
133767,4/16/2010,ADVANCED TO THIRD READING UNAN CONSENT
133767,4/16/2010,READ THE THIRD TIME HCS CSSB 279(FIN)
133767,4/16/2010,PASSED Y27 E1 A12
133767,4/16/2010,EFFECTIVE DATE(S) SAME AS PASSAGE
133767,4/16/2010,CROSS SPONSOR(S): KERTTULA
133767,4/16/2010,TRANSMITTED TO (S) AS AMENDED
133767,4/16/2010,VERSION: HCS CSSB 279(FIN)
133767,4/17/2010,CONCUR MESSAGE READ AND TAKEN UP
133767,4/17/2010,CONCUR AM OF (H) Y19 N- A1
133767,4/17/2010,EFFECTIVE DATE(S) SAME AS PASSAGE
133767,7/9/2010,2:50 PM 6/7/10 TRANSMITTED TO GOVERNOR
133767,7/9/2010,SIGNED INTO LAW 6/9 CHAPTER 61 SLA 10
133767,7/9/2010,EFFECTIVE DATE(S) OF LAW SEE CHAPTER
133768,2/15/2010,READ THE FIRST TIME - REFERRALS
133768,2/15/2010,TRA FIN
133768,2/26/2010,TRA RPT 5DP
133768,2/26/2010,DP: KOOKESH DAVIS MEYER PASKVAN MENARD
133768,2/26/2010,FN1: ZERO(DOT)
133768,2/26/2010,REFERRED TO FINANCE
133769,2/15/2010,READ THE FIRST TIME - REFERRALS
133769,2/15/2010,EDC FIN
133769,2/15/2010,REFERRED TO EDUCATION
133770,2/17/2010,READ THE FIRST TIME - REFERRALS
133770,2/17/2010,STA FIN
133770,3/23/2010,STA RPT 4DP 1NR
133770,3/23/2010,DP: MENARD FRENCH KOOKESH PASKVAN
133770,3/23/2010,NR: MEYER
133770,3/23/2010,FN1: ZERO(REV)
133770,3/23/2010,REFERRED TO FINANCE
133771,2/18/2010,READ THE FIRST TIME - REFERRALS
133771,2/18/2010,EDC FIN
133771,3/12/2010,EDC RPT 4DP 2NR
133771,3/12/2010,DP: MEYER THOMAS DAVIS STEVENS
133771,3/12/2010,NR: OLSON HUGGINS
133771,3/12/2010,FN1: ZERO(EED)
133771,3/12/2010,REFERRED TO FINANCE
133772,2/19/2010,READ THE FIRST TIME - REFERRALS
133772,2/19/2010,STA JUD
133772,3/2/2010,STA RPT 5DP
133772,3/2/2010,DP: MENARD FRENCH MEYER PASKVAN KOOKESH
133772,3/2/2010,FN1: ZERO(GOV)
133772,3/2/2010,FN2: (ADM)
133772,3/2/2010,FIN REFERRAL ADDED AFTER JUD
133772,3/18/2010,JUD RPT CS 3DP 1AM NEW TITLE
133772,3/18/2010,DP: FRENCH WIELECHOWSKI MCGUIRE
133772,3/18/2010,AM: COGHILL
133772,3/18/2010,FN1: ZERO(GOV)
133772,3/18/2010,FN2: (ADM)
133772,3/29/2010,FIN RPT CS 4DP 1NR NEW TITLE
133772,3/29/2010,DP: HOFFMAN STEDMAN THOMAS EGAN
133772,3/29/2010,NR: HUGGINS
133772,3/29/2010,FN1: ZERO(GOV)
133772,3/29/2010,FN2: (ADM)
133772,4/1/2010,RULES TO CALENDAR 4/1/2010
133772,4/1/2010,READ THE SECOND TIME
133772,4/1/2010,FIN CS ADOPTED UNAN CONSENT
133772,4/1/2010,ADVANCED TO THIRD READING UNAN CONSENT
133772,4/1/2010,READ THE THIRD TIME CSSB 284(FIN)
133772,4/1/2010,PASSED Y19 N- E1
133772,4/1/2010,EFFECTIVE DATE(S) SAME AS PASSAGE
133772,4/1/2010,TRANSMITTED TO (H)
133772,4/1/2010,VERSION: CSSB 284(FIN)
133772,4/5/2010,READ THE FIRST TIME - REFERRALS
133772,4/5/2010,JUD FIN
133772,4/12/2010,JUD RPT HCS(JUD) 2DP 4NR (HCS FORTHCOMING)
133772,4/12/2010,DP: LYNN HOLMES
133772,4/12/2010,NR: HERRON DAHLSTROM GATTO RAMRAS
133772,4/12/2010,FN1: ZERO(GOV)
133772,4/12/2010,FN2: (ADM)
133772,4/13/2010,HCS(JUD) RECEIVED
133772,4/17/2010,FIN RPT HCS(FIN) 2DP 5NR 4AM
133772,4/17/2010,DP: THOMAS FAIRCLOUGH
133772,4/17/2010,NR: AUSTERMAN SALMON KELLY STOLTZE HAWKER
133772,4/17/2010,AM: GARA DOOGAN JOULE N.FOSTER
133772,4/17/2010,FN1: ZERO(GOV)
133772,4/17/2010,FN2: (ADM)
133772,4/18/2010,RULES TO CALENDAR 4/18/2010
133772,4/18/2010,MOVED TO BOTTOM OF CALENDAR
133772,4/18/2010,MOVED TO BOTTOM OF CALENDAR
133772,4/18/2010,MOVED TO BOTTOM OF CALENDAR
133772,4/18/2010,MOVED TO BOTTOM OF CALENDAR
133772,4/18/2010,MOVED TO BOTTOM OF CALENDAR
133772,4/18/2010,READ THE SECOND TIME
133772,4/18/2010,FIN HCS ADOPTED UNAN CONSENT
133772,4/18/2010,AM NO 1 ADOPTED Y23 N17
133772,4/18/2010,ADVANCED TO THIRD READING UNAN CONSENT
133772,4/18/2010,READ THE THIRD TIME HCS CSSB 284(FIN) AM H
133772,4/18/2010,PASSED Y40
133772,4/18/2010,EFFECTIVE DATE(S) SAME AS PASSAGE
133772,4/18/2010,ENGROSSMENT WAIVED RULE 43(B)
133772,4/18/2010,TRANSMITTED TO (S) AS AMENDED
133772,4/18/2010,VERSION: HCS CSSB 284(FIN) AM H
133772,4/18/2010,CONCUR MESSAGE READ AND TAKEN UP
133772,4/18/2010,CONCUR AM OF (H) Y20 N-
133772,4/18/2010,EFFECTIVE DATE(S) SAME AS PASSAGE
133772,7/9/2010,ENGROSSED AND RETURNED TO SENATE 4/22
133772,7/9/2010,3:04 PM 5/27/10 TRANSMITTED TO GOVERNOR
133772,7/9/2010,MANIFEST ERROR(S)
133772,7/9/2010,SIGNED INTO LAW 6/1 CHAPTER 36 SLA 10
133772,7/9/2010,EFFECTIVE DATE(S) OF LAW 6/2/10
133773,2/19/2010,READ THE FIRST TIME - REFERRALS
133773,2/19/2010,STA JUD
133773,2/19/2010,REFERRED TO STATE AFFAIRS
133774,2/22/2010,READ THE FIRST TIME - REFERRALS
133774,2/22/2010,L&C FIN
133774,2/22/2010,REFERRED TO LABOR & COMMERCE
133775,2/22/2010,READ THE FIRST TIME - REFERRALS
133775,2/22/2010,RES FIN
133775,3/23/2010,RES RPT CS 2DP 1NR 2AM NEW TITLE
133775,3/23/2010,DP: MCGUIRE HUGGINS
133775,3/23/2010,NR: WAGONER
133775,3/23/2010,AM: WIELECHOWSKI FRENCH
133775,3/23/2010,FN1: (CED)
133775,3/23/2010,FN2: ZERO(REV)
133775,3/23/2010,REFERRED TO FINANCE
133776,2/22/2010,READ THE FIRST TIME - REFERRALS
133776,2/22/2010,STA JUD
133776,2/22/2010,REFERRED TO STATE AFFAIRS
133777,2/22/2010,READ THE FIRST TIME - REFERRALS
133777,2/22/2010,L&C JUD
133777,2/22/2010,REFERRED TO LABOR & COMMERCE
133778,2/22/2010,READ THE FIRST TIME - REFERRALS
133778,2/22/2010,RES FIN
133778,2/22/2010,REFERRED TO RESOURCES
133779,2/22/2010,READ THE FIRST TIME - REFERRALS
133779,2/22/2010,RES FIN
133779,2/22/2010,REFERRED TO RESOURCES
133780,2/24/2010,READ THE FIRST TIME - REFERRALS
133780,2/24/2010,L&C JUD
133780,3/22/2010,L&C RPT CS 3DP NEW TITLE
133780,3/22/2010,DP: PASKVAN DAVIS BUNDE
133780,3/22/2010,FN1: (CED)
133780,3/22/2010,FIN REFERRAL ADDED AFTER JUD
133780,4/1/2010,COSPONSOR(S): MCGUIRE MENARD
133780,4/6/2010,JUD RPT CS 2DP 1NR NEW TITLE
133780,4/6/2010,DP: FRENCH WIELECHOWSKI
133780,4/6/2010,NR: COGHILL
133780,4/6/2010,FN1: (CED)
133780,4/10/2010,FIN RPT CS(JUD) 4DP 2NR
133780,4/10/2010,DP: HOFFMAN STEDMAN THOMAS EGAN
133780,4/10/2010,NR: OLSON ELLIS
133780,4/10/2010,FN1: (CED)
133780,4/14/2010,RULES TO CALENDAR 4/14/2010
133780,4/14/2010,READ THE SECOND TIME
133780,4/14/2010,JUD CS ADOPTED UNAN CONSENT
133780,4/14/2010,ADVANCED TO THIRD READING UNAN CONSENT
133780,4/14/2010,READ THE THIRD TIME CSSB 292(JUD)
133780,4/14/2010,COSPONSOR(S): DYSON
133780,4/14/2010,PASSED Y20 N-
133780,4/14/2010,EFFECTIVE DATE(S) SAME AS PASSAGE
133780,4/14/2010,TRANSMITTED TO (H)
133780,4/14/2010,VERSION: CSSB 292(JUD)
133780,4/14/2010,READ THE FIRST TIME - REFERRALS
133780,4/14/2010,FIN
133780,4/16/2010,FIN RPT HCS(FIN) 5DP 5NR
133780,4/16/2010,DP: THOMAS GARA FAIRCLOUGH SALMON JOULE
133780,4/16/2010,NR: DOOGAN AUSTERMAN KELLY STOLTZE HAWKER
133780,4/16/2010,FN1: (CED)
133780,4/17/2010,RULES TO 1ST SUP CALENDAR 4/17/2010
133780,4/17/2010,READ THE SECOND TIME
133780,4/17/2010,FIN HCS ADOPTED UNAN CONSENT
133780,4/17/2010,ADVANCED TO THIRD READING 4/18 CALENDAR
133780,4/18/2010,MOVED TO BOTTOM OF CALENDAR
133780,4/18/2010,MOVED TO BOTTOM OF CALENDAR
133780,4/18/2010,MOVED TO BOTTOM OF CALENDAR
133780,4/18/2010,READ THE THIRD TIME HCS CSSB 292(FIN)
133780,4/18/2010,RETURN TO SECOND FOR AM 1 UNAN CONSENT
133780,4/18/2010,AM NO 1 ADOPTED UNAN CONSENT
133780,4/18/2010,AUTOMATICALLY IN THIRD READING
133780,4/18/2010,PASSED Y39 A1
133780,4/18/2010,EFFECTIVE DATE(S) SAME AS PASSAGE
133780,4/18/2010,TRANSMITTED TO (S) AS AMENDED
133780,4/18/2010,VERSION: HCS CSSB 292(FIN) AM H
133780,4/18/2010,CONCUR MESSAGE READ AND TAKEN UP
133780,4/18/2010,CONCUR AM OF (H) Y19 N1
133780,4/18/2010,EFFECTIVE DATE(S) SAME AS PASSAGE
133780,7/9/2010,1:28 PM 6/1/10 TRANSMITTED TO GOVERNOR
133780,7/9/2010,MANIFEST ERROR(S)
133780,7/9/2010,SIGNED INTO LAW 6/4 CHAPTER 49 SLA 10
133780,7/9/2010,EFFECTIVE DATE(S) OF LAW SEE CHAPTER
133781,2/24/2010,READ THE FIRST TIME - REFERRALS
133781,2/24/2010,RES FIN
133781,2/24/2010,REFERRED TO RESOURCES
133782,2/24/2010,READ THE FIRST TIME - REFERRALS
133782,2/24/2010,RES FIN
133782,3/26/2010,RES RPT 3DP 2NR
133782,3/26/2010,DP: MCGUIRE STEVENS WAGONER
133782,3/26/2010,NR: HUGGINS FRENCH
133782,3/26/2010,FN1: (DFG)
133782,4/10/2010,FIN RPT CS 4DP 3NR NEW TITLE
133782,4/10/2010,DP: STEDMAN THOMAS EGAN ELLIS
133782,4/10/2010,NR: HOFFMAN HUGGINS OLSON
133782,4/10/2010,FN1: (DFG)
133782,4/15/2010,RULES TO CALENDAR 4/15/2010
133782,4/15/2010,READ THE SECOND TIME
133782,4/15/2010,FIN CS ADOPTED UNAN CONSENT
133782,4/15/2010,ADVANCED TO THIRD READING UNAN CONSENT
133782,4/15/2010,READ THE THIRD TIME CSSB 294(FIN)
133782,4/15/2010,COSPONSOR(S): MENARD
133782,4/15/2010,PASSED Y20 N-
133782,4/15/2010,EFFECTIVE DATE(S) SAME AS PASSAGE
133782,4/15/2010,TRANSMITTED TO (H)
133782,4/15/2010,VERSION: CSSB 294(FIN)
133782,4/15/2010,READ THE FIRST TIME - REFERRALS
133782,4/15/2010,FIN
133782,4/17/2010,FIN RPT HCS(FIN) 9NR 2AM
133782,4/17/2010,NR: DOOGAN GARA JOULE KELLY AUSTERMAN SALMON N.FOSTER STOLTZE HAWKER
133782,4/17/2010,AM: THOMAS FAIRCLOUGH
133782,4/17/2010,FN2: (DFG)
133782,4/17/2010,RULES TO CALENDAR 4/17/2010
133782,4/17/2010,READ THE SECOND TIME
133782,4/17/2010,FIN HCS ADOPTED UNAN CONSENT
133782,4/17/2010,ADVANCED TO THIRD READING UNAN CONSENT
133782,4/17/2010,READ THE THIRD TIME HCS CSSB 294(FIN)
133782,4/17/2010,PASSED Y35 N2 E2 A1
133782,4/17/2010,EFFECTIVE DATE(S) SAME AS PASSAGE
133782,4/17/2010,TRANSMITTED TO (S) AS AMENDED
133782,4/17/2010,VERSION: HCS CSSB 294(FIN)
133782,4/18/2010,CONCUR MESSAGE READ AND TAKEN UP
133782,4/18/2010,CONCUR AM OF (H) Y20 N-
133782,4/18/2010,EFFECTIVE DATE(S) SAME AS PASSAGE
133782,7/9/2010,3:04 PM 5/27/10 TRANSMITTED TO GOVERNOR
133782,7/9/2010,SIGNED INTO LAW 6/4 CHAPTER 48 SLA 10
133782,7/9/2010,EFFECTIVE DATE(S) OF LAW 6/5/10
133783,2/24/2010,READ THE FIRST TIME - REFERRALS
133783,2/24/2010,HSS FIN
133783,3/23/2010,HSS RPT 3DP 1NR
133783,3/23/2010,DP: DAVIS THOMAS PASKVAN
133783,3/23/2010,NR: DYSON
133783,3/23/2010,FN1: (DHS)
133783,3/23/2010,REFERRED TO FINANCE
133784,2/24/2010,READ THE FIRST TIME - REFERRALS
133784,2/24/2010,L&C FIN
133784,2/24/2010,REFERRED TO LABOR & COMMERCE
133785,2/24/2010,READ THE FIRST TIME - REFERRALS
133785,2/24/2010,JUD FIN
133785,3/30/2010,JUD RPT CS 3DP 2NR NEW TITLE
133785,3/30/2010,DP: COGHILL EGAN MCGUIRE
133785,3/30/2010,NR: FRENCH WIELECHOWSKI
133785,3/30/2010,FN1: INDETERMINATE(LAW)
133785,3/30/2010,REFERRED TO FINANCE
133786,2/24/2010,READ THE FIRST TIME - REFERRALS
133786,2/24/2010,L&C FIN
133786,2/24/2010,REFERRED TO LABOR & COMMERCE
133787,2/26/2010,READ THE FIRST TIME - REFERRALS
133787,2/26/2010,TRA FIN
133787,2/26/2010,REFERRED TO TRANSPORTATION
133788,2/26/2010,READ THE FIRST TIME - REFERRALS
133788,2/26/2010,L&C FIN
133788,2/26/2010,FN1: ZERO(CED)
133788,2/26/2010,FN2: ZERO(REV)
133788,2/26/2010,FN3: ZERO(DOT)
133788,2/26/2010,GOVERNOR'S TRANSMITTAL LETTER
133788,3/22/2010,L&C RPT 2DP 1NR
133788,3/22/2010,DP: PASKVAN DAVIS
133788,3/22/2010,NR: BUNDE
133788,3/22/2010,FN1: ZERO(CED)
133788,3/22/2010,FN2: ZERO(REV)
133788,3/22/2010,FN3: ZERO(DOT)
133788,4/10/2010,FIN RPT CS 7DP NEW TITLE
133788,4/10/2010,DP: HOFFMAN STEDMAN HUGGINS THOMAS EGAN OLSON ELLIS
133788,4/10/2010,FN1: ZERO(CED)
133788,4/10/2010,FN2: ZERO(REV)
133788,4/10/2010,FN3: ZERO(DOT)
133788,4/12/2010,RULES TO CALENDAR 4/12/2010
133788,4/12/2010,READ THE SECOND TIME
133788,4/12/2010,FIN CS ADOPTED UNAN CONSENT
133788,4/12/2010,ADVANCED TO THIRD READING UNAN CONSENT
133788,4/12/2010,READ THE THIRD TIME CSSB 300(FIN)
133788,4/12/2010,PASSED Y20 N-
133788,4/12/2010,TRANSMITTED TO (H)
133788,4/12/2010,VERSION: CSSB 300(FIN)
133788,4/12/2010,READ THE FIRST TIME - REFERRALS
133788,4/12/2010,FIN
133788,4/13/2010,FIN RPT 8DP
133788,4/13/2010,DP: THOMAS GARA DOOGAN JOULE AUSTERMAN N.FOSTER FAIRCLOUGH STOLTZE
133788,4/13/2010,FN1: ZERO(CED)
133788,4/13/2010,FN2: ZERO(REV)
133788,4/13/2010,FN3: ZERO(DOT)
133788,4/14/2010,RULES TO CALENDAR 4/14/2010
133788,4/14/2010,READ THE SECOND TIME
133788,4/14/2010,ADVANCED TO THIRD READING UNAN CONSENT
133788,4/14/2010,READ THE THIRD TIME CSSB 300(FIN)
133788,4/14/2010,PASSED Y40
133788,4/14/2010,RETURN TO (S) TRANSMIT TO GOV NEXT
133788,4/14/2010,VERSION: CSSB 300(FIN)
133788,7/9/2010,2:50 PM 6/7/10 TRANSMITTED TO GOVERNOR
133788,7/9/2010,MANIFEST ERROR(S)
133788,7/9/2010,SIGNED INTO LAW 6/11 CHAPTER 69 SLA 10
133788,7/9/2010,EFFECTIVE DATE(S) OF LAW 9/9/10
133789,2/26/2010,READ THE FIRST TIME - REFERRALS
133789,2/26/2010,RES FIN
133789,2/26/2010,FN1: ZERO(DOT)
133789,2/26/2010,FN2: ZERO(REV)
133789,2/26/2010,FN3: ZERO(CED)
133789,2/26/2010,FN4: (CED)
133789,3/8/2010,FN3: ZERO(CED) CORRECTED
133789,3/8/2010,FN4: INDETERMINATE(CED) CORRECTED
133789,2/26/2010,GOVERNOR'S TRANSMITTAL LETTER
133789,3/22/2010,RES RPT 2DP 5NR
133789,3/22/2010,DP: MCGUIRE WIELECHOWSKI
133789,3/22/2010,NR: HUGGINS STEVENS STEDMAN WAGONER FRENCH
133789,3/22/2010,FN1: ZERO(DOT)
133789,3/22/2010,FN2: ZERO(REV)
133789,3/22/2010,FN3: ZERO(CED)
133789,3/22/2010,FN4: INDETERMINATE (CED)
133789,4/7/2010,FIN RPT 3DP 3NR
133789,4/7/2010,DP: HOFFMAN HUGGINS THOMAS
133789,4/7/2010,NR: STEDMAN OLSON ELLIS
133789,4/7/2010,FN1: ZERO(DOT)
133789,4/7/2010,FN2: ZERO(REV)
133789,4/7/2010,FN3: ZERO(CED)
133789,4/7/2010,FN4: INDETERMINATE (CED)
133789,4/8/2010,RULES TO CALENDAR 4/8/2010
133789,4/8/2010,READ THE SECOND TIME
133789,4/8/2010,ADVANCED TO THIRD READING UNAN CONSENT
133789,4/8/2010,READ THE THIRD TIME SB 301
133789,4/8/2010,PASSED Y20 N-
133789,4/8/2010,EFFECTIVE DATE(S) SAME AS PASSAGE
133789,4/8/2010,TRANSMITTED TO (H)
133789,4/8/2010,VERSION: SB 301
133789,4/9/2010,READ THE FIRST TIME - REFERRALS
133789,4/9/2010,RES FIN
133789,4/12/2010,RES RPT 5DP 3NR
133789,4/12/2010,DP: EDGMON P.WILSON SEATON NEUMAN JOHNSON
133789,4/12/2010,NR: OLSON GUTTENBERG KAWASAKI
133789,4/12/2010,FN1: ZERO(DOT)
133789,4/12/2010,FN2: ZERO(REV)
133789,4/12/2010,FN3: ZERO(CED)
133789,4/12/2010,FN4: INDETERMINATE(CED)
133789,4/13/2010,FIN RPT HCS(FIN) NT 6DP 4NR
133789,4/13/2010,TITLE CHANGE: HCR 30
133789,4/13/2010,DP: THOMAS KELLY GARA SALMON STOLTZE HAWKER
133789,4/13/2010,NR: N.FOSTER DOOGAN AUSTERMAN FAIRCLOUGH
133789,4/13/2010,FN1: ZERO(DOT)
133789,4/13/2010,FN2: ZERO(REV)
133789,4/13/2010,FN3: ZERO(CED)
133789,4/13/2010,FN4: INDETERMINATE(CED)
133789,4/14/2010,RLS RPT HCS(RLS) NT 6DP
133789,4/14/2010,TITLE CHANGE: HCR 30
133789,4/14/2010,DP: MILLETT KERTTULA OLSON GARDNER NEUMAN DAHLSTROM
133789,4/14/2010,FN1: ZERO(DOT)
133789,4/14/2010,FN2: ZERO(REV)
133789,4/14/2010,FN3: ZERO(CED)
133789,4/14/2010,FN4: INDETERMINATE(CED)
133789,4/15/2010,RULES TO CALENDAR 4/15/2010
133789,4/15/2010,READ THE SECOND TIME
133789,4/15/2010,RLS HCS ADOPTED UNAN CONSENT
133789,4/15/2010,ADVANCED TO THIRD READING UNAN CONSENT
133789,4/15/2010,READ THE THIRD TIME HCS SB 301(RLS)
133789,4/15/2010,PASSED Y37 A3
133789,4/15/2010,EFFECTIVE DATE(S) SAME AS PASSAGE
133789,4/15/2010,TRANSMITTED TO (S) AS AMENDED
133789,4/15/2010,VERSION: HCS SB 301(RLS)
133789,4/16/2010,CONCUR MESSAGE READ AND HELD
133789,4/17/2010,TAKEN UP
133789,4/17/2010,CONCUR AM OF (H) Y19 N- A1
133789,4/17/2010,EFFECTIVE DATE(S) SAME AS PASSAGE
133789,7/9/2010,2:50 PM 6/7/10 TRANSMITTED TO GOVERNOR
133789,7/9/2010,MANIFEST ERROR(S)
133789,7/9/2010,SIGNED INTO LAW 6/11 CHAPTER 70 SLA 10
133789,7/9/2010,EFFECTIVE DATE(S) OF LAW 6/12/10
133790,2/26/2010,READ THE FIRST TIME - REFERRALS
133790,2/26/2010,L&C FIN
133790,2/26/2010,FN1: (CED)
133790,3/8/2010,FN1: (CED) CORRECTED
133790,2/26/2010,GOVERNOR'S TRANSMITTAL LETTER
133790,3/10/2010,L&C RPT 4DP 1NR
133790,3/10/2010,DP: PASKVAN MEYER THOMAS DAVIS
133790,3/10/2010,NR: BUNDE
133790,3/10/2010,FN1: (CED)
133790,3/10/2010,REFERRED TO FINANCE
133791,3/8/2010,READ THE FIRST TIME - REFERRALS
133791,3/8/2010,L&C JUD
133791,4/2/2010,L&C RPT 3DP 1NR
133791,4/2/2010,DP: PASKVAN DAVIS THOMAS
133791,4/2/2010,NR: MEYER
133791,4/2/2010,FN1: ZERO(LWF)
133791,4/7/2010,JUD RPT CS 2DP 1NR NEW TITLE
133791,4/7/2010,DP: FRENCH WIELECHOWSKI
133791,4/7/2010,NR: COGHILL
133791,4/7/2010,FN1: ZERO(LWF)
133791,4/9/2010,RULES TO CALENDAR 4/9/2010
133791,4/9/2010,READ THE SECOND TIME
133791,4/9/2010,JUD CS ADOPTED UNAN CONSENT
133791,4/9/2010,ADVANCED TO THIRD READING 4/10 CALENDAR
133791,4/10/2010,RETURNED TO RLS COMMITTEE
133791,4/10/2010,RULES WAIVED PUBLIC HEARING NOTICE RULE 23
133791,4/12/2010,RLS RPT 2D CS 1DP 3NR NEW TITLE
133791,4/12/2010,DP: ELLIS
133791,4/12/2010,NR: HUGGINS STEDMAN STEVENS
133791,4/12/2010,FN1: ZERO(LWF)
133791,4/12/2010,RULES TO CALENDAR 4/12/2010
133791,4/12/2010,READ THE THIRD TIME CSSB 303(JUD)
133791,4/12/2010,RET 2ND/RESCIND ACTION ADOPTING JUD CS UNAN CONSENT
133791,4/12/2010,RESCIND ACTION ADOPTING JUD CS UNAN CONSENT
133791,4/12/2010,WITHDRAW MOTION TO ADOPT JUD CS UNAN CONSENT
133791,4/12/2010,RLS 2D CS ADOPTED UNAN CONSENT
133791,4/12/2010,AUTOMATICALLY IN THIRD READING 2D CSSB 303(RLS)
133791,4/12/2010,PASSED Y19 N1
133791,4/12/2010,EFFECTIVE DATE(S) SAME AS PASSAGE
133791,4/12/2010,BUNDE NOTICE OF RECONSIDERATION
133791,4/13/2010,RECONSIDERATION NOT TAKEN UP
133791,4/13/2010,TRANSMITTED TO (H)
133791,4/13/2010,VERSION: 2D CSSB 303(RLS)
133791,4/13/2010,READ THE FIRST TIME - REFERRALS
133791,4/13/2010,L&C
133791,4/15/2010,L&C REFERRAL WAIVED
133791,4/15/2010,JUD REFERRAL ADDED
133791,4/15/2010,REFERRED TO JUDICIARY
133792,3/8/2010,READ THE FIRST TIME - REFERRALS
133792,3/8/2010,L&C JUD
133792,3/8/2010,REFERRED TO LABOR & COMMERCE
133793,3/8/2010,READ THE FIRST TIME - REFERRALS
133793,3/8/2010,FIN
133793,3/31/2010,FIN RPT CS 6DP 1AM NEW TITLE
133793,3/31/2010,DP: HOFFMAN STEDMAN THOMAS EGAN OLSON ELLIS
133793,3/31/2010,AM: HUGGINS
133793,3/31/2010,FN1: ZERO(S.FIN/REV)
133793,4/1/2010,RULES TO CALENDAR 4/1/2010
133793,4/1/2010,READ THE SECOND TIME
133793,4/1/2010,FIN CS ADOPTED UNAN CONSENT
133793,4/1/2010,AM NO 1 ADOPTED UNAN CONSENT
133793,4/1/2010,...CHANGES TITLE OF LEGISLATION
133793,4/1/2010,ADVANCED TO THIRD READING UNAN CONSENT
133793,4/1/2010,READ THE THIRD TIME CSSB 305(FIN)(TITLE AM)
133793,4/1/2010,PASSED Y16 N3 E1
133793,4/1/2010,EFFECTIVE DATE(S) SAME AS PASSAGE
133793,4/1/2010,BUNDE NOTICE OF RECONSIDERATION
133793,4/1/2010,RECON TAKEN UP SAME DAY Y17 N1 E1 A1
133793,4/1/2010,PASSED ON RECONSIDERATION Y15 N3 E1 A1
133793,4/1/2010,EFFECTIVE DATE(S) SAME AS PASSAGE
133793,4/1/2010,TRANSMITTED TO (H)
133793,4/1/2010,VERSION: CSSB 305(FIN)(TITLE AM)
133793,4/5/2010,READ THE FIRST TIME - REFERRALS
133793,4/5/2010,RES FIN
133793,4/13/2010,RES RPT HCS(RES) NT 2DP 5NR 2AM
133793,4/13/2010,TITLE CHANGE: HCR 29
133793,4/13/2010,DP: OLSON NEUMAN
133793,4/13/2010,NR: GUTTENBERG EDGMON TUCK P.WILSON JOHNSON
133793,4/13/2010,AM: KAWASAKI SEATON
133793,4/13/2010,FN1: ZERO(S.FIN/REV)
133793,4/16/2010,FIN RPT HCS(FIN) NT 1DP 10NR
133793,4/16/2010,TITLE CHANGE: HCR 29
133793,4/16/2010,DP: GARA
133793,4/16/2010,NR: THOMAS DOOGAN N.FOSTER AUSTERMAN KELLY FAIRCLOUGH JOULE SALMON
133793,4/16/2010,STOLTZE HAWKER
133793,4/16/2010,FN2: (REV)
133793,4/17/2010,RULES TO CALENDAR 4/17/2010
133793,4/17/2010,READ THE SECOND TIME
133793,4/17/2010,FIN HCS ADOPTED UNAN CONSENT
133793,4/17/2010,ADVANCED TO THIRD READING 4/18 CALENDAR
133793,4/18/2010,READ THE THIRD TIME HCS CSSB 305(FIN)
133793,4/18/2010,FAILED PASSAGE Y19 N21
133793,4/18/2010,RESCIND ACTION FAILING PASSAGE Y26 N14
133793,4/18/2010,PASSED Y23 N17
133793,4/18/2010,EFFECTIVE DATE(S) ADOPTED Y40
133793,4/18/2010,TRANSMITTED TO (S) AS AMENDED
133793,4/18/2010,VERSION: HCS CSSB 305(FIN)
133793,4/18/2010,CONCUR MESSAGE READ AND TAKEN UP
133793,4/18/2010,CONCUR AM OF (H) Y18 N2
133793,4/18/2010,EFFECTIVE DATE(S) SAME AS PASSAGE
133793,7/9/2010,4:21 PM 4/21/10 TRANSMITTED TO GOVERNOR
133793,7/9/2010,VETOED BY GOVERNOR 4/29/10
133794,3/8/2010,READ THE FIRST TIME - REFERRALS
133794,3/8/2010,FIN
133794,3/8/2010,REFERRED TO FINANCE
133795,3/10/2010,READ THE FIRST TIME - REFERRALS
133795,3/10/2010,HSS JUD
133795,3/16/2010,HSS RPT 5DP
133795,3/16/2010,DP: DAVIS ELLIS THOMAS PASKVAN DYSON
133795,3/16/2010,FN1: ZERO(DHS)
133795,3/17/2010,JUD REFERRAL WAIVED
133795,3/23/2010,RULES TO CALENDAR 3/23/2010
133795,3/23/2010,READ THE SECOND TIME
133795,3/23/2010,ADVANCED TO THIRD READING UNAN CONSENT
133795,3/23/2010,READ THE THIRD TIME SB 307
133795,3/23/2010,PASSED Y19 N- E1
133795,3/23/2010,TRANSMITTED TO (H)
133795,3/23/2010,VERSION: SB 307
133795,3/24/2010,READ THE FIRST TIME - REFERRALS
133795,3/24/2010,HSS
133795,3/31/2010,HSS RPT 6DP 1NR
133795,3/31/2010,DP: HOLMES SEATON LYNN CISSNA KELLER HERRON
133795,3/31/2010,NR: T.WILSON
133795,3/31/2010,FN1: ZERO(DHS)
133795,4/6/2010,RULES TO CALENDAR 4/6/2010
133795,4/6/2010,READ THE SECOND TIME
133795,4/6/2010,ADVANCED TO THIRD READING UNAN CONSENT
133795,4/6/2010,READ THE THIRD TIME SB 307
133795,4/6/2010,PASSED Y35 E4 A1
133795,4/6/2010,RETURN TO (S) TRANSMIT TO GOV NEXT
133795,4/6/2010,VERSION: SB 307
133795,4/16/2010,8:22 AM 4/16/10 TRANSMITTED TO GOVERNOR
133795,7/9/2010,SIGNED INTO LAW 5/4 CHAPTER 12 SLA 10
133795,7/9/2010,EFFECTIVE DATE(S) OF LAW 8/2/10
133796,3/22/2010,READ THE FIRST TIME - REFERRALS
133796,3/22/2010,CRA
133796,4/2/2010,CRA RPT 3DP 1NR
133796,4/2/2010,DP: KOOKESH MENARD THOMAS
133796,4/2/2010,NR: OLSON
133796,4/2/2010,FN1: ZERO(CED)
133796,4/6/2010,FIN REFERRAL ADDED AFTER CRA
133796,4/6/2010,REFERRED TO FINANCE
133797,3/25/2010,READ THE FIRST TIME - REFERRALS
133797,3/25/2010,RES FIN
133797,4/10/2010,RES RPT CS 2DP 1NR 2AM NEW TITLE
133797,4/10/2010,DP: MCGUIRE WAGONER
133797,4/10/2010,NR: STEVENS
133797,4/10/2010,AM: WIELECHOWSKI FRENCH
133797,4/10/2010,FN1: INDETERMINATE(REV)
133797,4/16/2010,FIN RPT CS 5DP 1NR 1AM NEW TITLE
133797,4/16/2010,DP: HOFFMAN STEDMAN HUGGINS EGAN ELLIS
133797,4/16/2010,NR: OLSON
133797,4/16/2010,AM: THOMAS
133797,4/16/2010,FN1: INDETERMINATE(REV)
133797,4/16/2010,FN2: INDETERMINATE(DNR)
133797,4/16/2010,RULES TO CALENDAR 4/16/2010
133797,4/16/2010,READ THE SECOND TIME
133797,4/16/2010,FIN CS ADOPTED UNAN CONSENT
133797,4/16/2010,ADVANCED TO THIRD READING UNAN CONSENT
133797,4/16/2010,READ THE THIRD TIME CSSB 309(FIN)
133797,4/16/2010,PASSED Y19 N- E1
133797,4/16/2010,EFFECTIVE DATE(S) SAME AS PASSAGE
133797,4/16/2010,TRANSMITTED TO (H)
133797,4/16/2010,VERSION: CSSB 309(FIN)
133797,4/16/2010,READ THE FIRST TIME - REFERRALS
133797,4/16/2010,FIN
133797,4/17/2010,FIN RPT HCS(FIN) 4DP 5NR
133797,4/17/2010,DP: FAIRCLOUGH GARA STOLTZE HAWKER
133797,4/17/2010,NR: N.FOSTER JOULE DOOGAN THOMAS AUSTERMAN
133797,4/17/2010,FN2: INDETERMINATE(DNR)
133797,4/17/2010,FN3: INDETERMINATE(REV)
133797,4/17/2010,RULES TO CALENDAR 4/17/2010
133797,4/17/2010,READ THE SECOND TIME
133797,4/17/2010,FIN HCS ADOPTED UNAN CONSENT
133797,4/17/2010,ADVANCED TO THIRD READING 4/18 CALENDAR
133797,4/18/2010,READ THE THIRD TIME HCS CSSB 309(FIN)
133797,4/18/2010,RETURN TO SECOND FOR AM 1 UNAN CONSENT
133797,4/18/2010,AM NO 1 FAILED Y18 N21 A1
133797,4/18/2010,AUTOMATICALLY IN THIRD READING
133797,4/18/2010,PASSED Y37 N2 A1
133797,4/18/2010,EFFECTIVE DATE(S) SAME AS PASSAGE
133797,4/18/2010,TRANSMITTED TO (S) AS AMENDED
133797,4/18/2010,VERSION: HCS CSSB 309(FIN)
133797,4/18/2010,CONCUR MESSAGE READ AND TAKEN UP
133797,4/18/2010,CONCUR AM OF (H) Y20 N-
133797,4/18/2010,EFFECTIVE DATE(S) SAME AS PASSAGE
133797,7/9/2010,4:07 PM 4/28/10 TRANSMITTED TO GOVERNOR
133797,7/9/2010,MANIFEST ERROR(S)
133797,7/9/2010,SIGNED INTO LAW 5/10 CHAPTER 15 SLA 10
133797,7/9/2010,EFFECTIVE DATE(S) OF LAW SEE CHAPTER
133798,3/26/2010,READ THE FIRST TIME - REFERRALS
133798,3/26/2010,FIN
133798,3/26/2010,FN1: (ADM)
133798,3/26/2010,GOVERNOR'S TRANSMITTAL LETTER
133798,3/26/2010,REFERRED TO FINANCE
133799,3/26/2010,READ THE FIRST TIME - REFERRALS
133799,3/26/2010,FIN
133799,3/26/2010,FN1: (REV)
133799,3/26/2010,FN2: (REV)
133799,3/26/2010,FN3: (CED)
133799,3/26/2010,GOVERNOR'S TRANSMITTAL LETTER
133799,3/26/2010,REFERRED TO FINANCE
133800,3/30/2010,READ THE FIRST TIME - REFERRALS
133800,3/30/2010,FIN
133800,4/14/2010,FIN RPT CS 2DP 5NR NEW TITLE
133800,4/14/2010,DP: HOFFMAN STEDMAN
133800,4/14/2010,NR: HUGGINS THOMAS EGAN ELLIS OLSON
133800,4/14/2010,FN1: (REV)
133800,4/14/2010,FN2: (CED)
133800,4/14/2010,RULES TO CALENDAR 4/14/2010
133800,4/14/2010,MOVED TO BOTTOM OF CALENDAR
133800,4/14/2010,READ THE SECOND TIME
133800,4/14/2010,FIN CS ADOPTED UNAN CONSENT
133800,4/14/2010,ADVANCED TO THIRD READING UNAN CONSENT
133800,4/14/2010,READ THE THIRD TIME CSSB 312(FIN)
133800,4/14/2010,PASSED Y16 N3 A1
133800,4/14/2010,EFFECTIVE DATE(S) SAME AS PASSAGE
133800,4/14/2010,ELLIS NOTICE OF RECONSIDERATION
133800,4/14/2010,RECON TAKEN UP SAME DAY UNAN CONSENT
133800,4/14/2010,PASSED ON RECONSIDERATION Y17 N3
133800,4/14/2010,EFFECTIVE DATE(S) SAME AS PASSAGE
133800,4/14/2010,TRANSMITTED TO (H)
133800,4/14/2010,VERSION: CSSB 312(FIN)
133800,4/14/2010,READ THE FIRST TIME - REFERRALS
133800,4/14/2010,FIN
133800,4/17/2010,FIN RPT HCS(FIN) NT 3DP 7NR
133800,4/17/2010,TITLE CHANGE: HCR 32
133800,4/17/2010,DP: AUSTERMAN KELLY HAWKER
133800,4/17/2010,NR: THOMAS GARA DOOGAN JOULE N.FOSTER FAIRCLOUGH STOLTZE
133800,4/17/2010,FN2: (CED)
133800,4/17/2010,FN3: (REV)
133800,4/17/2010,RULES TO CALENDAR 4/17/2010
133800,4/17/2010,READ THE SECOND TIME
133800,4/17/2010,ADVANCED TO THIRD READING 4/18 CALENDAR
133800,4/18/2010,READ THE THIRD TIME CSSB 312(FIN)
133800,4/18/2010,RETURN TO SECOND FOR AM 1 AND ALL AMS UC
133800,4/18/2010,AM NO 1 ADOPTED UNAN CONSENT
133800,4/18/2010,AM NO 2 ADOPTED UNAN CONSENT
133800,4/18/2010,AM NO 3 FAILED Y6 N34
133800,4/18/2010,AM NO 4 FAILED Y20 N20
133800,4/18/2010,RESCIND ACTION ADOPTING AM 2 UC
133800,4/18/2010,AM NO 2 WITHDRAWN
133800,4/18/2010,NEW AM NO 2 ADOPTED UNAN CONSENT
133800,4/18/2010,RESCIND ACTION FAILING AM 4 UC
133800,4/18/2010,AM NO 4 FAILED Y15 N25
133800,4/18/2010,AM NO 5 ADOPTED UNAN CONSENT
133800,4/18/2010,AUTOMATICALLY IN THIRD READING
133800,4/18/2010,PASSED Y27 N13
133800,4/18/2010,EFFECTIVE DATE(S) SAME AS PASSAGE
133800,4/18/2010,ENGROSSMENT WAIVED RULE 43(B)
133800,4/18/2010,TRANSMITTED TO (S) AS AMENDED
133800,4/18/2010,VERSION: CSSB 312(FIN) AM H
133800,4/18/2010,CONCUR MESSAGE READ AND TAKEN UP
133800,4/18/2010,CONCUR AM OF (H) Y17 N3
133800,4/18/2010,EFFECTIVE DATE(S) SAME AS PASSAGE
133800,7/9/2010,ENGROSSED AND RETURNED TO SENATE 4/22
133800,7/9/2010,2:55 PM 6/14/10 TRANSMITTED TO GOVERNOR
133800,7/9/2010,MANIFEST ERROR(S)
133800,7/9/2010,SIGNED INTO LAW 6/24 CHAPTER 101 SLA 10
133800,7/9/2010,EFFECTIVE DATE(S) OF LAW 10/31/10
133801,4/5/2010,READ THE FIRST TIME - REFERRALS
133801,4/5/2010,EDC FIN
133801,4/9/2010,EDC RPT 4DP 1NR
133801,4/9/2010,DP: MEYER THOMAS DAVIS STEVENS
133801,4/9/2010,NR: OLSON
133801,4/9/2010,FN1: (EED)
133801,4/9/2010,REFERRED TO FINANCE
133802,1/21/2009,READ THE FIRST TIME - REFERRALS
133802,1/21/2009,HSS
133802,2/13/2009,HSS RPT 3DP
133802,2/13/2009,DP: DAVIS ELLIS PASKVAN
133802,2/13/2009,FN1: ZERO(LEG)
133802,2/25/2009,RULES TO CALENDAR 2/25/2009
133802,2/25/2009,READ THE SECOND TIME
133802,2/25/2009,BEFORE THE SENATE ON FINAL PASSAGE
133802,2/25/2009,PASSED Y19 N- E1
133802,2/25/2009,TRANSMITTED TO (H)
133802,2/25/2009,VERSION: SCR 1
133802,2/27/2009,READ THE FIRST TIME - REFERRALS
133802,2/27/2009,HSS
133802,2/27/2009,CROSS SPONSOR(S): KERTTULA
133802,3/5/2009,HSS RPT 5DP
133802,3/5/2009,DP: COGHILL SEATON LYNN CISSNA KELLER
133802,3/5/2009,FN1: ZERO(LEG)
133802,3/5/2009,CROSS SPONSOR(S): LYNN
133802,3/9/2009,RULES TO CALENDAR 3/9/2009
133802,3/9/2009,READ THE SECOND TIME
133802,3/9/2009,PASSED Y32 E6 A2
133802,3/9/2009,RETURN TO (S) TRANSMIT TO GOV NEXT
133802,3/9/2009,VERSION: SCR 1
133802,3/9/2009,CROSS SPONSOR(S): GRUENBERG JOHNSON DAHLSTROM
133802,3/11/2009,12:03 PM 3/11/09 TRANSMITTED TO GOVERNOR
133802,4/16/2009,PERMANENTLY FILED 4/15 LEGIS RESOLVE 2
133803,1/26/2009,READ THE FIRST TIME - REFERRALS
133803,1/26/2009,RES
133803,1/26/2009,REFERRED TO RESOURCES
133804,2/4/2009,READ THE FIRST TIME - REFERRALS
133804,2/4/2009,RES JUD
133804,2/4/2009,REFERRED TO RESOURCES
133805,3/20/2009,READ THE FIRST TIME - REFERRALS
133805,3/20/2009,RLS
133805,3/23/2009,RULES TO CALENDAR 3/23/2009
133805,3/23/2009,HELD ON SECRETARY'S DESK
133805,3/23/2009,COSPONSOR(S): ELLIS DAVIS THOMAS KOOKESH PASKVAN
133806,4/9/2009,READ THE FIRST TIME - HELD ON SECY'S DESK
133806,4/11/2010,TAKEN UP ON FINAL PASSAGE
133806,4/11/2010,PASSED Y19 N- A1
133806,4/11/2010,TRANSMITTED TO (H)
133806,4/11/2010,VERSION: SCR 5
133806,4/11/2010,READ THE FIRST TIME
133806,4/18/2010,SPECIAL ORDER OF BUSINESS
133806,4/18/2010,PASSED Y39 A1
133806,4/18/2010,RETURN TO (S) TRANSMIT TO GOV NEXT
133806,4/18/2010,VERSION: SCR 5
133806,7/9/2010,11:40 AM 6/11/10 TRANSMITTED TO GOVERNOR
133806,8/27/2010,PERMANENTLY FILED 8/2 LEGIS RESOLVE 47
133807,4/10/2009,READ THE FIRST TIME - REFERRALS
133807,4/10/2009,RES FIN
133807,4/10/2009,REFERRED TO RESOURCES
133808,4/16/2009,READ THE FIRST TIME - HELD ON SECY'S DESK
133809,4/17/2009,READ THE FIRST TIME - HELD ON SECY'S DESK
133809,4/17/2009,TAKEN UP AND READ THE SECOND TIME
133809,4/17/2009,BEFORE THE SENATE ON FINAL PASSAGE
133809,4/17/2009,PASSED Y19 N- V1
133809,4/17/2009,TRANSMITTED TO (H)
133809,4/17/2009,VERSION: SCR 8
133809,4/18/2009,READ THE FIRST TIME
133809,4/19/2009,SPECIAL ORDER OF BUSINESS
133809,4/19/2009,PASSED Y40
133809,4/19/2009,RETURN TO (S) TRANSMIT TO GOV NEXT
133809,4/19/2009,VERSION: SCR 8
133809,8/5/2009,10:05 AM 5/26/09 TRANSMITTED TO GOVERNOR
133809,8/5/2009,PERMANENTLY FILED 5/27 LEGIS RESOLVE 17
133810,4/18/2009,READ THE FIRST TIME - HELD ON SECY'S DESK
133810,4/18/2009,BEFORE THE SENATE ON FINAL PASSAGE
133810,4/18/2009,PASSED Y19 N- V1
133810,4/18/2009,TRANSMITTED TO (H)
133810,4/18/2009,VERSION: SCR 9
133810,4/18/2009,READ THE FIRST TIME
133810,4/19/2009,SPECIAL ORDER OF BUSINESS
133810,4/19/2009,PASSED Y40
133810,4/19/2009,RETURN TO (S) TRANSMIT TO GOV NEXT
133810,4/19/2009,VERSION: SCR 9
133810,8/5/2009,10:05 AM 5/26/09 TRANSMITTED TO GOVERNOR
133810,8/5/2009,PERMANENTLY FILED 6/1 LEGIS RESOLVE 18
133811,4/18/2009,READ THE FIRST TIME - HELD ON SECY'S DESK
133811,4/18/2009,BEFORE THE SENATE ON FINAL PASSAGE
133811,4/18/2009,PASSED Y19 N- V1
133811,4/18/2009,TRANSMITTED TO (H)
133811,4/18/2009,VERSION: SCR 10
133811,4/18/2009,READ THE FIRST TIME
133811,4/19/2009,SPECIAL ORDER OF BUSINESS
133811,4/19/2009,PASSED Y40
133811,4/19/2009,RETURN TO (S) TRANSMIT TO GOV NEXT
133811,4/19/2009,VERSION: SCR 10
133811,8/5/2009,10:05 AM 5/26/09 TRANSMITTED TO GOVERNOR
133811,8/5/2009,PERMANENTLY FILED 6/3 LEGIS RESOLVE 19
133812,4/19/2009,READ THE FIRST TIME - HELD ON SECY'S DESK
133812,4/19/2009,BEFORE THE SENATE ON FINAL PASSAGE
133812,4/19/2009,PASSED Y19 N- V1
133812,4/19/2009,TRANSMITTED TO (H)
133812,4/19/2009,VERSION: SCR 11
133812,4/19/2009,READ THE FIRST TIME
133812,4/19/2009,SPECIAL ORDER OF BUSINESS
133812,4/19/2009,PASSED Y40
133812,4/19/2009,RETURN TO (S) TRANSMIT TO GOV NEXT
133812,4/19/2009,VERSION: SCR 11
133812,8/5/2009,10:05 AM 5/26/09 TRANSMITTED TO GOVERNOR
133812,8/5/2009,PERMANENTLY FILED 6/1 LEGIS RESOLVE 20
133813,1/19/2010,READ THE FIRST TIME - REFERRALS
133813,1/19/2010,HSS
133813,2/10/2010,HSS RPT 5DP
133813,2/10/2010,DP: DAVIS THOMAS ELLIS PASKVAN DYSON
133813,2/10/2010,FN1: ZERO(S.HSS)
133813,2/12/2010,RULES TO CALENDAR 2/12/2010
133813,2/12/2010,READ THE SECOND TIME
133813,2/12/2010,BEFORE THE SENATE ON FINAL PASSAGE
133813,2/12/2010,PASSED Y15 N- E5
133813,2/12/2010,TRANSMITTED TO (H)
133813,2/12/2010,VERSION: SCR 12
133813,2/15/2010,READ THE FIRST TIME - REFERRALS
133813,2/15/2010,HSS
133813,3/12/2010,CROSS SPONSOR(S): LYNN
133813,3/15/2010,HSS RPT 7DP
133813,3/15/2010,DP: HOLMES T.WILSON SEATON LYNN CISSNA KELLER HERRON
133813,3/15/2010,FN1: ZERO(S.HSS)
133813,3/23/2010,CROSS SPONSOR(S): HOLMES
133813,3/30/2010,CROSS SPONSOR(S): KAWASAKI
133813,4/6/2010,RULES TO CALENDAR 4/6/2010
133813,4/6/2010,READ THE SECOND TIME
133813,4/6/2010,PASSED Y35 E4 A1
133813,4/6/2010,RETURN TO (S) TRANSMIT TO GOV NEXT
133813,4/6/2010,VERSION: SCR 12
133813,4/6/2010,CROSS SPONSOR(S): JOHNSON TUCK
133813,4/16/2010,8:22 AM 4/16/10 TRANSMITTED TO GOVERNOR
133813,7/9/2010,PERMANENTLY FILED 6/16 LEGIS RESOLVE 35
133814,2/24/2010,READ THE FIRST TIME - REFERRALS
133814,2/24/2010,HSS
133814,3/16/2010,HSS RPT CS 5DP SAME TITLE
133814,3/16/2010,DP: DAVIS ELLIS THOMAS PASKVAN DYSON
133814,3/16/2010,FN1: ZERO(DHS)
133814,3/18/2010,RULES TO CALENDAR 3/18/2010
133814,3/18/2010,READ THE SECOND TIME
133814,3/18/2010,HSS CS ADOPTED UNAN CONSENT
133814,3/18/2010,BEFORE THE SENATE ON FINAL PASSAGE
133814,3/18/2010,COSPONSOR(S): OLSON DAVIS WAGONER THOMAS ELLIS MENARD EGAN MEYER
133814,3/18/2010,STEDMAN PASKVAN STEVENS
133814,3/18/2010,PASSED Y19 N- E1
133814,3/18/2010,TRANSMITTED TO (H)
133814,3/18/2010,VERSION: CSSCR 13(HSS)
133814,3/19/2010,READ THE FIRST TIME - REFERRALS
133814,3/19/2010,HSS
133814,4/5/2010,HSS RPT 3DP 3NR
133814,4/5/2010,DP: SEATON CISSNA HERRON
133814,4/5/2010,NR: T.WILSON LYNN KELLER
133814,4/5/2010,FN1: ZERO(DHS)
133814,4/6/2010,RULES TO CALENDAR 4/6/2010
133814,4/6/2010,READ THE SECOND TIME
133814,4/6/2010,PASSED Y35 E4 A1
133814,4/6/2010,RETURN TO (S) TRANSMIT TO GOV NEXT
133814,4/6/2010,VERSION: CSSCR 13(HSS)
133814,4/6/2010,CROSS SPONSOR(S): TUCK
133814,4/16/2010,8:22 AM 4/16/10 TRANSMITTED TO GOVERNOR
133814,7/9/2010,PERMANENTLY FILED 6/17 LEGIS RESOLVE 36
133815,2/24/2010,READ THE FIRST TIME - REFERRALS
133815,2/24/2010,STA
133815,3/16/2010,STA RPT 4DP
133815,3/16/2010,DP: MENARD FRENCH MEYER PASKVAN
133815,3/16/2010,FN1: ZERO(LEG)
133815,3/18/2010,RULES TO CALENDAR 3/18/2010
133815,3/18/2010,READ THE SECOND TIME
133815,3/18/2010,BEFORE THE SENATE ON FINAL PASSAGE
133815,3/18/2010,PASSED Y19 N- E1
133815,3/18/2010,TRANSMITTED TO (H)
133815,3/18/2010,VERSION: SCR 14
133815,3/19/2010,READ THE FIRST TIME - REFERRALS
133815,3/19/2010,STA
133815,3/19/2010,CROSS SPONSOR(S): PETERSEN MUNOZ
133815,3/30/2010,CROSS SPONSOR(S): KAWASAKI
133815,4/1/2010,STA RPT 7DP
133815,4/1/2010,DP: JOHNSON GATTO SEATON GRUENBERG P.WILSON PETERSEN LYNN
133815,4/1/2010,FN1: ZERO(LEG)
133815,4/1/2010,CROSS SPONSOR(S): GRUENBERG LYNN JOHNSON P.WILSON
133815,4/12/2010,RULES TO CALENDAR 4/12/2010
133815,4/12/2010,READ THE SECOND TIME
133815,4/12/2010,PASSED Y39 A1
133815,4/12/2010,RETURN TO (S) TRANSMIT TO GOV NEXT
133815,4/12/2010,VERSION: SCR 14
133815,4/12/2010,CROSS SPONSOR(S): HOLMES RAMRAS KERTTULA MILLETT DAHLSTROM TUCK AUSTERMAN
133815,4/12/2010,STOLTZE EDGMON
133815,7/9/2010,11:40 AM 6/11/10 TRANSMITTED TO GOVERNOR
133815,8/27/2010,PERMANENTLY FILED 8/3 LEGIS RESOLVE 40
133816,3/10/2010,READ THE FIRST TIME - HELD ON SECY'S DESK
133816,4/17/2010,TAKEN UP ON FINAL PASSAGE
133816,4/17/2010,PASSED Y19 N- A1
133816,4/17/2010,TRANSMITTED TO (H)
133816,4/17/2010,VERSION: SCR 15
133816,4/17/2010,READ THE FIRST TIME
133816,4/17/2010,SPECIAL ORDER OF BUSINESS
133816,4/17/2010,PASSED Y38 E1 A1
133816,4/17/2010,RETURN TO (S) TRANSMIT TO GOV NEXT
133816,4/17/2010,VERSION: SCR 15
133816,7/9/2010,11:40 AM 6/11/10 TRANSMITTED TO GOVERNOR
133816,8/27/2010,PERMANENTLY FILED 8/2 LEGIS RESOLVE 48
133817,3/15/2010,READ THE FIRST TIME - REFERRALS
133817,3/15/2010,L&C FIN
133817,4/15/2010,L&C RPT CS 3DP SAME TITLE
133817,4/15/2010,DP: PASKVAN DAVIS MEYER
133817,4/15/2010,FN1: (LEG)
133817,4/15/2010,REFERRED TO FINANCE
133818,3/29/2010,READ THE FIRST TIME - REFERRALS
133818,3/29/2010,CRA FIN
133818,3/31/2010,CRA RPT 4DP 1NR
133818,3/31/2010,DP: OLSON THOMAS MENARD KOOKESH
133818,3/31/2010,NR: FRENCH
133818,3/31/2010,FN1: (LEG)
133818,3/31/2010,REFERRED TO FINANCE
133819,4/5/2010,READ THE FIRST TIME - HELD ON SECY'S DESK
133819,4/6/2010,TAKEN UP ON FINAL PASSAGE
133819,4/6/2010,PASSED Y19 N- E1
133819,4/6/2010,TRANSMITTED TO (H)
133819,4/6/2010,VERSION: SCR 18
133819,4/7/2010,READ THE FIRST TIME
133819,4/18/2010,SPECIAL ORDER OF BUSINESS
133819,4/18/2010,PASSED Y40
133819,4/18/2010,RETURN TO (S) TRANSMIT TO GOV NEXT
133819,4/18/2010,VERSION: SCR 18
133819,7/9/2010,11:40 AM 6/11/10 TRANSMITTED TO GOVERNOR
133819,8/27/2010,PERMANENTLY FILED 8/2 LEGIS RESOLVE 49
133820,4/6/2010,READ THE FIRST TIME - REFERRALS
133820,4/6/2010,FIN
133820,4/14/2010,FIN RPT 6DP 1NR
133820,4/14/2010,DP: HOFFMAN STEDMAN HUGGINS THOMAS EGAN ELLIS
133820,4/14/2010,NR: OLSON
133820,4/14/2010,FN1: (LEG)
133820,4/15/2010,RULES TO CALENDAR 4/15/2010
133820,4/15/2010,READ THE SECOND TIME
133820,4/15/2010,BEFORE THE SENATE ON FINAL PASSAGE
133820,4/15/2010,PASSED Y19 N1
133820,4/15/2010,TRANSMITTED TO (H)
133820,4/15/2010,VERSION: SCR 19
133820,4/15/2010,READ THE FIRST TIME - REFERRALS
133820,4/15/2010,FIN
133820,4/15/2010,REFERRED TO FINANCE
133821,4/13/2010,READ THE FIRST TIME - HELD ON SECY'S DESK
133821,4/16/2010,TAKEN UP ON FINAL PASSAGE
133821,4/16/2010,PASSED Y19 N- E1
133821,4/16/2010,TRANSMITTED TO (H)
133821,4/16/2010,VERSION: SCR 20
133821,4/16/2010,READ THE FIRST TIME
133821,4/16/2010,SPECIAL ORDER OF BUSINESS
133821,4/16/2010,PASSED Y27 E1 A12
133821,4/16/2010,RETURN TO (S) TRANSMIT TO GOV NEXT
133821,4/16/2010,VERSION: SCR 20
133821,7/9/2010,11:40 AM 6/11/10 TRANSMITTED TO GOVERNOR
133821,8/27/2010,PERMANENTLY FILED 8/2 LEGIS RESOLVE 46
133822,4/13/2010,READ THE FIRST TIME - HELD ON SECY'S DESK
133822,4/18/2010,TAKEN UP ON FINAL PASSAGE
133822,4/18/2010,PASSED Y19 N1
133822,4/18/2010,TRANSMITTED TO (H)
133822,4/18/2010,VERSION: SCR 21
133822,4/18/2010,READ THE FIRST TIME
133822,4/18/2010,SPECIAL ORDER OF BUSINESS
133822,4/18/2010,PASSED Y40
133822,4/18/2010,RETURN TO (S) TRANSMIT TO GOV NEXT
133822,4/18/2010,VERSION: SCR 21
133822,7/9/2010,11:40 AM 6/11/10 TRANSMITTED TO GOVERNOR
133822,8/27/2010,PERMANENTLY FILED 8/2 LEGIS RESOLVE 50
133823,4/16/2010,READ THE FIRST TIME - HELD ON SECY'S DESK
133823,4/17/2010,TAKEN UP ON FINAL PASSAGE
133823,4/17/2010,PASSED Y20 N-
133823,4/17/2010,TRANSMITTED TO (H)
133823,4/17/2010,VERSION: SCR 22
133823,4/17/2010,READ THE FIRST TIME
133823,4/18/2010,SPECIAL ORDER OF BUSINESS
133823,4/18/2010,PASSED Y39 A1
133823,4/18/2010,RETURN TO (S) TRANSMIT TO GOV NEXT
133823,4/18/2010,VERSION: SCR 22
133823,7/9/2010,11:40 AM 6/11/10 TRANSMITTED TO GOVERNOR
133823,8/27/2010,PERMANENTLY FILED 8/2 LEGIS RESOLVE 51
133824,4/17/2010,READ THE FIRST TIME - HELD ON SECY'S DESK
133824,4/17/2010,TAKEN UP ON FINAL PASSAGE
133824,4/17/2010,PASSED Y20 N-
133824,4/17/2010,TRANSMITTED TO (H)
133824,4/17/2010,VERSION: SCR 23
133824,4/17/2010,READ THE FIRST TIME
133825,4/18/2010,READ THE FIRST TIME - HELD ON SECY'S DESK
133825,4/18/2010,TAKEN UP ON FINAL PASSAGE
133825,4/18/2010,PASSED Y20 N-
133825,4/18/2010,TRANSMITTED TO (H)
133825,4/18/2010,VERSION: SCR 24
133825,4/18/2010,READ THE FIRST TIME
133825,4/18/2010,SPECIAL ORDER OF BUSINESS
133825,4/18/2010,PASSED Y37 A3
133825,4/18/2010,RETURN TO (S) TRANSMIT TO GOV NEXT
133825,4/18/2010,VERSION: SCR 24
133825,7/9/2010,11:40 AM 6/11/10 TRANSMITTED TO GOVERNOR
133825,8/27/2010,PERMANENTLY FILED 8/2 LEGIS RESOLVE 52
133826,1/21/2009,PREFILE RELEASED 1/9/09
133826,1/21/2009,READ THE FIRST TIME - REFERRALS
133826,1/21/2009,CRA STA JUD
133826,1/21/2009,REFERRED TO COMMUNITY & REGIONAL AFFAIRS
133827,1/21/2009,READ THE FIRST TIME - REFERRALS
133827,1/21/2009,EDC
133827,4/10/2009,EDC RPT 2DP 1NR
133827,4/10/2009,DP: DAVIS STEVENS
133827,4/10/2009,NR: OLSON
133827,4/10/2009,FN1: ZERO (S.EDC)
133827,4/15/2009,RULES TO CALENDAR 4/15/2009
133827,4/15/2009,READ THE SECOND TIME
133827,4/15/2009,ADVANCED TO THIRD READING UNAN CONSENT
133827,4/15/2009,READ THE THIRD TIME SJR 2
133827,4/15/2009,PASSED Y19 N- V1
133827,4/15/2009,TRANSMITTED TO (H)
133827,4/15/2009,VERSION: SJR 2
133827,4/16/2009,READ THE FIRST TIME - REFERRALS
133827,4/16/2009,EDC
133827,4/16/2009,REFERRED TO EDUCATION
133828,1/26/2009,READ THE FIRST TIME - REFERRALS
133828,1/26/2009,JUD
133828,1/28/2009,COSPONSOR(S): DYSON BUNDE
133828,2/13/2009,JUD RPT 2DP 1NR
133828,2/13/2009,DP: FRENCH THERRIAULT
133828,2/13/2009,NR: ELTON
133828,2/13/2009,FN1: ZERO(S.JUD)
133828,3/25/2009,RULES TO CALENDAR 3/25/2009
133828,3/25/2009,READ THE SECOND TIME
133828,3/25/2009,ADVANCED TO THIRD READING UNAN CONSENT
133828,3/25/2009,READ THE THIRD TIME SJR 3
133828,3/25/2009,COSPONSOR(S): HUGGINS STEDMAN WAGONER MEYER MCGUIRE OLSON
133828,3/25/2009,PASSED Y18 N- E1 V1
133828,3/25/2009,TRANSMITTED TO (H)
133828,3/25/2009,VERSION: SJR 3
133828,3/27/2009,READ THE FIRST TIME - REFERRALS
133828,3/27/2009,RES
133828,3/30/2009,CROSS SPONSOR(S): KELLY
133828,4/17/2009,RES RPT 8DP 1NR
133828,4/17/2009,DP: OLSON EDGMON GUTTENBERG TUCK SEATON P.WILSON NEUMAN JOHNSON
133828,4/17/2009,NR: KAWASAKI
133828,4/17/2009,FN1: ZERO(S.JUD)
133828,4/17/2009,CROSS SPONSOR(S): NEUMAN JOHNSON P.WILSON SEATON
133828,4/18/2009,RULES TO CALENDAR 4/18/2009
133828,4/18/2009,READ THE SECOND TIME
133828,4/18/2009,ADVANCED TO THIRD READING 4/19 CALENDAR
133828,4/18/2009,CROSS SPONSOR(S): LYNN DAHLSTROM RAMRAS MILLETT
133828,4/19/2009,READ THE THIRD TIME SJR 3
133828,4/19/2009,PASSED Y35 N1 A4
133828,4/19/2009,RETURN TO (S) TRANSMIT TO GOV NEXT
133828,4/19/2009,VERSION: SJR 3
133828,4/19/2009,CROSS SPONSOR(S): KELLER
133828,8/5/2009,1:10 PM 5/21/09 TRANSMITTED TO GOVERNOR
133828,8/5/2009,MANIFEST ERROR(S)
133828,8/5/2009,PERMANENTLY FILED 7/9 LEGIS RESOLVE 15
133829,1/28/2009,READ THE FIRST TIME - REFERRALS
133829,1/28/2009,FIN
133829,1/28/2009,REFERRED TO FINANCE
133830,1/28/2009,READ THE FIRST TIME - REFERRALS
133830,1/28/2009,FIN
133830,2/4/2009,FIN RPT CS 7DP NEW TITLE
133830,2/4/2009,DP: HOFFMAN STEDMAN ELTON HUGGINS THOMAS OLSON ELLIS
133830,2/4/2009,FN1: ZERO(S.FIN/ALL DEPTS)
133830,2/4/2009,RULES TO CALENDAR 2/4/2009
133830,2/4/2009,READ THE SECOND TIME
133830,2/4/2009,FIN CS ADOPTED UNAN CONSENT
133830,2/4/2009,ADVANCED TO THIRD READING UNAN CONSENT
133830,2/4/2009,READ THE THIRD TIME CSSJR 5(FIN)
133830,2/4/2009,PASSED Y19 N- E1
133830,2/4/2009,TRANSMITTED TO (H)
133830,2/4/2009,VERSION: CSSJR 5(FIN)
133830,2/6/2009,READ THE FIRST TIME - REFERRALS
133830,2/6/2009,MLV STA
133830,2/18/2009,MLV RPT 5DP
133830,2/18/2009,DP: KAWASAKI OLSON BUCH LYNN GATTO
133830,2/18/2009,FN1: ZERO(S.FIN/ALL DEPTS)
133830,3/5/2009,STA RPT 4DP
133830,3/5/2009,DP: GATTO SEATON GRUENBERG LYNN
133830,3/5/2009,FN1: ZERO(S.FIN/ALL DEPTS)
133830,3/19/2009,RULES TO CALENDAR 3/19/2009
133830,3/19/2009,READ THE SECOND TIME
133830,3/19/2009,ADVANCED TO THIRD READING UNAN CONSENT
133830,3/19/2009,READ THE THIRD TIME CSSJR 5(FIN)
133830,3/19/2009,PASSED Y33 E4 A3
133830,3/19/2009,RETURN TO (S) TRANSMIT TO GOV NEXT
133830,3/19/2009,VERSION: CSSJR 5(FIN)
133830,3/25/2009,9:05 AM 3/24/09 TRANSMITTED TO GOVERNOR
133830,3/25/2009,MANIFEST ERROR(S)
133830,8/5/2009,PERMANENTLY FILED 4/29 LEGIS RESOLVE 4
133831,2/9/2009,READ THE FIRST TIME - REFERRALS
133831,2/9/2009,STA JUD
133831,2/19/2009,COSPONSOR(S): MENARD DYSON
133831,2/23/2009,COSPONSOR(S): THOMAS
133831,2/25/2009,STA RPT CS 2DP 1NR 2AM SAME TITLE
133831,2/25/2009,DP: MENARD MEYER
133831,2/25/2009,NR: KOOKESH
133831,2/25/2009,AM: FRENCH PASKVAN
133831,2/25/2009,FN1: ZERO(LEG)
133831,2/25/2009,REFERRED TO JUDICIARY
133831,2/27/2009,COSPONSOR(S): BUNDE MCGUIRE MEYER STEDMAN OLSON STEVENS
133832,2/19/2009,READ THE FIRST TIME - REFERRALS
133832,2/19/2009,ENE RES
133832,4/10/2009,ENE RPT 2DP 1NR
133832,4/10/2009,DP: MCGUIRE KOOKESH
133832,4/10/2009,NR: WIELECHOWSKI
133832,4/10/2009,FN1: ZERO(S.ENE)
133832,4/10/2009,REFERRED TO RESOURCES
133833,2/25/2009,READ THE FIRST TIME - REFERRALS
133833,2/25/2009,STA JUD FIN
133833,2/25/2009,REFERRED TO STATE AFFAIRS
133834,2/25/2009,READ THE FIRST TIME - REFERRALS
133834,2/25/2009,FIN
133834,2/25/2009,REFERRED TO FINANCE
133835,2/27/2009,READ THE FIRST TIME - REFERRALS
133835,2/27/2009,JUD
133835,3/18/2009,JUD RPT 4DP
133835,3/18/2009,DP: FRENCH THERRIAULT WIELECHOWSKI MCGUIRE
133835,3/18/2009,FN1: ZERO(S.JUD)
133835,3/27/2009,RULES TO CALENDAR 3/27/2009
133835,3/27/2009,READ THE SECOND TIME
133835,3/27/2009,ADVANCED TO THIRD READING UNAN CONSENT
133835,3/27/2009,READ THE THIRD TIME SJR 10
133835,3/27/2009,COSPONSOR(S): DYSON THERRIAULT WAGONER HUGGINS MCGUIRE STEDMAN PASKVAN
133835,3/27/2009,WIELECHOWSKI MENARD STEVENS MEYER
133835,3/27/2009,PASSED Y17 N- E2 V1
133835,3/27/2009,TRANSMITTED TO (H)
133835,3/27/2009,VERSION: SJR 10
133835,3/30/2009,READ THE FIRST TIME - REFERRALS
133835,3/30/2009,JUD
133835,3/30/2009,CROSS SPONSOR(S): STOLTZE LYNN KELLER NEUMAN
133835,4/13/2009,CROSS SPONSOR(S): RAMRAS DAHLSTROM
133835,4/14/2009,JUD RPT 5DP
133835,4/14/2009,DP: LYNN COGHILL DAHLSTROM HOLMES RAMRAS
133835,4/14/2009,FN1: ZERO(S.JUD)
133835,4/16/2009,RULES TO CALENDAR 4/16/2009
133835,4/16/2009,READ THE SECOND TIME
133835,4/16/2009,ADVANCED TO THIRD READING UNAN CONSENT
133835,4/16/2009,READ THE THIRD TIME SJR 10
133835,4/16/2009,PASSED Y38 A2
133835,4/16/2009,RETURN TO (S) TRANSMIT TO GOV NEXT
133835,4/16/2009,VERSION: SJR 10
133835,4/16/2009,CROSS SPONSOR(S): KAWASAKI JOHNSON GUTTENBERG MILLETT TUCK OLSON KELLY
133835,8/5/2009,1:10 PM 5/21/09 TRANSMITTED TO GOVERNOR
133835,8/5/2009,MANIFEST ERROR(S)
133835,8/5/2009,PERMANENTLY FILED 7/10 LEGIS RESOLVE 12
133836,2/27/2009,READ THE FIRST TIME - REFERRALS
133836,2/27/2009,STA
133836,2/27/2009,REFERRED TO STATE AFFAIRS
133837,3/11/2009,READ THE FIRST TIME - REFERRALS
133837,3/11/2009,CRA
133837,3/11/2009,REFERRED TO COMMUNITY & REGIONAL AFFAIRS
133838,3/13/2009,READ THE FIRST TIME - REFERRALS
133838,3/13/2009,RES
133838,3/13/2009,REFERRED TO RESOURCES
133839,3/13/2009,READ THE FIRST TIME - REFERRALS
133839,3/13/2009,RES
133839,3/13/2009,REFERRED TO RESOURCES
133840,3/20/2009,READ THE FIRST TIME - REFERRALS
133840,3/20/2009,STA JUD
133840,3/20/2009,REFERRED TO STATE AFFAIRS
133841,3/20/2009,READ THE FIRST TIME - REFERRALS
133841,3/20/2009,RES
133841,3/30/2009,RES RPT CS 4DP 1NR NEW TITLE
133841,3/30/2009,DP: MCGUIRE WIELECHOWSKI FRENCH STEVENS
133841,3/30/2009,NR: HUGGINS
133841,3/30/2009,FN1: ZERO(S.RES)
133841,4/2/2009,RULES TO CALENDAR 4/3/2009
133841,4/3/2009,READ THE SECOND TIME
133841,4/3/2009,RES CS ADOPTED UNAN CONSENT
133841,4/3/2009,ADVANCED TO THIRD READING UNAN CONSENT
133841,4/3/2009,READ THE THIRD TIME CSSJR 16(RES)
133841,4/3/2009,COSPONSOR(S): DYSON WAGONER THOMAS OLSON DAVIS ELLIS PASKVAN MENARD
133841,4/3/2009,STEVENS
133841,4/3/2009,PASSED Y16 N- E2 A1 V1
133841,4/3/2009,TRANSMITTED TO (H)
133841,4/3/2009,VERSION: CSSJR 16(RES)
133841,4/6/2009,READ THE FIRST TIME - REFERRALS
133841,4/6/2009,RES
133841,4/14/2009,RES RPT 4DP 3NR
133841,4/14/2009,DP: GUTTENBERG TUCK SEATON NEUMAN
133841,4/14/2009,NR: OLSON EDGMON KAWASAKI
133841,4/14/2009,FN1: ZERO(S.RES)
133841,4/14/2009,CROSS SPONSOR(S): GUTTENBERG
133841,4/17/2009,RULES TO CALENDAR 4/17/2009
133841,4/17/2009,READ THE SECOND TIME
133841,4/17/2009,ADVANCED TO THIRD READING UNAN CONSENT
133841,4/17/2009,READ THE THIRD TIME CSSJR 16(RES)
133841,4/17/2009,PASSED Y40
133841,4/17/2009,JOHANSEN NOTICE OF RECONSIDERATION
133841,4/17/2009,CROSS SPONSOR(S): TUCK JOHNSON KAWASAKI CRAWFORD
133841,4/18/2009,RECONSIDERATION HELD TO 4/19
133841,4/19/2009,RECONSIDERATION NOT TAKEN UP
133841,4/19/2009,RETURN TO (S) TRANSMIT TO GOV NEXT
133841,4/19/2009,VERSION: CSSJR 16(RES)
133841,8/5/2009,1:10 PM 5/21/09 TRANSMITTED TO GOVERNOR
133841,8/5/2009,PERMANENTLY FILED 7/23 LEGIS RESOLVE 16
133842,3/27/2009,READ THE FIRST TIME - REFERRALS
133842,3/27/2009,STA
133842,4/7/2009,STA RPT 5DP
133842,4/7/2009,DP: MENARD FRENCH MEYER KOOKESH PASKVAN
133842,4/7/2009,FN1: ZERO(S.STA)
133842,4/8/2009,RULES TO CALENDAR 4/8/2009
133842,4/8/2009,READ THE SECOND TIME
133842,4/8/2009,ADVANCED TO THIRD READING UNAN CONSENT
133842,4/8/2009,READ THE THIRD TIME SJR 17
133842,4/8/2009,PASSED Y19 N- V1
133842,4/8/2009,COSPONSOR(S): WAGONER DYSON THOMAS THERRIAULT KOOKESH STEDMAN MCGUIRE
133842,4/8/2009,MEYER WIELECHOWSKI MENARD ELLIS PASKVAN DAVIS FRENCH
133842,4/8/2009,TRANSMITTED TO (H)
133842,4/8/2009,VERSION: SJR 17
133842,4/10/2009,READ THE FIRST TIME - REFERRALS
133842,4/10/2009,STA
133842,4/10/2009,RLS REPLACES STA REFERRAL
133842,4/10/2009,(HJR 29 SIMILAR BILL)
133842,4/11/2009,RLS RPT 6DP
133842,4/11/2009,DP: KERTTULA GARDNER OLSON HERRON NEUMAN COGHILL
133842,4/11/2009,FN1: ZERO(S.STA)
133842,4/15/2009,RULES TO CALENDAR 4/15/2009
133842,4/15/2009,READ THE SECOND TIME
133842,4/15/2009,ADVANCED TO THIRD READING UNAN CONSENT
133842,4/15/2009,READ THE THIRD TIME SJR 17
133842,4/15/2009,PASSED Y38 E1 A1
133842,4/15/2009,RETURN TO (S) TRANSMIT TO GOV NEXT
133842,4/15/2009,VERSION: SJR 17
133842,4/15/2009,CROSS SPONSOR(S): RAMRAS THOMAS FAIRCLOUGH KAWASAKI TUCK JOHNSON LYNN
133842,4/15/2009,GRUENBERG OLSON
133842,8/5/2009,1:10 PM 5/21/09 TRANSMITTED TO GOVERNOR
133842,8/5/2009,PERMANENTLY FILED 6/17 LEGIS RESOLVE 9
133843,4/1/2009,READ THE FIRST TIME - REFERRALS
133843,4/1/2009,STA
133843,4/7/2009,STA RPT CS 4DP SAME TITLE
133843,4/7/2009,DP: MENARD FRENCH MEYER KOOKESH
133843,4/7/2009,FN1: ZERO(S.STA)
133843,4/7/2009,REFERRED TO RULES
133844,4/7/2009,READ THE FIRST TIME - REFERRALS
133844,4/7/2009,STA JUD
133844,4/7/2009,REFERRED TO STATE AFFAIRS
133845,4/7/2009,READ THE FIRST TIME - REFERRALS
133845,4/7/2009,RES
133845,4/7/2009,REFERRED TO RESOURCES
133846,4/9/2009,READ THE FIRST TIME - REFERRALS
133846,4/9/2009,STA JUD FIN
133846,2/3/2010,STA RPT 5DP
133846,2/3/2010,DP: MENARD FRENCH MEYER PASKVAN KOOKESH
133846,2/3/2010,FN1: (LEG)
133846,2/3/2010,FN2: (GOV)
133846,2/26/2010,JUD RPT 1DP 2NR
133846,2/26/2010,DP: FRENCH
133846,2/26/2010,NR: COGHILL WIELECHOWSKI
133846,2/26/2010,FN1: (LEG)
133846,2/26/2010,FN2: (GOV)
133846,3/15/2010,FIN RPT 6DP 1NR
133846,3/15/2010,DP: HOFFMAN STEDMAN THOMAS EGAN OLSON ELLIS
133846,3/15/2010,NR: HUGGINS
133846,3/15/2010,FN1: (LEG)
133846,3/15/2010,FN2: (GOV)
133846,3/31/2010,RULES TO CALENDAR 3/31/2010
133846,3/31/2010,READ THE SECOND TIME
133846,3/31/2010,ADVANCED TO THIRD READING UNAN CONSENT
133846,3/31/2010,READ THE THIRD TIME SJR 21
133846,3/31/2010,PASSED Y14 N5 E1
133846,3/31/2010,COGHILL NOTICE OF RECONSIDERATION
133846,4/1/2010,RECONSIDERATION NOT TAKEN UP
133846,4/1/2010,TRANSMITTED TO (H)
133846,4/1/2010,VERSION: SJR 21
133846,4/5/2010,READ THE FIRST TIME - REFERRALS
133846,4/5/2010,FIN
133846,4/17/2010,FIN RPT 4DP 4NR 1AM
133846,4/17/2010,DP: THOMAS GARA N.FOSTER AUSTERMAN
133846,4/17/2010,NR: DOOGAN KELLY STOLTZE HAWKER
133846,4/17/2010,AM: FAIRCLOUGH
133846,4/17/2010,FN3: INDETERMINATE(LEG)
133846,4/17/2010,FN4: (GOV)
133846,4/17/2010,RULES TO CALENDAR 4/17/2010
133846,4/17/2010,READ THE SECOND TIME
133846,4/17/2010,AM NO 1 ADOPTED UNAN CONSENT
133846,4/17/2010,...CHANGES TITLE OF LEGISLATION
133846,4/17/2010,ADVANCED TO THIRD READING UNAN CONSENT
133846,4/17/2010,READ THE THIRD TIME SJR 21 AM H
133846,4/17/2010,PASSED Y31 N8 E1
133846,4/17/2010,JOHNSON NOTICE OF RECONSIDERATION
133846,4/18/2010,RECON TAKEN UP - IN THIRD READING
133846,4/18/2010,TITLE CHANGE: HCR 35
133846,4/18/2010,PASSED ON RECONSIDERATION Y30 N10
133846,4/18/2010,TRANSMITTED TO (S) AS AMENDED
133846,4/18/2010,VERSION: SJR 21 AM H
133846,4/18/2010,CONCUR MESSAGE READ AND TAKEN UP
133846,4/18/2010,CONCUR AM OF (H) Y16 N4
133846,7/9/2010,2:55 PM 6/14/10 TRANSMITTED TO GOVERNOR
133846,8/27/2010,PERMANENTLY FILED 8/3 LEGIS RESOLVE 53
133847,4/9/2009,READ THE FIRST TIME - REFERRALS
133847,4/9/2009,RES JUD
133847,4/10/2009,COSPONSOR(S): THOMAS
133847,4/15/2009,COSPONSOR(S): THERRIAULT DYSON
133847,4/16/2009,RES RPT CS 3DP 2NR NEW TITLE
133847,4/16/2009,DP: MCGUIRE WIELECHOWSKI HUGGINS
133847,4/16/2009,NR: STEVENS WAGONER
133847,4/16/2009,FN1: ZERO(LEG)
133847,4/16/2009,JUD REFERRAL WAIVED
133847,4/17/2009,RULES TO CALENDAR 4/17/2009
133847,4/17/2009,READ THE SECOND TIME
133847,4/17/2009,RES CS ADOPTED UNAN CONSENT
133847,4/17/2009,ADVANCED TO THIRD READING UNAN CONSENT
133847,4/17/2009,READ THE THIRD TIME CSSJR 22(RES)
133847,4/17/2009,COSPONSOR(S): PASKVAN MCGUIRE MEYER DAVIS BUNDE
133847,4/17/2009,MENARD DYSON WITHDRAWN AS COSPONSORS
133847,4/17/2009,PASSED Y17 N2 V1
133847,4/17/2009,TRANSMITTED TO (H)
133847,4/17/2009,VERSION: CSSJR 22(RES)
133847,4/18/2009,READ THE FIRST TIME - REFERRALS
133847,4/18/2009,FSH RES
133847,4/18/2009,CROSS SPONSOR(S): NEUMAN STOLTZE
133847,2/3/2010,CROSS SPONSOR(S): GARA
133847,2/8/2010,CROSS SPONSOR(S): KAWASAKI
133847,2/10/2010,FSH RPT HCS(FSH) 4DP 2NR 1AM
133847,2/10/2010,DP: JOHNSON MILLETT KELLER MUNOZ
133847,2/10/2010,NR: BUCH EDGMON
133847,2/10/2010,AM: KAWASAKI
133847,2/10/2010,FN2: ZERO(H.FSH)
133847,2/10/2010,CROSS SPONSOR(S): JOHNSON MILLETT KELLER
133847,3/10/2010,RES RPT HCS(FSH) 4DP 4NR 1AM
133847,3/10/2010,DP: GUTTENBERG TUCK NEUMAN JOHNSON
133847,3/10/2010,NR: OLSON EDGMON SEATON P.WILSON
133847,3/10/2010,AM: KAWASAKI
133847,3/10/2010,FN2: ZERO(H.FSH)
133847,3/10/2010,CROSS SPONSOR(S): GUTTENBERG
133847,3/22/2010,RULES TO CALENDAR 3/22/2010
133847,3/22/2010,READ THE SECOND TIME
133847,3/22/2010,FSH HCS ADOPTED UNAN CONSENT
133847,3/22/2010,ADVANCED TO THIRD READING UNAN CONSENT
133847,3/22/2010,READ THE THIRD TIME HCS CSSJR 22(FSH)
133847,3/22/2010,PASSED Y36 N4
133847,3/22/2010,KERTTULA NOTICE OF RECONSIDERATION
133847,3/22/2010,TAKE UP RECON SAME DAY WITHDRAWN
133847,3/22/2010,CROSS SPONSOR(S): GATTO
133847,3/23/2010,RECON TAKEN UP - IN THIRD READING
133847,3/23/2010,PASSED ON RECONSIDERATION Y36 N1 E2 A1
133847,3/23/2010,TRANSMITTED TO (S) AS AMENDED
133847,3/23/2010,VERSION: HCS CSSJR 22(FSH)
133847,3/24/2010,CONCUR MESSAGE READ AND TAKEN UP
133847,3/24/2010,CONCUR AM OF (H) Y19 N1
133847,3/30/2010,12:15 PM 3/30/10 TRANSMITTED TO GOVERNOR
133847,3/30/2010,MANIFEST ERROR(S)
133847,4/16/2010,PERMANENTLY FILED 4/15 LEGIS RESOLVE 33
133848,1/19/2010,PREFILE RELEASED 1/8/10
133848,1/19/2010,READ THE FIRST TIME - REFERRALS
133848,1/19/2010,STA JUD
133848,1/19/2010,REFERRED TO STATE AFFAIRS
133849,1/19/2010,PREFILE RELEASED 1/15/10
133849,1/19/2010,READ THE FIRST TIME - REFERRALS
133849,1/19/2010,STA FIN
133849,2/10/2010,STA RPT 2DP 2NR
133849,2/10/2010,DP: MENARD FRENCH
133849,2/10/2010,NR: PASKVAN KOOKESH
133849,2/10/2010,FN1: (GOV)
133849,2/10/2010,REFERRED TO FINANCE
133850,1/19/2010,READ THE FIRST TIME - REFERRALS
133850,1/19/2010,RES
133850,1/19/2010,REFERRED TO RESOURCES
133850,2/26/2010,COSPONSOR(S): MCGUIRE HUGGINS DAVIS
133851,1/20/2010,READ THE FIRST TIME - REFERRALS
133851,1/20/2010,JUD
133851,1/20/2010,REFERRED TO JUDICIARY
133852,2/12/2010,READ THE FIRST TIME - REFERRALS
133852,2/12/2010,RES
133852,3/10/2010,RES RPT CS 5DP SAME TITLE
133852,3/10/2010,DP: MCGUIRE WIELECHOWSKI HUGGINS STEVENS FRENCH
133852,3/10/2010,FN1: ZERO(S.RES)
133852,3/15/2010,RULES TO CALENDAR 3/15/2010
133852,3/15/2010,READ THE SECOND TIME
133852,3/15/2010,RES CS ADOPTED UNAN CONSENT
133852,3/15/2010,ADVANCED TO THIRD READING UNAN CONSENT
133852,3/15/2010,READ THE THIRD TIME CSSJR 27(RES)
133852,3/15/2010,COSPONSOR(S): HUGGINS STEDMAN MEYER MCGUIRE WIELECHOWSKI MENARD PASKVAN
133852,3/15/2010,ELLIS HOFFMAN KOOKESH OLSON DAVIS WAGONER COGHILL DYSON THOMAS STEVENS
133852,3/15/2010,PASSED Y19 N- E1
133852,3/15/2010,TRANSMITTED TO (H)
133852,3/15/2010,VERSION: CSSJR 27(RES)
133852,3/17/2010,READ THE FIRST TIME - REFERRALS
133852,3/17/2010,RES
133852,3/17/2010,CROSS SPONSOR(S): AUSTERMAN
133852,3/24/2010,CROSS SPONSOR(S): P.WILSON
133852,3/29/2010,RES RPT 7DP
133852,3/29/2010,DP: OLSON GUTTENBERG TUCK SEATON P.WILSON JOHNSON NEUMAN
133852,3/29/2010,FN1: ZERO(S.RES)
133852,4/6/2010,RULES TO CALENDAR 4/6/2010
133852,4/6/2010,READ THE SECOND TIME
133852,4/6/2010,ADVANCED TO THIRD READING UNAN CONSENT
133852,4/6/2010,READ THE THIRD TIME CSSJR 27(RES)
133852,4/6/2010,PASSED Y35 E4 A1
133852,4/6/2010,RETURN TO (S) TRANSMIT TO GOV NEXT
133852,4/6/2010,VERSION: CSSJR 27(RES)
133852,4/6/2010,CROSS SPONSOR(S): JOHNSON MUNOZ KERTTULA GUTTENBERG TUCK EDGMON
133852,7/9/2010,2:55 PM 6/14/10 TRANSMITTED TO GOVERNOR
133852,7/9/2010,PERMANENTLY FILED 6/25 LEGIS RESOLVE 37
133853,2/18/2010,READ THE FIRST TIME - REFERRALS
133853,2/18/2010,JUD
133853,4/1/2010,JUD RPT 3DP
133853,4/1/2010,DP: FRENCH COGHILL WIELECHOWSKI
133853,4/1/2010,FN1: ZERO(S.JUD)
133853,4/5/2010,RULES TO CALENDAR 4/5/2010
133853,4/5/2010,READ THE SECOND TIME
133853,4/5/2010,ADVANCED TO THIRD READING UNAN CONSENT
133853,4/5/2010,READ THE THIRD TIME SJR 28
133853,4/5/2010,PASSED Y20 N-
133853,4/5/2010,TRANSMITTED TO (H)
133853,4/5/2010,VERSION: SJR 28
133853,4/6/2010,READ THE FIRST TIME - REFERRALS
133853,4/6/2010,RLS
133853,4/9/2010,RLS RPT 5DP 1NR
133853,4/9/2010,DP: OLSON HERRON GARDNER NEUMAN DAHLSTROM
133853,4/9/2010,NR: KERTTULA
133853,4/9/2010,FN1: ZERO(S.JUD)
133853,4/11/2010,RULES TO 1ST SUP CALENDAR 4/11/2010
133853,4/11/2010,READ THE SECOND TIME
133853,4/11/2010,ADVANCED TO THIRD READING UNAN CONSENT
133853,4/11/2010,READ THE THIRD TIME SJR 28
133853,4/11/2010,PASSED Y40
133853,4/11/2010,RETURN TO (S) TRANSMIT TO GOV NEXT
133853,4/11/2010,VERSION: SJR 28
133853,4/11/2010,CROSS SPONSOR(S): LYNN
133853,7/9/2010,2:55 PM 6/14/10 TRANSMITTED TO GOVERNOR
133853,8/27/2010,PERMANENTLY FILED 8/3 LEGIS RESOLVE 39
133854,2/26/2010,READ THE FIRST TIME - REFERRALS
133854,2/26/2010,CRA RES
133854,3/12/2010,CRA RPT CS 4DP NEW TITLE
133854,3/12/2010,DP: OLSON THOMAS MENARD KOOKESH
133854,3/12/2010,FN1: ZERO(LEG)
133854,3/12/2010,REFERRED TO RESOURCES
133855,4/9/2010,READ THE FIRST TIME - REFERRALS
133855,4/9/2010,STA
133855,4/9/2010,REFERRED TO STATE AFFAIRS
133856,1/20/2009,READ THE FIRST TIME
133856,1/20/2009,FN1: ZERO(S.RLS)
133856,1/20/2009,TAKEN UP ON FINAL PASSAGE
133856,1/20/2009,PASSED Y17 N- E3
133856,1/20/2009,MEMBERS: MCGUIRE (CHAIR) HOFFMAN
133856,1/20/2009,MEMBERS: KOOKESH STEDMAN WIELECHOWSKI
133856,1/28/2009,2:30 PM 1/27/09 TRANSMITTED TO GOVERNOR
133856,2/6/2009,PERMANENTLY FILED 2/4 SENATE RESOLVE 1
133857,1/20/2009,READ THE FIRST TIME
133857,1/20/2009,FN1: ZERO(S.RLS)
133857,1/20/2009,TAKEN UP ON FINAL PASSAGE
133857,1/20/2009,PASSED Y16 N1 E3
133857,1/20/2009,MEMBERS: MCGUIRE (CHAIR) FRENCH HOFFMAN
133857,1/20/2009,MEMBERS: STEVENS WIELECHOWSKI
133857,1/28/2009,2:30 PM 1/27/09 TRANSMITTED TO GOVERNOR
133857,2/9/2009,PERMANENTLY FILED 2/6 SENATE RESOLVE 2
133858,1/26/2009,READ THE FIRST TIME - REFERRALS
133858,1/26/2009,FIN
133858,1/26/2009,REFERRED TO FINANCE
133859,2/2/2009,READ THE FIRST TIME - REFERRALS
133859,2/2/2009,FIN
133859,2/4/2009,FIN RPT CS 6DP 1NR SAME TITLE
133859,2/4/2009,DP: HOFFMAN STEDMAN ELTON HUGGINS THOMAS ELLIS
133859,2/4/2009,NR: OLSON
133859,2/4/2009,FN1: ZERO(S.FIN/ALL DEPTS)
133859,2/4/2009,REFERRED TO RULES
133860,2/6/2009,READ THE FIRST TIME
133860,2/6/2009,TAKEN UP ON FINAL PASSAGE
133860,2/6/2009,PASSED Y16 N1 E3
133860,2/11/2009,1:55 PM 2/11/09 TRANSMITTED TO GOVERNOR
133860,2/27/2009,PERMANENTLY FILED 2/27 SENATE RESOLVE 3
133861,2/23/2009,READ THE FIRST TIME
133861,2/23/2009,TAKEN UP ON FINAL PASSAGE
133861,2/23/2009,PASSED Y19 N- E1
133861,2/25/2009,10:28 AM 2/24/09 TRANSMITTED TO GOVERNOR
133861,3/11/2009,PERMANENTLY FILED 3/9 SENATE RESOLVE 4
133862,4/11/2009,READ THE FIRST TIME - REFERRALS
133862,4/11/2009,ENE FIN
133862,4/11/2009,REFERRED TO ENERGY
133863,4/15/2009,READ THE FIRST TIME - REFERRALS
133863,4/15/2009,RES
133863,4/16/2009,RES REFERRAL WAIVED
133863,4/17/2009,RULES TO CALENDAR 4/17/2009
133863,4/17/2009,READ THE SECOND TIME
133863,4/17/2009,BEFORE THE SENATE ON FINAL PASSAGE
133863,4/17/2009,AM NO 1 FAILED Y3 N15 A1 V1
133863,4/17/2009,PASSED Y18 N- A1 V1
133863,8/5/2009,1:35 PM 5/5/09 TRANSMITTED TO GOVERNOR
133863,8/5/2009,MANIFEST ERROR(S)
133863,8/5/2009,PERMANENTLY FILED 5/13 SENATE RESOLVE 5
133864,1/19/2010,READ THE FIRST TIME
133864,1/19/2010,TAKEN UP ON FINAL PASSAGE
133864,1/19/2010,PASSED Y19 N- E1
133864,1/25/2010,RESOLUTION REPRINTED 01/25/10
133864,1/27/2010,9:30 AM 1/26/10 TRANSMITTED TO GOVERNOR
133864,2/12/2010,PERMANENTLY FILED 2/10 SENATE RESOLVE 6
133865,2/22/2010,READ THE FIRST TIME - REFERRALS
133865,2/22/2010,RES
133865,3/26/2010,RES RPT 6DP
133865,3/26/2010,DP: MCGUIRE WIELECHOWSKI HUGGINS STEVENS FRENCH WAGONER
133865,3/26/2010,FN1: ZERO(S.RES)
133865,4/5/2010,RULES TO CALENDAR 4/5/2010
133865,4/5/2010,READ THE SECOND TIME
133865,4/5/2010,BEFORE THE SENATE ON FINAL PASSAGE
133865,4/5/2010,COSPONSOR(S): WIELECHOWSKI MEYER MCGUIRE EGAN MENARD STEDMAN ELLIS BUNDE
133865,4/5/2010,COGHILL THOMAS DYSON KOOKESH DAVIS HUGGINS
133865,4/5/2010,PASSED Y20 N-
133865,4/14/2010,8:35 AM 4/14/10 TRANSMITTED TO GOVERNOR
133865,8/27/2010,PERMANENTLY FILED 8/3 SENATE RESOLVE 7
133866,4/9/2010,READ THE FIRST TIME - HELD ON SECY'S DESK
133866,4/14/2010,TAKEN UP AND READ THE SECOND TIME
133866,4/14/2010,BEFORE THE SENATE ON FINAL PASSAGE
133866,4/14/2010,PASSED Y20 N-
133866,7/9/2010,11:36 AM 5/17/10 TRANSMITTED TO GOVERNOR
133866,7/9/2010,MANIFEST ERROR(S)
133866,8/27/2010,PERMANENTLY FILED 8/3 SENATE RESOLVE 8
133867,4/12/2010,READ THE FIRST TIME - HELD ON SECY'S DESK
133867,4/14/2010,TAKEN UP AND READ THE SECOND TIME
133867,4/14/2010,BEFORE THE SENATE ON FINAL PASSAGE
133867,4/14/2010,AM NO 1 ADOPTED UNAN CONSENT
133867,4/14/2010,...CHANGES TITLE OF LEGISLATION
133867,4/14/2010,HELD IN SECOND READING TO 4/15 CALENDAR
133867,4/15/2010,TAKEN UP IN SECOND READING AND HELD
133867,4/16/2010,TAKEN UP
133867,4/16/2010,BEFORE THE SENATE ON FINAL PASSAGE
133867,4/16/2010,PASSED Y17 N- E1 A2
133867,7/9/2010,10:14 AM 6/3/10 TRANSMITTED TO GOVERNOR
133867,8/27/2010,PERMANENTLY FILED 8/3 SENATE RESOLVE 9
